"TP","LF_PCT","LF","MEAN_RR","VLF_PCT","RMSSD","SDRR","KURT_REL_RR","pNN50","RMSSD_REL_RR","condition"
4031.385328,16.33928283,658.6994506,840.101576,83.01471286,14.46354007,102.892716,8.336713197,1,0.008586893,3
6138.649615,20.61533885,1265.503419,993.5204534,78.98698454,20.29421339,176.243788,-0.016095799,2.866666667,0.011208721,2
2009.181538,26.81812462,538.8248086,756.242809,72.10618878,10.75202809,84.9452092,-0.171243858,0,0.007620823,2
2512.678901,30.33074511,762.1142328,736.8415207,66.76103719,15.16012283,89.80098395,2.240652779,0.133333333,0.01240036,2
1612.675557,56.00574456,903.1909531,799.753761,42.89773964,12.5477609,53.17473317,-0.217049825,0,0.00709097,1
1166.888773,66.81310334,779.634602,780.3814128,31.78966963,11.24540473,43.17299297,0.094925092,0,0.006680008,2
3894.731469,49.02826925,1909.519432,1008.522487,50.72627997,23.20094855,90.88269441,0.391666279,2.333333333,0.011861016,1
8575.77886,23.27262458,1995.808819,738.6445523,75.24214268,21.00416931,186.7325885,1.779627178,3.266666667,0.016614349,2
2078.695674,38.98912425,810.4652389,808.7197062,58.61231789,14.01761169,82.25317861,0.58325598,0.866666667,0.009718787,1
4338.980479,27.96082713,1213.214831,937.9118765,71.91121133,16.88281826,127.5078545,-0.635431715,1.066666667,0.0069844,2
9010.740044,3.594733946,323.9121312,1172.569202,96.38533197,15.78352359,279.4614656,-0.073172307,1.133333333,0.00441731,3
8756.421665,7.897633405,691.5500825,855.366947,91.39825489,17.43947019,236.5995482,0.352181244,1.866666667,0.013734092,1
3098.632107,46.52346477,1441.591017,1036.843296,53.35969704,18.92451392,76.05122435,-0.146303472,0.533333333,0.008455041,1
2893.959015,19.68856193,569.7789127,892.3392825,79.76873069,13.70190151,73.34115964,0.415509692,0,0.007600454,3
2222.822434,33.29606153,740.1123253,773.508609,65.43982801,13.39447569,87.24362361,0.536266253,0.6,0.009247928,1
1616.659331,35.14384373,568.1562288,843.3009336,62.82718329,13.08395145,56.42912237,0.037148164,0.266666667,0.009266091,3
2437.704089,58.93325554,1436.61838,774.6819589,39.9995565,15.00066463,69.58351521,2.12721253,1.333333333,0.008925112,2
3996.574469,45.19656211,1806.314262,991.0579937,54.55939368,21.87379222,91.86079673,-0.001999809,1.333333333,0.011139719,1
5201.833157,16.44304088,855.3395525,657.210361,81.04134541,14.76573279,156.1120768,1.621337759,1.2,0.018610113,2
1984.534692,21.63942802,429.4419562,1055.528496,78.32294116,11.30086476,82.99606177,0.898575715,0,0.004118761,3
2025.376755,27.33395429,553.6155565,827.0442924,71.40772965,11.96641256,68.1812868,0.47658837,0,0.007616128,2
3403.982759,28.3675174,965.6254014,888.2898238,71.23880593,16.09105817,93.09557326,-0.4710714,0.266666667,0.008762101,2
5931.305487,15.50018764,919.36348,1110.488608,84.49348379,18.52545217,135.6473041,1.028308336,0.733333333,0.005695053,3
1141.321022,46.74620616,533.5242778,714.0265848,46.10510912,12.75502214,70.26041166,-0.289178854,0.066666667,0.012803927,2
753.5214821,43.60682972,328.5868296,726.8149085,50.53831494,10.03447814,37.12425313,0.499173801,0,0.008888941,2
2022.776944,35.76617164,723.4698735,779.1991404,63.40472561,13.42377378,85.98502511,2.472986413,0.333333333,0.00911112,2
4599.71826,39.44826627,1814.509107,1028.929259,60.47641521,21.98314877,97.04992557,-0.298218493,2,0.009353489,1
4019.110153,53.18984043,2137.758277,882.0573071,45.91633644,21.50084022,99.27664101,-0.025195397,1.333333333,0.012321571,1
1721.77396,23.90196408,411.5377935,766.2531716,74.98134224,9.774335684,65.52431803,0.282688078,0,0.006389766,1
1006.554302,43.89123521,441.7891161,746.6005451,53.26404765,9.772591659,62.3455922,-0.627165119,0,0.007622013,2
1522.530618,30.45021376,463.6138277,754.6471248,68.14874608,9.953006998,68.96089665,0.085527044,0,0.007040787,2
3630.891597,44.91597749,1630.850452,1019.354584,54.96700392,20.90998186,85.96615377,-0.148814194,1.333333333,0.00963648,1
3660.581229,69.58512039,2547.219856,731.4425649,26.66946655,23.04338969,78.92099668,-0.635930942,2.066666667,0.017390855,1
2135.799547,36.86593921,787.3825626,969.1865139,62.87071805,14.17448038,76.46585427,0.477269719,0.866666667,0.006887667,1
3133.161828,24.65531101,772.4907932,832.1089506,74.4925298,13.66365569,130.4433126,1.156126165,1.066666667,0.00963611,2
1819.41762,47.52968094,864.7633897,762.4536918,47.39986012,16.42125921,60.8333693,-0.377844177,0.066666667,0.013903101,1
3509.74765,34.76839819,1220.283038,962.2229714,64.73623487,17.98689743,174.7733654,-1.020695232,1.4,0.009928903,1
4169.581276,46.61090022,1943.479368,832.2037042,51.23995975,21.42881603,167.1352752,-1.263055366,3.133333333,0.015164113,3
784.1246162,45.89197693,359.850288,788.8900453,50.23938762,10.960742,47.74209918,0.234927944,0,0.008632406,1
1075.418749,55.1321517,592.9014961,748.6547513,35.57668487,14.67607754,42.95602739,-0.24846711,0.066666667,0.013807847,1
2976.368676,42.26190103,1257.869984,986.4682792,57.39018746,18.41191671,85.98744505,0.891446046,1.266666667,0.009187788,3
2265.674434,38.96798276,882.8876228,836.4240846,60.35255284,13.9848644,82.23276775,-0.078131335,0,0.007903695,1
1173.370874,36.01290097,422.5648907,897.0765562,63.15879167,10.2304081,81.75939728,0.031759944,0,0.006111756,3
2766.142032,39.35159975,1088.521141,876.4387229,59.54975741,16.07627117,78.39130877,1.451922893,0.4,0.009691352,2
2611.548294,16.49425391,430.7554068,747.9671326,82.90055928,9.974485177,108.6199845,10.91954327,0.333333333,0.006046973,2
3550.624379,40.94362783,1453.754431,756.8311772,57.41428257,16.85621865,101.0000032,0.128307188,2.2,0.012038208,2
6728.848504,13.86524649,932.9714312,991.3391025,85.79830891,17.79904079,222.8607802,1.456510639,1.933333333,0.01160326,3
6555.370746,9.788172482,641.6509955,1083.946064,90.08807576,15.87091823,232.187127,-0.854215093,1.866666667,0.006655491,3
1806.605925,25.56944037,461.9390247,733.2891053,73.24261078,9.388606069,60.03950089,0.144388585,0,0.006412065,2
1494.671443,57.82763486,864.3331446,791.0720894,41.21609076,12.2174424,51.87986549,-0.095213578,0.266666667,0.00690813,2
3795.434455,30.23125948,1147.407639,914.4555777,69.38351109,17.69475145,102.7541762,-0.293238196,1.2,0.009564059,2
3602.28071,20.16369173,726.3527775,937.5361721,79.67274696,14.21498203,113.4719722,-0.187456855,0.466666667,0.00581228,3
5211.698418,8.094644964,421.8684835,1201.671043,91.21424076,16.20721797,345.4304315,-1.157141424,1.8,0.009639662,2
3090.756625,21.60655463,667.8060188,883.6450765,77.16610835,14.4166667,103.2832551,0.609839594,0.933333333,0.009604641,2
5393.246558,12.94712152,698.2701859,718.5053091,85.15642223,14.87826395,156.6545921,2.976276444,1.933333333,0.013637543,2
5470.768055,11.12078422,608.3923103,847.7591793,88.46498911,13.29189816,365.4871591,-0.096814609,0.6,0.015197547,2
715.9305304,38.61701143,276.4709747,820.2561273,58.35314793,8.597332688,47.09235308,-0.758805387,0,0.006390643,3
2066.712735,44.29879383,915.5288134,668.2972465,53.94742021,11.88258571,64.66621041,2.776742185,0.466666667,0.009116008,2
4442.98264,26.43736254,1174.607428,889.3702314,72.78302924,17.82875958,109.9450133,1.187681542,2.066666667,0.010538517,3
1728.95528,29.74238473,514.2325311,865.1265716,69.30165632,11.86324195,86.34963174,-0.062538913,0,0.007609972,2
4232.654071,10.7348019,454.3670296,1209.530999,89.21275367,14.86262499,298.7136255,-0.757728692,0.6,0.006243935,1
3994.397163,22.38025696,893.956349,956.0342176,77.5206493,15.60975756,119.6579731,-0.127107049,0.266666667,0.006351509,2
1194.373728,50.37727888,601.6929837,695.9167813,47.27889914,9.779912179,47.27393403,0.395320602,0,0.007110387,2
1253.324205,37.86419151,474.5610771,777.0616996,58.6281165,12.66426555,52.68212108,0.848968084,0.4,0.010204223,2
3794.864342,60.14721289,2282.505134,902.6613724,39.04684844,22.63307543,89.68571455,-0.319714863,1.466666667,0.012746843,1
5823.861167,9.758616352,568.3282682,1211.084224,90.1888524,16.84035382,296.4836904,-0.935430005,2.266666667,0.006375198,1
2132.209604,28.70877361,612.1312282,705.8653852,69.90838457,10.48827262,103.450958,13.06903781,0.2,0.007166174,2
985.0918408,32.62609137,321.396964,782.0198487,66.39576126,8.203961388,59.77195897,-0.554884896,0,0.005250203,2
2105.649873,41.99167207,884.1975897,667.6642012,56.26383521,11.7040048,63.98392116,2.979183955,0.466666667,0.008984862,2
2537.653541,29.65000215,752.4143296,806.6751132,69.31406685,13.19142404,68.52247494,-0.302578085,0.266666667,0.007874318,2
2915.516797,15.87315679,462.7845523,749.1711873,83.60632,10.00543393,107.711188,11.22790566,0.333333333,0.006003685,2
5849.222722,15.33857837,897.1876114,992.8010209,84.53466855,16.28542429,206.7615179,1.958351583,1.2,0.009876738,3
3165.373,18.24332912,577.4694142,700.8139834,80.09954721,11.60107782,112.1424776,0.599075159,0.266666667,0.00945948,2
1410.108167,19.76241388,278.6714122,844.3001532,79.37990619,8.87597175,65.05007813,1.317613076,0,0.005464973,2
874.7105241,45.02765767,393.8616604,738.7139631,49.46387095,10.12813633,54.39616095,-0.833007548,0,0.009061301,2
3025.596997,46.13625572,1395.897168,815.5660496,53.23871272,15.02363604,78.85353924,2.438448131,0.066666667,0.007993122,2
5179.553504,14.88252289,770.8482358,1022.524927,84.77820083,16.43997198,187.8614341,0.700715197,1.333333333,0.008798348,3
3363.951252,21.01095869,706.798408,879.7868129,78.74541896,12.7713081,100.5768839,0.410401527,0.133333333,0.005710623,2
2093.456183,41.94031406,878.0020977,700.6739793,47.67241006,18.68262178,73.36814746,1.504652771,2.466666667,0.019805012,2
6800.29453,12.58602746,855.8869372,969.2123768,86.269566,18.35304258,260.5078979,-0.442556291,2.866666667,0.014193933,2
2580.262046,55.95805178,1443.864372,812.1639658,42.15959733,19.16991026,67.59098305,0.114340173,0.4,0.013097217,2
636.4450331,47.59205405,302.8972642,720.4656869,46.71424779,9.525228317,36.60064888,0.93640062,0,0.008622942,2
3206.415368,58.3154976,1869.837077,708.1130097,37.20645964,20.62070458,73.94933358,0.930513624,1.266666667,0.01713014,2
2987.607687,43.33123625,1294.567345,932.8331529,55.9168095,18.41424332,89.6053247,-0.077758006,1,0.010499402,2
2248.163872,26.03045193,585.2072159,880.9738438,73.75895627,11.7266208,62.70149072,-0.26697856,0,0.004689395,2
1343.844448,29.06966497,390.6510789,726.36918,68.58627029,9.51014539,52.67216314,0.332423463,0,0.007409703,2
2331.867988,38.25448427,892.0440727,804.8178104,60.22380224,14.30302202,63.70669666,0.160491717,0.6,0.009091393,2
2600.686183,27.96321264,727.2354072,871.9447576,71.68943355,11.98957238,82.53725636,1.335925443,1,0.006184658,2
1408.539282,27.67086917,389.755062,706.1986414,70.65558963,8.693367123,78.22013348,2.230544846,0,0.006824583,2
2597.569896,25.65002558,666.2773428,842.011406,73.43287218,13.11221444,72.0501903,-0.143578767,0.066666667,0.00787108,3
5772.160242,40.47421204,2336.236376,1034.036257,59.48224642,23.62531685,111.4208595,-0.015432709,3.666666667,0.009137297,2
9279.398481,7.323385614,679.5661335,1128.473591,92.30364655,18.64480937,380.9249176,-0.536877599,2.733333333,0.015637705,3
1037.659143,53.11415518,551.1438876,693.3644122,44.04303964,9.782057114,43.00036793,0.597988631,0,0.007319609,2
6247.402498,13.42056288,838.4365806,932.6790147,86.16411135,17.55838504,214.2421007,0.131129754,1.866666667,0.010058241,3
2950.012056,18.94884951,558.993345,829.9697624,80.55544893,11.87613308,124.1047007,-0.881942243,0.333333333,0.006818683,2
4094.141924,3.262158825,133.5574121,1186.343959,96.57445409,11.36976402,561.8888127,-1.894491818,0.6,0.005150851,2
2285.369852,26.05103711,595.3625485,881.4302848,73.30726913,13.24578426,80.41901552,0.280735545,0.133333333,0.008031913,2
2490.957438,28.77227289,716.7050717,806.435446,70.25543388,12.99741761,69.52451255,-0.336815203,0.133333333,0.007488589,2
1307.363249,44.35694131,579.9063493,574.2396034,52.70690789,8.864414386,52.48313069,1.928950437,0.133333333,0.008714656,3
1822.304628,28.02146997,510.6365442,742.7169808,70.90495911,9.953238417,72.16531099,-0.048156051,0,0.006796127,2
1310.91392,42.20057991,553.2132762,796.472157,51.65563628,14.5767519,63.67027799,-0.358057479,0.066666667,0.012623483,1
2496.568977,27.78048248,693.5589074,807.5791877,71.27071259,13.27661445,68.51735694,-0.2947145,0.266666667,0.007828005,2
2655.00478,47.17266579,1252.436532,897.1305811,52.25993701,16.21145753,84.14190418,0.364486135,0.2,0.008634171,1
2928.703368,42.59413472,1247.455858,802.6260661,55.86289905,16.6378857,77.2117863,0.993825764,1.333333333,0.011293282,2
2367.346919,69.94671118,1655.881312,814.8018321,28.47193654,20.89490825,58.43035984,-0.171651389,0.533333333,0.014062982,2
4508.989538,18.19257041,820.3010966,563.0694473,75.35581217,17.5162584,128.561691,1.547651406,1.466666667,0.025772831,1
2571.311396,14.25542658,366.5514082,730.3925483,84.51111784,9.79493523,73.39496751,5.337335994,0,0.007525818,2
997.0429523,45.07807819,449.4478017,747.7652862,51.68937276,10.2752376,62.77168945,-0.502101767,0,0.007972862,2
1551.594727,30.53494692,473.7786262,764.2440957,67.79457834,10.22931479,56.3734473,1.632339742,0.066666667,0.007175834,1
1031.764571,51.19397627,528.2013098,782.7565836,43.94941439,12.70824685,47.18201324,-0.418839986,0,0.010129015,2
3765.329662,37.86886912,1425.887762,862.7350154,61.01909797,19.71877246,90.42950199,0.853882734,2.933333333,0.013114538,1
3218.702176,68.31837913,2198.965156,724.2181075,28.04365895,22.09545888,74.69520331,-0.528367963,2.066666667,0.016474684,2
2678.256544,37.32721859,999.7186744,799.3660521,61.1348077,14.3888065,64.4590243,-0.070410244,0.6,0.009243349,2
4892.169549,9.143887032,447.334457,1232.558199,90.70212969,14.82936424,324.6269042,-0.96179059,1.133333333,0.006133985,2
6513.062247,13.38667971,871.8827822,937.4913003,85.44229626,18.13803695,260.5873969,-0.253860228,2.8,0.014201219,2
1701.901931,23.71253321,403.5640606,714.4660971,74.48499262,9.691950555,64.59853748,-0.278636141,0,0.007741513,2
2801.234672,63.59700039,1781.501226,703.4331084,32.19357671,19.85932886,67.86531497,1.035231257,0.6,0.016011283,2
1897.58369,34.62319317,657.0040667,799.745502,61.95102965,15.01058578,71.49725341,-0.188486912,0.066666667,0.012171705,1
5611.682481,11.98279887,672.4366247,714.6858798,86.24458677,14.93004014,160.3302084,2.661168385,1.933333333,0.013790484,2
2034.143972,22.48062273,457.288232,616.4199126,75.88255746,8.911727173,72.20817802,5.78215443,0.2,0.007423736,2
2690.325698,60.71421633,1633.410164,837.185454,38.31056864,19.24615896,70.95296604,0.647808915,0.2,0.011780874,3
2805.899188,20.37251907,571.6323471,892.4498206,79.08307599,13.68447129,73.44738584,0.402883356,0,0.007603621,3
2585.91311,45.46069124,1175.573975,835.610696,52.74359002,18.13313333,69.88135187,0.372849095,0.6,0.012320766,1
1759.090218,22.11183588,388.9671422,609.5054239,76.13912868,8.693349695,72.1602314,6.673702073,0.2,0.007589901,2
890.4961105,31.95140217,284.5259935,820.380577,65.76793489,8.766655119,50.37481113,-0.501993896,0,0.006495088,3
1589.044873,38.06529831,604.8746711,851.3226957,59.58419903,13.31336984,52.97365496,0.765381268,0.133333333,0.009137548,2
1807.693946,25.2417484,456.2935577,854.7508812,74.14500149,10.34952453,64.05056183,1.307695304,0,0.005585077,2
2090.987817,43.08319656,900.8643915,693.2501923,44.56225565,18.69467832,72.59142133,1.236538049,2.466666667,0.019915308,2
3759.477233,49.53014292,1862.074447,965.9413563,49.9679414,22.93906236,86.47478488,0.276337932,2.2,0.0126874,1
1961.179897,70.27523781,1378.223837,815.0611959,27.57130585,19.45184386,54.55159421,-0.111779837,0.266666667,0.013357758,2
3961.631389,13.19727433,522.8273623,936.6542149,86.1360402,13.24296426,363.0483974,-0.801679376,1,0.008933595,2
2311.502938,25.93085447,599.3924631,885.1789346,73.43728566,12.98019726,75.51271479,-0.099481791,0,0.007310643,3
3018.607436,29.46550536,889.4479357,666.0205696,61.51689585,17.64472178,122.4016704,-1.050338534,1.466666667,0.021741198,2
2921.277132,37.2183913,1087.252354,795.4657385,61.27904936,15.60848865,77.45967347,0.685672244,0.866666667,0.010579211,2
2769.525861,30.99909732,858.5280172,807.6632705,67.99753614,13.86174362,73.69282794,-0.29149524,0.533333333,0.008200423,2
3765.993132,12.14627751,457.4279768,1014.255073,87.54537727,13.50077288,343.349445,-1.236698673,0.733333333,0.007602384,2
1930.848272,38.58878989,745.0909826,972.1361553,61.15482149,14.11768519,72.04820868,0.493256329,0.933333333,0.00687041,1
2631.6142,16.09076715,423.446913,736.0644734,81.9408694,12.00802401,122.6598702,3.869049633,0,0.009537287,2
3834.272871,23.24769951,891.3802354,766.8494529,75.69477273,13.61668015,169.4355907,3.487953944,0.133333333,0.009164177,3
2684.958445,20.17372034,541.6560081,937.3578666,79.68689731,11.95191688,73.91907629,-0.412464913,0.2,0.005082335,3
1634.992757,34.25242967,560.024744,934.1157528,65.21928038,12.32735163,64.69767285,-0.070316198,0,0.006511095,2
1851.238378,49.57245676,917.7043447,839.0167969,49.87046501,12.99344102,59.92380489,-0.233060705,0,0.006710561,1
5625.576492,21.85299655,1229.357037,647.6583901,76.69828606,15.65255966,137.529487,-0.329824593,1.266666667,0.022254708,2
11461.29102,12.49790319,1432.421056,1018.561729,87.41648779,21.27708077,209.8290734,0.112000876,3.933333333,0.008018227,1
1044.641311,33.14686971,346.2658943,782.958463,63.87988119,10.8980135,57.71792173,0.331052836,0.066666667,0.008723026,1
1242.107761,24.86244479,308.8183563,595.9713237,72.9016695,7.326776666,68.69082045,10.12767264,0.2,0.006729903,2
6540.136721,14.71570082,962.4269531,867.04305,83.88496897,18.07725632,259.9939974,0.698824629,2.8,0.015164587,2
8534.620314,12.45275041,1062.794966,917.5467806,87.32793899,18.72314348,260.5886786,0.385338898,2.866666667,0.009435701,1
2849.424527,33.70638897,960.4381143,881.0945254,66.07000286,13.81078366,83.79174209,-0.385869473,0.2,0.005718602,2
4515.921587,41.66084197,1881.370956,1026.99654,58.22963921,21.21232024,100.1306482,-0.303564004,2.4,0.00892681,2
2526.481607,37.34465499,943.5058394,853.0423722,60.83745393,15.88214364,73.24418204,1.091231465,0.6,0.010268111,2
1112.777504,63.46767462,706.2540056,783.2528444,35.23449474,10.93819572,43.57246687,-0.000568837,0,0.006662596,2
4008.775276,44.01274351,1764.37198,990.4785531,55.72179421,21.0982754,104.6465103,1.109524417,1.266666667,0.010621266,1
1259.624869,36.99442909,465.9910291,970.0398916,62.86906035,10.49946819,81.63194473,-0.368836593,0,0.004743389,2
4676.593451,14.49876871,678.0484682,933.5743882,84.86285379,14.39384071,367.3766891,-0.856306686,1.266666667,0.00873454,2
9090.305406,11.72740359,1066.056802,893.1293372,88.0482814,16.96581689,272.9554091,0.353297131,2.066666667,0.009957299,1
1770.313504,25.56102067,452.5102005,855.4019543,73.85257925,10.42356745,63.13161466,1.403357802,0,0.005716791,2
1698.100383,23.09077536,392.1045448,735.8451153,75.18084792,9.559851527,59.85156896,-0.169084076,0,0.006910778,2
4472.983595,45.06202232,2015.616866,958.2278538,54.58633175,21.06629296,132.5857302,-0.646889019,1.466666667,0.009448743,2
3814.086969,47.73063597,1820.487967,1002.125167,52.02413065,22.21763244,85.27668654,-0.082888078,1.933333333,0.01118514,1
630.3770833,43.43764141,273.820937,713.5809835,49.52551163,9.343135529,35.23265029,0.652337465,0,0.008815263,2
1911.490682,42.2727054,808.0388248,766.5046777,53.0057497,16.18248881,63.05586342,-0.48489311,0,0.013797471,1
1451.923771,26.51467107,384.972812,759.4967008,71.6173184,9.560106295,54.13860285,0.812263911,0.066666667,0.006993091,1
10205.76101,6.841781602,698.2558793,1035.913627,93.05368464,17.95194816,316.8405916,-1.168207023,2.6,0.00797403,2
3537.28864,50.38921201,1782.411873,958.1663184,49.07795029,22.42967304,76.0289538,-0.228386556,1.866666667,0.012633835,1
2504.101408,68.44597192,1713.956546,828.2925422,29.92707563,18.59377737,61.89512245,-0.192156657,0.266666667,0.011295353,3
2147.976567,33.16422664,712.359817,787.2367604,66.10484281,12.10269858,80.1651927,0.400802619,0,0.007156459,1
2079.351574,70.91948728,1474.665475,837.2728135,27.80081991,19.1350264,57.73314341,-0.601063322,0.266666667,0.012062745,3
2226.690988,34.23580959,762.3256868,881.7312459,64.94563157,13.72887151,82.64181553,0.548407918,0.933333333,0.00806542,2
5790.691276,13.69239531,792.8843406,947.9234733,85.37395195,17.48798287,284.9254413,-0.781278129,2.133333333,0.014638291,2
2949.740592,31.15854211,919.0961645,750.8287089,67.93247721,13.08220225,82.05890132,0.697107979,0.4,0.008128397,2
1837.029356,21.23683441,390.1268825,728.5729935,76.88572632,9.990374005,65.97102377,-0.269457215,0.133333333,0.00790172,2
3620.493697,27.06085403,979.7365143,840.9757542,72.22603319,14.9388982,131.1846924,1.428948309,1.8,0.010061627,2
3178.521932,25.40135927,807.3877755,680.0734532,73.28816285,11.97003181,99.7583431,1.995849092,0.4,0.00907918,2
3733.673413,18.45629224,689.0976765,737.4808163,79.66850472,14.17270941,119.6669523,6.096583012,0.666666667,0.013306694,2
1227.671622,52.28508304,641.8891272,747.6620116,39.25945781,14.54104962,45.5988992,-0.344910609,0.133333333,0.013544615,1
9434.834761,8.098738289,764.1025753,940.3391829,91.2260788,18.10735803,333.3284211,0.359329693,2.133333333,0.012627832,1
431.9118349,44.90050807,193.9306083,783.0196406,50.49759887,7.404448145,44.86346741,1.376686116,0,0.006237315,2
5938.202658,14.09982126,837.275961,833.8889848,84.67953747,16.75842018,260.0916227,0.367535933,1.266666667,0.015651623,1
2755.334705,24.33564089,670.5283592,884.3012585,75.28959318,12.9240819,98.21909666,0.413655374,0.133333333,0.006148753,2
2181.3036,41.66759682,908.8967895,700.1555464,46.44778885,18.90468687,74.90060867,1.274128931,2.466666667,0.020279101,2
8570.760542,21.18391144,1815.622323,740.5827857,77.46416455,20.64246648,183.8559866,2.010888155,3.066666667,0.015979584,2
2306.021703,44.64919598,1029.62015,672.7058831,53.81724327,12.30106369,66.34924381,2.419649079,0.533333333,0.009245989,2
808.1265868,35.43055168,286.323708,728.3565317,59.83391213,9.643099612,43.72644589,-0.104837938,0,0.008809146,2
3122.914873,22.82183639,712.7065228,729.6069785,76.19519619,11.90782083,89.88021956,-0.100498859,0.2,0.008329167,2
3171.868945,25.82325142,819.0796925,1004.613443,73.96307542,14.99442708,98.39012382,1.710760636,0.4,0.007102323,3
5197.941895,20.87542556,1085.092491,895.3361969,77.54188885,18.87962168,235.6365194,-0.556926618,3,0.013719756,3
1395.798647,39.24401949,547.7674929,763.5805835,57.21702714,12.71248706,57.90570814,0.086882937,0.466666667,0.010367706,2
4004.734677,30.16315779,1207.95444,1078.240159,69.81475505,18.08524926,92.28730757,-0.221423815,0.733333333,0.006649897,1
1174.224891,52.18063477,612.7180017,698.1687639,45.3297236,10.0448265,46.49343721,0.415203103,0,0.007386051,2
4702.900631,16.95551761,797.4011446,825.3107867,82.21486969,15.1279377,116.4643656,5.812091335,1.266666667,0.010623115,3
4962.87266,44.7649969,2221.629792,1046.207206,55.14306808,22.94319428,99.15864747,-0.430990081,3.133333333,0.009170544,2
917.8775032,52.79541053,484.597196,692.6896059,44.1361428,9.126681157,38.92741868,0.66381186,0,0.007027235,2
3955.122302,73.97456959,2925.7847,783.4320835,23.03342311,25.72675903,79.78696124,-0.626993216,3.666666667,0.01791518,1
5522.892258,17.52643619,967.9661873,933.3694579,82.34234933,16.97036481,124.6870103,1.068595404,0.6,0.007543601,3
4738.502679,13.38943453,634.4587139,929.4871947,86.08045042,14.16119053,370.16091,-0.868451662,1.266666667,0.008922133,2
1463.327623,28.89138437,422.7756082,722.1414361,69.07249403,9.527961297,50.53798368,-0.216969695,0,0.007238781,2
3431.294073,43.79931692,1502.883366,1042.612692,56.06297108,19.99613302,93.74693978,-0.717268267,1.533333333,0.009589638,1
3279.61835,58.71836952,1925.738422,831.064756,40.04367879,21.69755542,86.8595406,0.523154616,1.2,0.014019492,1
2884.494507,46.01281544,1327.237134,983.5245161,53.68182505,18.86023454,84.06179381,0.986964854,1.266666667,0.009459023,3
1135.402059,42.98427906,488.0443895,861.091274,55.35411432,12.99820637,55.87335169,-0.076307159,0,0.008835253,2
3284.52499,30.35747198,997.0987535,741.8050681,68.64254414,13.97979019,91.97966108,0.173391066,0.6,0.009000749,2
1204.020577,27.40074867,329.9106523,768.4703667,71.00083936,8.851007447,50.379727,0.648558015,0.066666667,0.006128343,1
3050.510426,22.44991498,684.836997,759.4503728,77.05752353,11.8205787,104.6767064,-0.615045234,0.066666667,0.007118045,1
1936.0526,24.40021036,472.4009072,712.3069437,74.3104489,9.476261872,85.23179452,1.371642137,0,0.007056944,2
537.561974,40.16262891,215.8990208,780.872555,55.98394712,7.588144407,46.99702723,3.801140975,0,0.006215138,2
712.8507134,41.09056116,292.9143584,729.167785,52.81713987,10.14617963,36.6131826,0.879352483,0,0.009180571,2
691.8769658,39.35765327,272.3065372,823.4031353,57.59412209,8.595518244,49.15380137,-0.76456379,0,0.00638998,3
4358.350787,35.81713733,1561.036487,901.0654214,63.76704207,18.07412727,111.6838509,0.685527737,2.533333333,0.009105352,3
1392.183894,59.04490933,822.0137181,598.8774903,37.40701599,11.26316364,85.75331778,0.973375825,0.2,0.009807086,3
1690.004288,40.9325911,691.7625447,868.4168837,58.53565915,11.79990525,61.14771197,0.614234755,0,0.006149196,3
1082.2045,43.51969941,470.9721454,742.3207326,52.90422894,10.56821777,62.12085131,-0.51411144,0,0.008372197,2
4085.646728,13.84771801,565.7688378,826.0082458,84.93777262,15.72161036,250.705851,0.350741959,1.8,0.011618879,1
659.2193131,43.20527396,284.8175102,716.6937345,50.41879174,9.299878257,34.01584951,0.799848466,0,0.008456307,2
2934.776696,55.52736876,1629.604278,835.3120808,43.93189756,16.28908043,85.99065005,0.170944754,0.133333333,0.008087509,1
2665.068929,24.45978557,651.8701453,744.4352059,71.6488192,15.70999444,151.1005363,-0.059555576,1.266666667,0.018577549,2
7713.388457,9.716033982,749.4354436,975.3781085,89.57549386,17.2096975,383.5823803,-0.407525108,1.6,0.012200658,1
7673.858157,13.72737938,1053.419623,821.0538599,85.10800014,17.71420912,188.256844,-0.325637586,1.8,0.012772474,1
2343.341755,33.45193508,783.8931626,768.7767251,65.69124545,12.15461769,75.80936659,-0.325582845,0.2,0.007414164,1
3739.379547,4.113039723,153.8021661,992.5715974,95.65201182,10.1554976,522.8658306,-1.434222303,0.4,0.005707469,2
7158.860973,11.68168544,836.2756199,907.0184332,87.12540765,18.23706627,316.9188966,-1.059944998,2.666666667,0.01450062,2
2848.127478,27.91181852,794.9641729,890.028378,71.97309581,13.04454966,77.13442623,-0.360705446,0.133333333,0.005015389,2
7791.231575,9.695885123,755.4288632,1059.463609,90.15987803,18.27623943,324.6534872,-0.907836467,2.066666667,0.008927336,3
3738.991511,30.48595587,1139.867302,914.7301584,69.15224316,17.65956246,105.1831198,-0.163391161,1.066666667,0.009457114,2
2198.927399,24.6305036,541.606892,836.4612053,74.26169011,11.96891736,62.01452951,-0.034014403,0.2,0.007511324,3
3704.476713,22.24234816,823.9626079,796.6441872,77.39436021,13.29178151,115.9941916,-0.904819553,0.133333333,0.007528759,1
2221.851589,35.41402795,786.8471426,799.2521447,62.17223593,15.31107925,69.38968648,-0.259699885,0.4,0.011157044,2
2602.662476,25.11924937,653.7692775,845.9537262,73.98582574,13.04247707,70.80246743,-0.067136505,0.066666667,0.007775698,3
4401.666045,68.85553721,3030.790802,758.4313477,27.46636123,25.87694284,83.35489569,-0.501995065,4.933333333,0.019034088,1
667.2384849,45.3531567,302.6137156,719.0385869,48.87331483,9.541431623,38.03600506,1.012012536,0,0.008687688,2
983.7561646,39.01737158,383.8357982,794.0009585,58.58097355,10.79883311,44.38507064,0.134684635,0.266666667,0.007904433,1
3352.74443,57.35145353,1922.847664,712.495012,39.30045287,20.3884647,78.51302757,0.944179813,1.133333333,0.016053425,2
6646.905564,27.35259113,1818.100902,995.7446268,72.36318054,22.3114086,261.2334253,5.803493143,3.933333333,0.01127334,3
8974.267481,6.311442184,566.4057035,1121.239367,93.30747213,18.30251486,382.0671016,-0.614307081,2.533333333,0.015475561,3
4352.861719,20.29786788,883.5381206,1056.698511,79.63175741,16.50261707,157.5453076,-0.852373704,0.933333333,0.00588648,3
1070.841347,31.90441091,341.6456234,835.519159,66.37815042,9.612921318,48.950818,-0.274832146,0,0.006652613,3
3058.271603,23.85469802,729.5414555,730.1454567,75.25508419,12.01675439,90.39112553,-0.135049335,0.2,0.008244373,2
3776.592258,42.59354742,1608.584614,1023.390999,57.3025814,21.39375134,83.90551698,-0.181888987,1.6,0.009735495,1
1941.0012,22.99510652,446.3352935,732.3466789,75.67520783,10.19128631,60.35809939,-0.089733093,0,0.007347087,2
4387.473838,38.96161222,1709.430543,1007.702788,60.90827537,21.17112213,91.31842511,-0.259049632,2.066666667,0.009308634,2
3570.939319,17.78379256,635.0484408,946.1466931,82.14989465,13.29148217,91.35551977,-0.1200196,0,0.004536819,1
1588.575083,44.65966133,709.4522518,841.1224408,53.41272259,13.57682028,53.75434831,1.903266964,0.266666667,0.009033475,2
5225.887844,29.65260856,1549.612066,1075.473647,70.32859718,20.5175983,101.9878162,0.069029304,2.133333333,0.007807374,1
719.8230762,40.00504566,287.9655503,717.7248135,54.5279893,9.182302517,34.70376111,0.473474399,0,0.008174447,2
2362.686449,50.54851274,1194.302861,837.5032304,49.08232034,14.57544788,66.82080889,0.11413472,0.2,0.007305419,1
5489.700831,16.15332497,886.7692149,627.1914756,80.08429535,16.58606593,136.7994178,4.423563788,2.266666667,0.021573614,2
2384.753442,22.82482074,544.3156982,840.2802356,75.5136319,14.42508195,73.72245819,2.088634891,0.666666667,0.010792665,3
707.9737518,41.70374867,295.2515941,729.7876657,52.14291683,10.04748082,38.65718603,0.232898625,0,0.00950185,2
1415.166851,37.46144697,530.1419793,765.9474113,59.15974754,12.55028584,56.39187225,0.161734731,0.466666667,0.010071819,2
2413.398666,44.9745785,1085.415878,734.8007786,51.8432155,15.32676987,85.48838193,6.128430563,1.2,0.013542579,2
2966.430253,39.68183396,1177.133928,802.353897,58.77997888,16.33478502,76.91670071,0.99363922,1.266666667,0.011116907,2
3382.947509,43.8554093,1483.605477,802.2810529,54.24533316,19.27569238,101.4389734,-0.036609036,3.066666667,0.013555555,2
3594.750799,29.43691632,1058.183785,1093.150019,70.54710977,17.51564224,89.40444894,0.122496463,1.2,0.006525659,1
2893.22378,28.66302229,829.2853771,748.5467414,70.44600515,12.61096277,90.82741617,0.095680461,0.2,0.008176523,2
5462.776237,19.55580383,1068.289805,894.1356643,79.65055843,17.18910799,183.7111731,1.680096285,1.666666667,0.010201556,3
3091.512642,33.01006634,1020.510374,833.140652,66.56802063,14.56134669,113.4640587,-0.888351145,0.133333333,0.007861235,1
1847.158789,56.03702055,1035.09275,812.2375635,41.76347235,17.28148975,53.25047395,0.075275853,0.066666667,0.012206186,2
1776.744088,47.70144806,847.5326585,761.8049454,47.19208441,16.2972729,59.96479528,-0.307836766,0.066666667,0.013921824,1
1890.121456,23.11330964,436.8696248,778.3851553,76.22623889,9.787552361,81.54726355,-0.831774605,0,0.005794215,2
1540.368385,26.23935803,404.1827754,705.584809,72.21648217,8.736198707,78.70252511,2.099756439,0,0.006881816,2
5524.497519,8.711767015,481.2813526,841.9154103,90.71267753,15.25526616,269.8608964,2.742871554,1.2,0.014170169,2
6587.673494,12.35504791,813.9102161,943.4573816,87.56010245,15.49463317,155.9872335,1.297279299,1.066666667,0.005899158,3
1802.792338,20.58000071,371.014676,617.0089389,77.50910071,8.965824007,72.35819814,5.638949142,0.2,0.007550305,2
2368.281952,26.27008216,622.1496143,878.5358141,73.04887079,13.6193935,78.6485193,0.106844534,0.466666667,0.008125567,2
2120.873578,19.69516454,417.7095409,921.9034883,80.08690593,10.78965222,66.26645946,-0.304293318,0,0.004968531,2
3584.809255,35.94655163,1288.61531,942.06897,63.60210113,17.38591232,172.5300586,-1.311661257,0.6,0.008790541,3
5648.574355,30.8895792,1744.820849,687.3119886,65.60925859,21.76099857,130.7548665,0.552420237,4.066666667,0.019160275,2
2944.759649,65.58661794,1931.36826,676.8873722,30.69962124,19.21711621,77.08124442,0.504537565,1.066666667,0.016711999,2
1542.992674,37.94201459,585.4425056,839.9088134,61.43048556,11.00825953,65.1014191,0.822149087,0.4,0.006540685,1
1272.76017,54.7669604,697.0520586,788.3777467,44.06115901,11.01609182,52.67456437,-0.49329149,0,0.006542984,3
1498.516797,60.30422577,903.6689524,787.2453071,38.56128602,12.09098492,51.0386406,-0.191005592,0,0.006547702,2
1714.77769,22.7120764,389.461619,732.1845246,75.52703382,9.701506165,62.57597016,-0.047982914,0.133333333,0.007792072,2
3016.017677,28.15236157,849.0802014,678.3638464,66.10708902,16.5395714,129.4187028,-0.140084175,1.533333333,0.021041277,2
5514.974512,11.18440315,616.8169831,739.7337128,88.50382216,11.34768079,242.4970102,-0.875677929,0.933333333,0.006847515,2
1851.078709,27.96285031,517.6143684,836.3999495,69.83810628,14.1913581,62.13406615,2.454857411,0.4,0.010653854,3
3450.748884,20.42335781,704.7587916,728.4987264,78.14849661,12.42697959,118.0580759,0.263814239,0.266666667,0.009569613,2
1617.185798,24.1954737,391.2857643,772.1682081,74.31842404,9.596488222,55.64048024,-0.073595064,0,0.006908603,1
4712.593131,8.472317257,399.2658411,1259.945075,91.47776572,14.29438285,293.7184236,-0.710796752,1,0.004461082,2
5494.99216,15.36878531,844.5135479,827.3089351,83.8897855,15.0770055,116.8348581,5.653188064,1.266666667,0.01033471,3
1556.803144,28.37135946,441.686216,715.7876026,69.9127329,9.536968504,59.67508555,-0.019329699,0,0.007117207,2
3606.989201,35.32327999,1274.106895,705.2093153,61.07239612,17.42392869,81.70136774,7.106587978,2.066666667,0.015668071,2
1773.495823,26.51856054,470.3055634,1092.377789,73.47528932,11.65437208,73.76241245,0.62395769,0,0.003995271,3
954.5605999,39.9761127,381.5962212,775.1658643,56.85518435,10.99320607,52.18065953,-0.009082959,0.066666667,0.008754513,2
2072.248542,39.92901597,827.4284513,968.8584152,59.82136287,14.3376259,72.15558193,0.420916941,0.933333333,0.00688879,1
3978.968783,19.68855011,783.4012629,735.3521433,76.99229971,15.63643296,127.9301494,4.527820613,0.933333333,0.015717197,2
2216.195904,55.71856095,1234.832466,702.9208918,38.86171548,16.72908421,69.40970906,3.330913874,1.466666667,0.014845082,2
2554.682138,24.74000994,632.0286148,840.0861709,74.02707982,13.34066244,67.23967496,-0.142985218,0.266666667,0.008626536,3
3299.103129,33.84146684,1116.464891,895.6902632,65.69473384,16.73652873,94.59968863,-0.435533806,0.733333333,0.009500695,2
6353.165937,25.73400575,1634.924087,787.0723524,72.47737216,20.15952738,206.8749771,1.086334272,2.666666667,0.015254332,3
3039.343223,23.95533779,728.0849359,799.8521334,75.34976911,13.81746458,158.8457431,9.810240596,0.733333333,0.009398457,2
2959.862204,25.58022212,757.1393262,899.4039118,74.34277812,12.95967661,74.27653401,-0.327242938,0.133333333,0.00475364,2
2407.970347,50.31083376,1211.469958,836.9123481,49.3184119,14.5588677,66.3412882,0.148713511,0.2,0.00729601,1
4066.394807,44.40518037,1805.689949,984.1367086,55.41504185,21.17214127,115.0658468,-0.09994015,1.466666667,0.010253921,1
1664.940161,23.29157234,387.790742,766.4713461,75.44970103,9.617773278,64.5729868,0.40650192,0,0.006286041,1
8024.912073,10.47575641,840.6702407,922.1549417,89.34652032,16.44423712,217.5334249,2.576416541,1.733333333,0.007806922,2
1889.214206,21.46445231,405.5094824,727.2642828,77.00326801,9.503883265,65.64781243,-0.229998082,0,0.007434736,2
4195.325325,42.9845634,1803.342274,1017.209997,56.85975313,21.32266866,98.22005564,-0.346016629,1.8,0.009502993,2
2174.123661,56.45536448,1227.409437,792.583699,41.6298503,16.1278922,69.41558145,0.071810482,1.6,0.010669457,2
3310.780377,38.41559523,1271.855989,960.7672766,61.23722831,18.37378329,96.43301749,0.486026788,1.4,0.009443222,3
1453.999549,44.47222875,646.6260055,836.3026649,54.00536475,12.90173939,62.18640265,1.807116421,0,0.008294859,2
1617.981274,28.54672096,461.8805995,744.7201273,70.28861182,9.567810218,58.41301018,-0.398868379,0,0.00636232,1
3068.666655,65.19060579,2000.482382,697.4404676,30.9557079,20.03363288,70.28539185,-0.345072866,1.066666667,0.016272897,2
3194.316385,36.47928592,1165.263807,799.8069625,60.51491831,17.6973029,154.0625651,-1.347127394,2.066666667,0.014996335,2
2464.08842,66.91999562,1648.967863,827.701254,31.54366957,18.64866409,62.26578097,-0.235513785,0.333333333,0.011356341,3
1854.788493,24.84527489,460.8272998,749.0890406,73.97049356,10.17836251,82.3196757,-0.403951166,0,0.007272417,2
9160.866536,9.510897616,871.280637,1068.458701,90.24908885,19.58697692,319.9933519,-0.869028558,2.8,0.009626816,3
4431.914964,46.99658992,2082.848901,1018.65716,52.86574862,22.22160068,94.81986837,-0.324754487,2.6,0.009937046,2
2909.247734,43.26803664,1258.774376,823.166949,55.70564649,15.51729121,106.0891605,-0.334735389,1.533333333,0.009558051,2
2453.950776,30.60003378,750.9097663,806.9460262,68.3903799,13.03117193,69.43397104,-0.326011387,0.133333333,0.007487555,2
2535.659491,23.19626737,588.1783553,784.0290657,76.1357682,11.22256196,72.56054151,-0.202626692,0,0.006591303,2
2358.112858,55.02839178,1297.631582,707.1661703,39.13308449,17.48200688,72.74501589,2.763613863,1.8,0.015808334,2
3366.615392,30.40282083,1023.546046,880.0929931,69.06767555,15.85252837,90.1737677,-0.48975796,0.2,0.008750417,2
1670.052827,22.91035915,382.6151008,890.1390001,76.52095346,10.18450738,67.59568835,0.19500665,0,0.005416966,2
1869.196356,32.99516531,616.7444276,811.6734278,63.52553671,14.72867968,61.66640904,-0.252733011,0.066666667,0.011721616,1
2900.816336,26.51076515,769.0286063,881.207944,72.90687541,14.01251419,94.84569861,-0.363118693,0.2,0.007684721,3
1864.337193,25.600253,477.2750381,747.3261294,73.29880645,10.32617028,85.19645355,-0.503020749,0,0.007539788,2
2138.139554,36.06412319,771.1012826,784.4126862,62.85613967,12.44154041,70.96484132,-0.332531405,0,0.007641712,1
2068.344232,32.56172412,673.4885425,759.0481035,66.44840759,11.66687301,72.11962942,0.00407452,0,0.007273444,1
1928.30103,63.23405156,1219.342867,834.0121392,36.11033284,14.69709085,59.33049767,-0.43338523,0,0.00768438,1
1751.570924,41.23561323,722.2710114,926.9669379,58.25610637,13.30820531,95.41378315,0.70231612,0.066666667,0.007022722,2
4531.301963,36.20588005,1640.597753,1039.068105,63.70487373,21.07159018,114.0008775,-0.264037745,2.333333333,0.00853001,1
2407.89233,21.50805562,517.8908215,954.6489122,78.39602701,11.56022011,64.01533697,-0.205229998,0.2,0.004864682,3
3514.499556,7.784482876,273.5856161,782.2828387,91.60105015,10.24668508,396.4948511,1.77044482,0.4,0.007092454,2
1339.290704,54.19109889,725.7763498,760.5658828,44.49328952,11.40495165,53.30318847,-0.446093401,0.066666667,0.007121703,3
1424.044039,58.54187197,833.6620379,792.1833652,39.61556025,13.0178269,49.62509707,0.466461989,0.333333333,0.008243491,2
4936.281226,21.47661354,1060.146042,816.5205542,76.25312873,18.3235415,263.9551913,1.320857366,2.733333333,0.016295837,2
4083.726226,34.44627301,1406.691485,809.9784184,64.62998011,16.00435034,138.9359472,0.116478071,2.066666667,0.011000968,2
1664.79851,40.56656198,675.3515194,832.4771541,56.61209233,14.02808047,73.47903371,0.433385212,0,0.010092507,3
1190.501065,35.79268752,426.1123262,785.5168732,60.91700896,11.74280311,55.29265007,-0.185114729,0,0.009501673,1
5048.466817,20.6890709,1044.480879,926.5744116,79.1108827,15.89935077,147.0249402,0.718604926,0.933333333,0.007920631,2
3038.352046,25.10338678,762.729266,859.7603103,73.54091239,15.40699031,72.79280951,2.206834385,0.8,0.010257744,2
1910.822832,62.93370069,1202.551522,831.9494121,36.47073679,14.44811716,58.8727727,-0.479766814,0,0.007645409,1
1100.480579,35.45364393,390.1604659,779.7808413,61.80752909,11.38053963,56.77256421,0.391154968,0.266666667,0.008962619,1
6351.053759,17.29701167,1098.54251,792.1683825,80.70063944,18.4959302,268.0504854,-0.267143194,2.666666667,0.017657816,2
1391.781041,57.18630871,795.9082024,782.5672225,41.78562929,11.32509176,49.94643325,-0.312919842,0,0.006367352,2
1495.05513,22.4664138,335.885272,890.8447258,76.89301199,9.910904452,66.00866674,0.204728872,0,0.005395231,2
1572.95936,28.74510389,452.148802,749.5950984,69.87221865,10.03768434,72.67710043,-0.186799439,0,0.007167359,2
6308.644459,15.59811468,984.0295978,678.7968429,82.83234004,17.10480828,151.8595134,-0.469757155,1.533333333,0.01622747,2
2558.656308,20.14663018,515.4830238,937.5886693,79.71151515,11.51139124,71.98105078,-0.296299276,0.2,0.005011515,3
4596.308651,24.81466298,1140.558501,938.0594017,75.06348763,16.15223981,121.0896781,-0.479645329,0.733333333,0.006597547,2
1538.988313,26.08469948,401.4404765,663.729279,71.67801993,9.357427729,50.12621324,3.897669821,0.2,0.008308308,2
6698.730474,13.39643681,897.3911953,945.4312445,86.53519261,16.91147771,161.8067205,0.951753005,1.666666667,0.006603607,3
2944.000102,27.9297392,822.2515503,900.598653,71.42378518,14.10142048,103.3273517,-0.198109205,0.6,0.007961302,3
3384.969571,67.64755597,2289.849185,723.1091509,28.83447914,21.85637717,73.94308858,-0.498026916,2,0.016509321,2
2574.736582,16.28296219,419.2433841,925.4630223,83.54341117,11.18064556,70.61780016,0.092542287,0,0.00493166,2
3636.811271,32.89708031,1196.404724,705.1678927,63.49032024,17.30172169,81.7598098,7.080672982,2.066666667,0.015526729,2
6024.061059,17.74715451,1069.099424,829.204361,80.33266201,17.27067605,386.2387269,-0.09271786,2.2,0.01566696,2
1863.86893,28.07625523,523.3045979,800.6692085,70.89341071,11.51175665,70.83066455,0.636982964,0,0.007161248,1
1110.550676,51.4704246,571.6051485,740.6372368,43.16053833,11.97807318,72.08775317,-0.255210181,0.066666667,0.010699095,2
1913.851945,26.2722519,502.8120039,861.6216735,72.63808699,11.73154914,84.34957517,0.006612156,0,0.007560327,2
2743.585557,29.49503523,809.2215265,711.7194487,65.46961936,15.35841939,127.7127934,0.138604791,1.2,0.018486849,2
2617.377467,30.42612008,796.3664111,863.9507217,69.33318431,12.57791164,101.2631287,-0.811073026,0.2,0.005304079,2
4790.048664,21.01081712,1006.428365,1035.308867,78.92012118,17.31322704,174.5886162,-0.964078064,0.8,0.006934297,1
3098.479813,30.51232003,945.4180764,821.2790541,68.93774099,14.05314653,110.0167096,-0.613194043,0.133333333,0.008054995,1
1257.469983,42.38342414,532.9588364,774.4050596,50.59903098,14.67913612,60.97714072,0.380599516,0.066666667,0.01316385,1
2319.482073,37.01722925,858.6079964,940.1048979,62.58840941,14.88030167,91.00793938,1.551480186,0.6,0.008006676,3
6769.681491,17.7285857,1200.168785,918.7974787,82.18008344,16.78594147,155.795098,0.275808956,1.533333333,0.007493059,2
2254.632846,35.73720202,805.7426949,869.0042497,63.60683936,13.35289734,83.95013145,2.171241355,0.266666667,0.007413222,3
2858.093705,60.85836096,1739.388984,672.8147869,34.75151143,18.90609464,76.45679499,0.743617457,1.066666667,0.016837558,2
725.2700017,43.41748485,314.8939931,726.1665226,50.92057959,10.02809851,37.46231853,0.393623531,0,0.008869204,2
3812.23818,27.18599374,1036.394833,894.9569577,72.4341198,15.49558928,136.9605428,-0.869331021,0.4,0.007666262,2
6384.955291,13.27174106,847.3947329,937.9643358,85.48326637,18.13859329,260.6473084,-0.260155853,2.8,0.014200804,2
1013.157374,44.90474171,454.9557018,900.211285,54.16142233,10.23038449,79.88356427,0.278817599,0,0.00600267,3
1190.470859,43.38756534,516.5163217,930.9103267,56.10770196,10.8944745,73.70641468,-0.149849844,0.2,0.005944337,3
5512.393941,9.343151997,515.0313446,830.7203101,88.94018758,16.17934589,291.2380266,1.687672042,1.533333333,0.017956341,2
2085.603528,24.82774795,517.8083872,927.8837861,74.82544094,12.15196205,64.92492273,-0.034365629,0.133333333,0.006154545,2
2491.735731,57.79967417,1440.215134,809.0311545,40.07297247,19.11260931,67.99221551,-0.016497338,0.4,0.013159557,2
2525.957238,39.59352324,1000.115466,875.1117678,59.18473384,15.76779168,76.98883854,1.549429491,0.4,0.009570742,2
2795.076019,57.70044595,1612.771327,803.6934563,39.98066125,20.21303151,74.60775611,-0.20085075,1.066666667,0.014008002,2
1778.419459,25.20729344,448.2914115,709.0917444,73.33532879,9.176261747,82.52246181,1.692145462,0,0.007097494,2
9460.631221,7.430481212,702.9704254,1099.9601,92.35891399,18.64144171,298.5069892,-0.584572631,2.466666667,0.008952255,3
8945.684534,11.33164825,1013.693505,902.793616,88.43179718,17.09205523,267.926788,0.35812346,2.066666667,0.009899419,1
2028.729524,34.6274385,702.4970683,864.5163663,64.19769279,14.11483493,61.57604653,0.263203057,0.533333333,0.008935072,2
6025.963811,13.40458182,807.7552497,966.3231138,85.70789984,17.42360553,289.6865415,-0.717726311,2.133333333,0.014449471,2
1341.322881,59.73033562,801.1766584,794.5377404,39.12239702,11.90199795,50.3795731,-0.07254571,0.133333333,0.006657336,2
2546.968871,42.67605013,1086.945712,975.754038,57.13406256,15.58195904,85.77004264,-0.125672787,0.4,0.00726113,2
2094.754546,13.02968153,272.9398462,692.9926178,86.21430259,8.161713209,226.4702947,0.607500182,0.266666667,0.006652204,2
1066.880426,54.30423361,579.3612389,781.8611262,41.18652384,12.62858612,46.97915159,-0.393031219,0,0.010127776,2
4827.545844,6.231085323,300.8085005,1077.233292,93.57624457,13.48437332,349.8993854,-1.508364735,0.733333333,0.007163653,2
531.1405462,45.08407098,239.4597808,764.3669982,51.55156945,7.615847414,63.14514437,-0.071132829,0,0.006306256,2
666.3833089,43.32177624,288.689086,716.9593518,50.36505112,9.281044544,34.04818807,0.774694839,0,0.008485053,2
2643.415114,23.96521408,633.5000913,907.220176,75.97740031,11.88370707,65.46677565,-0.469548955,0,0.00400562,2
3620.585432,51.66490534,1870.572036,967.67232,47.7710271,22.85147231,87.5575878,0.203058686,2.2,0.012633574,1
2354.975364,42.80762337,1008.108984,672.958067,55.63705878,12.20670466,66.379186,2.414319787,0.533333333,0.009031409,2
3275.030988,39.88348998,1306.196656,936.9506472,59.55101858,19.49565661,71.42751748,0.396708541,0.866666667,0.011098395,1
684.6271319,45.66863691,312.6598791,718.0132141,48.73459006,9.592857081,38.24573762,0.944861776,0,0.008923434,2
4489.936415,13.79409238,619.3459769,934.4780328,85.84689267,13.62572483,366.3442105,-0.85436543,1.133333333,0.007220438,2
1301.085819,35.99855418,468.3720834,834.1891245,62.18809819,12.2915899,66.35495048,0.300487342,0,0.008565023,2
3474.933511,31.68350818,1100.980843,911.0185471,67.93869788,16.59465347,95.48519609,-0.173687779,0.733333333,0.009277268,2
1907.924925,45.48169549,867.7566046,802.0410495,52.53633388,13.77591262,73.41806571,0.266432653,0.4,0.009114265,1
2181.217097,34.90490311,761.3517142,970.425124,64.88556998,14.02449458,76.77641523,0.466916497,0.866666667,0.006801587,1
2706.23793,41.30011454,1117.679365,658.5923047,56.69492831,13.44153595,84.73408843,1.486435871,1.066666667,0.011671109,2
4293.516832,38.29804359,1644.332948,1061.921593,61.66352568,20.73149906,109.9808843,1.048993232,1.133333333,0.008702457,3
3766.525716,58.41180493,2200.095654,902.4946866,40.8143521,22.68264874,89.55446434,-0.307997602,1.533333333,0.012802324,1
5928.814422,8.670610412,514.0644006,952.7450222,90.68152373,15.01369416,368.2085301,-1.180924463,1.533333333,0.013769707,1
2080.649399,59.92190448,1246.764745,762.5353971,38.85490577,14.13030634,64.03277757,2.673279917,1.066666667,0.008706825,2
3261.021185,15.75316182,513.7139443,815.4080248,83.30132623,11.72841632,81.07157823,0.83302919,0,0.007389989,2
1996.531373,22.5657033,450.5313458,743.3019984,76.32569004,10.28602148,87.53928792,-0.558503602,0,0.007511766,2
666.2000152,39.81905164,265.2745281,820.9686196,57.47621045,8.382252238,46.66212682,-0.73035286,0,0.006208143,3
2777.092148,45.54791672,1264.907619,804.9169569,53.48706801,15.12020396,80.48069682,3.18461845,0.133333333,0.008659044,2
2397.073165,27.58982984,661.3484076,901.1725433,71.92853543,13.66817697,89.61820294,-0.352175846,0.333333333,0.007595489,3
2071.875729,42.35495824,877.5420997,809.9201992,55.35359221,14.67218684,77.18283701,1.182413187,0.866666667,0.010235076,1
1446.812697,57.69640678,834.7589393,790.1497417,41.03987782,12.00088045,52.56605018,-0.250269943,0.133333333,0.006730271,2
2437.402102,44.06082671,1073.939516,870.6257108,54.34534203,17.00243226,68.91951744,2.59376579,0.733333333,0.010889408,2
1208.04237,48.53019553,586.265324,869.3552777,49.9011345,13.4348549,59.30181925,-0.03075297,0,0.008930971,2
8403.545509,11.26291887,946.4845128,908.1697628,88.46589259,17.72439267,216.4332407,2.914732453,2.4,0.009038083,2
4397.446963,47.56261132,2091.540607,1020.055282,52.30084183,22.43555198,95.63346373,-0.346684377,2.733333333,0.010010693,2
1718.399389,23.13793283,397.6020964,721.9130479,75.28029894,9.707226461,61.60842716,-0.183280209,0,0.007463834,2
3672.184998,20.83613996,765.1416058,801.2341134,78.14268095,13.51883302,175.9751953,1.606372336,0.133333333,0.00876905,3
2088.004911,32.01635271,668.503017,862.9902718,66.85097524,13.89555587,62.64865183,0.377206573,0.533333333,0.008661334,2
3066.360225,29.77263306,912.9361782,811.1509706,69.69551813,13.35957682,104.7530744,-0.270205309,0,0.007575707,1
4624.505272,70.42454667,3256.786874,764.231397,27.05624536,25.31474856,87.25157633,-0.910736519,3.933333333,0.017279377,1
4363.376216,13.32922463,581.6042173,926.5875773,86.1260191,13.9740153,372.0022385,-0.875819411,1.133333333,0.009135018,2
2003.063036,46.87414667,938.9187054,845.4532978,52.67545184,13.36583745,61.48167576,-0.409638437,0,0.006682429,1
4960.179937,2.707468277,134.2952983,1318.723552,97.22276292,12.76529139,534.6435825,-1.613434416,1,0.004671087,2
2680.116325,16.70636531,447.7500241,858.5897925,82.86933894,11.00845763,113.6928516,-0.412175547,0,0.006150524,2
1076.406795,38.01627728,409.2097919,742.6244043,57.54398652,10.76441539,45.48782979,0.073041043,0,0.00922168,2
2293.012115,24.29194335,557.017204,905.7812975,75.36905183,11.64135546,78.94449024,0.171125585,0,0.005785001,2
3744.587685,50.64374415,1896.399407,989.5642364,48.94567932,23.13267299,90.70971778,-0.32885905,2.6,0.012443838,1
5798.050925,15.93636987,923.9988409,960.0978818,83.99735612,16.84416013,177.3584919,-0.665978393,1.2,0.00668878,3
1878.364032,32.18104451,604.4771653,950.211681,67.48302996,12.53327186,80.88153136,-0.300899342,0,0.006051855,2
3320.256646,44.02992102,1461.906379,817.1380945,55.33531357,15.71668662,81.09248537,2.259089339,0.133333333,0.008423708,2
10979.679,11.22766318,1232.761377,1029.231954,88.70390768,21.20882148,210.8390834,0.074444707,4.266666667,0.008039006,1
5188.741152,15.6097879,809.9514883,843.6182334,83.6488438,15.33069829,117.7984984,5.056655191,1.133333333,0.010710345,3
1897.416733,22.33548305,423.7971928,732.3489235,76.2135024,10.19916525,60.3895715,-0.092764108,0,0.007313459,2
4065.751223,26.55140871,1079.514225,1022.019671,73.34756501,16.92897251,164.0495017,-0.659924831,0.866666667,0.007177074,1
1252.393978,43.16884406,540.6440032,797.0869258,50.78047347,14.71341477,63.84835993,-0.381444584,0.066666667,0.012686272,1
1632.25488,34.78714658,567.8148974,860.4069063,63.5211264,14.43562192,73.15911555,5.852792541,0.333333333,0.011415708,3
4884.715419,2.894872251,141.4062712,1076.748372,96.93152719,10.94520174,550.5179088,-1.760094293,0.6,0.005388487,2
807.8145817,35.30628888,285.2093498,884.0662571,63.10692015,8.944260295,53.84783686,-0.277731658,0,0.005916733,1
7023.59076,7.122298739,500.2411161,992.0719426,92.12540099,16.53586012,394.2671765,-0.694649009,1.866666667,0.013043369,1
6680.379467,15.46977498,1033.439672,999.4371242,84.36800693,16.32296624,203.9330143,2.211895494,1.2,0.009735099,3
2657.874515,13.52750446,359.5440934,728.6487745,85.22456622,9.895876506,73.9828663,5.237837386,0,0.007777015,2
5346.552488,18.00825301,962.8206994,1117.263815,81.98470898,18.54863972,112.3228784,0.073410512,0.266666667,0.00551506,3
2356.253618,29.08019854,685.2032301,858.4724531,70.6368456,12.25351732,64.38800631,-0.653729484,0.133333333,0.005438261,2
2046.085331,27.36314177,559.8732297,804.0607612,71.80372171,11.38522575,90.45560262,0.858603073,0,0.006868939,1
2956.566227,24.14129865,713.7534827,899.6477779,75.78463783,12.99202988,74.54093389,-0.340735327,0.133333333,0.004759221,2
1098.131049,38.09416093,418.3238092,745.6731218,57.92750908,10.85246179,46.54488849,-0.070295835,0,0.009183023,2
5475.782494,37.98165834,2079.792999,1039.457252,61.97104275,22.60538833,105.7616456,0.192332202,2.8,0.00883398,2
1863.626969,36.59740627,682.0391334,788.1210209,62.48772835,13.09967711,74.92617874,1.630565982,0.133333333,0.008466609,2
4140.188413,19.41863947,803.9682615,780.8863837,79.40838484,14.19513544,156.1686836,0.178045385,0.666666667,0.010388871,2
8004.309581,11.63885312,931.6098354,914.2326852,88.13557776,16.44686482,224.5588445,2.193453846,1.733333333,0.007899796,2
1377.97495,24.8591972,342.5535102,722.1890477,73.1584906,8.7894356,54.53045158,0.00487055,0,0.006927553,2
1766.875183,22.86126508,403.9300192,766.8528626,75.95434721,9.788906308,65.01561848,0.370947897,0,0.006412266,1
7548.52081,11.3038383,853.2725862,1114.825057,88.32545084,19.48587747,383.8173449,-0.944323334,2.666666667,0.011642923,2
2682.421298,28.24373535,757.6159723,864.7147497,71.53754593,12.51761141,101.9957341,-0.833424258,0.2,0.005296017,2
2290.528559,30.56554473,700.1125313,907.0953649,69.12828392,12.84415988,89.27349243,0.896371658,1,0.006253503,2
4720.015345,16.27050964,767.9705515,654.4560723,80.95752421,14.84968979,139.2286045,2.30920466,1.466666667,0.018709891,2
1473.130796,44.49064297,655.4053631,858.3739041,53.18646493,13.61273994,49.31575159,0.035391025,0.133333333,0.009292522,2
2213.65388,39.17694976,867.2420683,962.7713403,60.41672846,14.51019776,99.90540882,1.074586445,0.6,0.007577025,3
3556.340316,44.94200897,1598.290784,1013.52153,54.93379314,20.59286904,87.86312786,-0.193128893,1.2,0.00957817,1
9946.804923,5.574164189,554.4512379,1084.311875,94.33040926,17.63018188,296.1699652,-0.962561825,2.2,0.007657334,2
1579.193718,24.35731299,384.6491565,721.0396181,73.49254507,9.688871676,65.08438695,6.759928301,0,0.007683043,2
4417.077025,18.23671581,805.529784,855.6060416,80.76740198,16.15654132,117.853249,4.918449103,1.2,0.011307479,3
1099.677903,60.21198385,662.1378816,571.2083218,36.43422793,9.060055583,48.10904776,2.037481113,0.133333333,0.008844742,3
2202.006784,39.1174974,861.3699463,748.9554242,58.70377033,13.2563823,104.7054073,2.64003266,0.133333333,0.009686576,3
2060.976637,40.6254216,837.2804479,694.3469426,48.73585931,18.6461483,72.43862247,1.311646517,2.466666667,0.019929185,2
2445.103745,38.18237597,933.598705,856.3379931,60.31680451,15.16090473,73.36610561,1.220275979,0.533333333,0.009489362,2
5265.648612,23.60563581,1242.989834,643.6074749,75.0742924,15.78820777,138.9411664,-0.430347459,1.4,0.022230329,2
2682.604066,63.09712327,1692.645994,678.4931326,32.63667193,18.46113984,82.30020022,0.085840213,0.933333333,0.016077815,2
2020.735531,23.85768596,482.100737,844.3480715,74.62158391,13.44591245,66.31029856,1.824590863,0.133333333,0.009607171,3
2092.348104,24.44131474,511.3973855,836.2851099,74.40961791,11.90209333,61.15972534,0.04818625,0.2,0.007546903,3
8468.201579,19.63931917,1663.097136,711.7453437,78.81691079,20.27260289,179.7778993,3.228401509,3.133333333,0.016570164,2
1522.97996,28.40356143,432.5805486,762.6234678,70.30248549,9.525146035,58.0461082,-0.403334591,0,0.006320462,1
4587.145861,40.63427832,1863.953616,926.3920802,59.11139062,19.26382821,118.5166199,1.028286999,2.6,0.009136505,3
3502.388996,75.43762084,2642.118931,732.0983593,21.08424098,22.81682985,74.54835221,-0.481217462,1.666666667,0.016634652,1
3287.17157,53.57532499,1761.112852,815.0854895,44.63288458,20.55435741,67.72717952,-0.372336203,0.533333333,0.013415796,2
4278.96734,21.71995075,929.3895991,1090.638926,78.23967686,17.19227353,143.1207394,-0.169292205,0.533333333,0.005978579,3
2652.01453,25.20881032,668.5413125,877.7704028,74.12193719,13.48536088,79.23049086,0.099772689,0.466666667,0.008071717,2
3336.104011,15.74272347,525.1936292,741.9893522,83.33944366,12.44764719,206.9288018,0.831089095,0.533333333,0.015879124,2
7733.694138,4.064312492,314.321497,1099.248809,95.89289643,14.66032401,270.6772692,-0.969996652,0.866666667,0.004745593,3
1058.962787,31.68477259,335.5299509,895.3530642,67.33339229,9.728246926,45.94978034,0.139101177,0.066666667,0.006088905,1
5693.503178,28.2004008,1605.590716,950.5964329,71.41444679,21.13632651,266.2944157,6.767076375,3.533333333,0.01105978,3
4168.544429,24.74846613,1031.650806,873.7099948,74.42891959,16.71853476,116.9530788,0.141645347,1.933333333,0.010239424,2
4501.747954,24.13795534,1086.629911,1064.832514,75.82979231,17.78705292,99.72655181,-0.281663451,0.733333333,0.007022176,1
4046.558494,74.40824949,3010.97334,787.9230567,22.77500233,25.85433582,78.50172991,-0.58205544,3.533333333,0.017726314,1
3592.051024,28.13329638,1010.562361,1100.01458,71.85461798,17.31182462,99.57146016,0.054324715,0.8,0.006348601,1
2546.318527,62.96823658,1603.371874,685.3942439,32.51980773,18.28324896,65.22793416,-0.240836567,0.466666667,0.015270065,2
4593.691027,19.20877158,882.3916164,831.3269208,79.910847,14.63746657,239.0939168,0.252410101,0.666666667,0.00916104,3
6476.296276,8.906047518,576.7820237,1010.855289,90.53879871,15.7054716,364.3447645,-0.339337082,1.333333333,0.010185495,1
3855.446183,31.97460116,1232.76354,917.3463803,67.13955608,17.55524448,116.1119744,0.667447318,1.666666667,0.010447774,2
904.5811696,52.94269551,478.9096543,693.4246256,44.00613765,9.08659936,38.86322256,0.741742864,0,0.006986997,2
3004.923777,16.15481703,485.439938,752.2241581,82.29455191,12.12181264,139.6981905,1.706599795,0,0.009301109,2
1076.831077,55.36731153,596.212417,752.7006479,35.58887784,14.71359115,42.9795634,-0.111416365,0,0.013429618,1
2695.089013,25.4602484,686.1763572,719.4537476,71.45263886,13.83220912,63.29069684,14.05445783,0.666666667,0.011505602,2
1087.351757,51.15392342,556.2230849,837.7833821,47.10766437,10.76738302,82.89137675,-0.337816071,0.2,0.007062746,3
4950.306465,18.74170069,927.771621,957.69195,81.09564782,15.99913111,160.2660938,-0.777869876,1.2,0.006311284,3
3247.605457,25.2156018,818.90326,782.9755593,74.24561837,13.09529322,113.4746825,-0.956057436,0.2,0.007863651,1
1879.617155,66.72070495,1254.093816,809.42613,30.62941667,18.12451221,54.956189,-0.315972135,0.133333333,0.012470523,2
2496.330028,56.86895512,1419.636803,766.9305252,42.04269366,14.76878043,65.9542719,2.444048209,1.333333333,0.008839323,2
2793.915344,22.87579529,639.1303546,870.4512445,76.82731164,12.28618407,96.37960758,1.113258861,0.133333333,0.005781548,2
1242.827973,31.17015967,387.3914635,731.6440337,66.37639832,9.461515907,51.83617207,0.33224192,0,0.007327908,2
4397.354218,40.78178826,1793.319686,1005.952834,59.09397127,21.34445277,91.58535288,-0.400212028,2.4,0.009176806,2
2701.14988,30.66339488,828.2642542,861.8762897,69.10213238,12.5976132,99.90636148,-0.726227309,0.2,0.005330799,2
670.7375493,38.35671919,257.2729183,823.0430371,58.89834891,8.256681431,47.50337404,-0.768901178,0,0.006057914,3
6696.590269,10.43900028,699.0570773,1051.63186,89.16540084,18.17813573,296.8365821,-0.279368078,2.6,0.013376282,2
4789.792937,11.23892808,538.3213834,1222.574762,88.73902946,15.34034692,292.8451401,-0.621113185,0.8,0.005344931,1
5256.044711,32.79994231,1723.979633,682.3798277,63.41485069,21.15396638,126.9412583,-0.083024242,3.6,0.019180102,2
823.5550198,31.6087005,260.3150397,880.7918841,67.26576897,8.617588412,45.82964398,-0.325167265,0,0.005431133,1
1261.990647,58.76770071,741.6428866,768.5069203,39.87720968,10.87880264,51.46063766,-0.483756572,0,0.006456586,3
3799.899229,19.56335307,743.3877025,933.43666,80.26981941,14.52980998,113.1454026,-0.123974286,0.6,0.005847182,3
5865.011454,12.79103585,750.1957177,1028.51691,86.895641,16.80400489,197.0816175,0.599069613,1.333333333,0.008769637,3
2588.912455,24.89433803,644.4926178,783.9459797,73.69181166,12.60759215,70.46833675,0.053311438,0.133333333,0.008343706,2
829.5647543,35.32975129,293.0831645,730.903925,59.64389761,9.783847602,42.70689461,-0.096509979,0,0.008834095,2
3125.423459,27.89416123,871.8106586,655.4022451,63.67122437,17.5680892,122.1864029,-1.078259226,1.466666667,0.021776372,2
9527.816516,5.689359726,542.0717556,1120.608415,94.21099055,17.86935595,289.6285695,-0.763639872,2.133333333,0.007370211,2
4598.079699,27.03287424,1242.993103,876.168811,72.01860397,17.34059004,110.7234161,0.860186459,1.733333333,0.010463636,3
2252.168436,59.6543884,1343.517306,803.158709,37.64124351,18.72162034,69.37725091,-0.000767188,0.533333333,0.013053107,2
3868.875778,71.74196397,2775.607467,755.9494518,25.02988344,24.48832136,78.26707596,-0.802906757,3.2,0.017654562,1
2906.079902,22.40967711,651.2431226,870.3194974,77.30015196,12.50934734,89.20846086,0.544409677,0,0.005864316,2
2068.101368,21.51188419,444.8875713,616.8667672,76.66484601,8.946595365,72.36670781,5.651401737,0.2,0.007551877,2
2364.959836,24.8338425,587.3104008,898.1219757,74.66014274,13.51412066,90.46502869,-0.310294652,0.2,0.00758862,3
2479.930267,37.79450805,937.2774442,835.2043731,61.6271478,14.23516634,83.7316994,-0.208276456,0,0.007838992,1
1338.020252,50.42434663,674.6879697,618.0710013,44.99443307,10.65685071,46.02419519,7.079598168,0.6,0.010136965,2
1564.888593,36.94890334,578.2091736,968.7463452,62.89284035,12.29181283,53.68856876,0.151043448,0.2,0.00607274,2
1107.854989,62.38881673,691.1776188,776.1747538,36.29260479,10.87314978,42.44237549,-0.155442674,0,0.006367037,2
1784.592535,38.67499902,690.1911453,819.0274046,60.34114851,12.7038368,71.96445077,-0.302596607,0,0.007474732,1
2500.444586,27.03571333,676.0130304,826.2777401,70.97112103,13.66029493,174.6193011,0.852132304,1.266666667,0.012535204,1
3668.000533,30.03690711,1101.753913,929.7918711,69.75359086,15.95348312,127.6338616,-0.44723039,0.8,0.006802648,2
2799.868267,21.46066678,600.870399,718.1572852,75.26451883,13.67445222,65.95293427,12.03556163,0.666666667,0.011768418,2
3800.153749,28.11458265,1068.397367,894.9903322,71.54590744,15.63534208,137.0236452,-0.869306737,0.533333333,0.007756704,2
2581.215413,52.33128438,1350.783178,679.0226091,44.03209121,14.91922689,79.81610542,2.940496634,1.6,0.013517004,2
2202.474553,22.32661907,491.7381036,948.7199882,77.53579303,11.13923067,76.80178846,-0.440543343,0,0.004464195,3
2761.593922,22.86253552,631.3703914,876.8046715,76.61695401,13.78896574,88.49863446,-0.189443129,0.533333333,0.008142362,2
3454.163741,27.83709907,961.5389828,895.3757935,72.06855097,14.26200913,84.65405717,-0.45529532,0.333333333,0.005481189,2
6808.32994,29.08601624,1980.271952,986.906855,70.84538615,22.21833134,130.6889696,1.409777598,3.133333333,0.009096594,1
2882.541177,48.98311501,1411.95846,913.2766754,50.61894764,17.32376648,74.69014726,0.783470202,0.533333333,0.008790719,1
3154.673742,34.86393767,1099.843487,823.7655456,63.77228658,15.65224363,86.66100463,0.034615862,0.866666667,0.009608981,2
4927.574307,20.80488557,1025.176196,567.3760473,73.61608389,17.76131068,126.0687308,1.83479299,1.666666667,0.025323057,1
9735.38721,9.979165593,971.5104108,872.9940992,89.19875492,17.84835249,274.8135359,-0.975166084,1.6,0.013413885,1
2390.273981,70.02977976,1673.903605,826.7158594,28.60936767,18.91158227,59.94468996,-0.14287452,0.4,0.011803818,3
3832.521763,31.47649924,1206.343684,916.9751291,67.63052117,17.45877795,116.0296197,0.665288061,1.666666667,0.010442374,2
4025.368302,48.68809999,1959.875344,947.2193409,50.90807448,20.71593353,124.3682598,-0.500049246,1.466666667,0.009519295,2
445.59766,45.74618889,203.8439472,788.3457057,49.40251071,7.558931916,37.64381156,1.653696571,0,0.00636523,2
3498.593188,34.53813481,1208.348832,788.4479354,64.83085241,14.1132036,76.40028869,0.580794688,0.2,0.007918717,2
9372.909567,7.789279587,730.0821316,1093.194151,92.02408626,18.69687089,299.0554504,-0.601244169,2.466666667,0.008972352,3
6251.539009,20.73732228,1296.401792,869.9920992,78.19248554,18.50904798,302.2122679,0.642747671,2.133333333,0.01260211,3
705.9252941,41.79488064,295.0406341,730.1367291,52.35132407,10.12330156,36.69234137,0.486386714,0,0.009151897,2
1842.614005,15.68832711,289.0753124,809.1415449,83.5956454,8.693115283,104.0134446,2.083392991,0,0.005860222,2
2340.451212,19.20955733,449.5903175,954.3578157,80.68342843,11.41791202,63.48460036,-0.111617372,0.2,0.004771218,3
623.9398574,42.923615,267.8175422,714.5197741,50.03640758,9.25530278,33.60461116,0.781126045,0,0.008767863,2
2033.847884,38.05864085,774.0548616,865.3323773,61.23041481,12.82288627,76.67783498,2.499506525,0.266666667,0.007245927,3
5069.568725,12.97577941,657.8160549,899.609691,86.77066096,13.8241384,188.4829663,6.955926927,0.933333333,0.006734265,2
2331.376586,43.63388373,1017.270149,673.4628572,54.79019633,12.25090157,66.78292532,2.332930734,0.533333333,0.009044119,2
2780.668914,23.07557376,641.6553063,899.0684077,76.84458601,12.21972026,69.33392917,-0.362245635,0,0.004181847,2
2005.677087,37.7302313,756.7466038,778.7556328,61.07486112,12.13678546,69.14863819,-0.354969754,0,0.007625141,1
3893.812811,28.79223177,1121.115609,913.5302167,70.8719276,17.31032118,106.0538127,-0.257222018,1.066666667,0.009201911,2
5719.856319,35.83626398,2049.78281,1061.227703,64.1141497,23.09924706,139.7548236,0.42365431,3.2,0.009001801,1
1901.44719,63.47621607,1206.966727,816.4825158,34.34807044,18.45647785,53.20563758,-0.057654016,0,0.01282146,2
1213.035793,47.70448008,578.6724181,807.6927153,47.53617666,14.59767727,61.54421067,-0.132917658,0.066666667,0.012116735,1
823.0625414,43.29256445,356.3248812,794.740858,54.49903014,10.42338704,51.23641132,1.018544191,0,0.007671243,1
2287.314744,35.61339536,814.5904429,786.8397522,61.68666482,15.34963166,68.68171187,-0.449953874,0.4,0.011396769,2
4182.469758,12.96539103,542.2735587,732.2229235,86.57710718,10.76895775,242.9412415,-0.784456059,0.866666667,0.007167345,2
2069.54521,24.88190884,514.9423527,844.7014315,74.04696907,11.82294369,77.7672539,0.030431666,0,0.007663725,2
3097.089405,35.88797151,1111.482563,1009.707027,63.89216082,17.72691285,153.9534495,1.493864158,0.8,0.008886225,1
7705.555204,10.8488598,835.9648807,1008.940209,88.92966822,17.91956509,318.2855405,-0.695405662,2.266666667,0.009073096,3
2630.809282,25.77173196,678.0051165,764.887796,73.60954824,12.58699885,89.78934175,0.866430558,0.4,0.007960685,2
4353.167861,24.36788777,1060.775059,1067.08775,75.57876819,17.57160909,148.1507395,-0.57888651,0.6,0.006418245,3
2925.165483,32.23620066,942.9622148,817.6845806,63.57354799,17.78942803,121.4952214,-0.428593001,2.066666667,0.015613241,2
7473.17774,4.174561109,311.9723715,1227.942786,95.81469284,14.56298547,296.6425436,-1.081351159,1.733333333,0.003989431,3
3578.300432,33.28619615,1191.0801,795.1789872,63.39692418,18.41096563,129.3893494,-0.970374909,2.266666667,0.015644483,2
4104.802122,36.77041467,1509.352762,863.8501604,61.79803876,19.69408967,89.54915207,0.995452031,2.933333333,0.013074292,1
2550.407758,34.15578131,871.1116963,834.1834148,65.25923971,13.91423566,82.11136846,-0.267864252,0,0.007647968,1
2650.096085,36.88235366,977.4178104,859.4915106,61.64150291,16.07526674,72.92010635,1.655037976,0.666666667,0.010162526,2
2538.881578,35.92477916,912.0875999,854.8848068,62.64798263,15.73463082,74.19609464,1.04513942,0.6,0.009945935,2
1923.264243,41.35632955,795.3914986,791.0023464,56.89981459,14.04236829,66.00293411,-0.014718443,0.133333333,0.00994234,2
11796.85437,8.814433075,1039.825834,830.1215795,90.41929605,19.14276044,211.5027367,0.416400299,2.533333333,0.01281612,1
2986.578239,21.73798839,649.222031,892.116983,78.13583456,12.79344701,70.67345728,-0.457162342,0,0.004603648,2
2256.161221,27.70635064,625.0999389,738.6382211,68.62939098,13.75327596,125.3534553,0.75010632,0.666666667,0.016364781,2
3046.811041,18.1385081,552.6460675,765.9874383,81.34897623,10.91179546,113.6981487,7.178419599,0.333333333,0.006224679,2
4003.765946,19.78437224,792.1199582,944.9480284,80.11379439,14.62763166,121.4769235,-0.20928361,0.133333333,0.005883352,2
9561.986044,6.125072527,585.6785802,1096.98225,93.758644,17.69670036,296.527663,-0.956810619,2.2,0.0076563,2
4173.476458,46.55265577,1942.864129,979.3188431,53.26830328,21.90429872,118.877335,-0.306793402,2,0.010780938,1
656.3508079,43.26335229,283.9593623,716.4888378,50.24499365,9.335053655,33.81435894,0.829254682,0,0.008592387,2
1947.230767,31.58441585,615.0214629,902.8284989,68.27349065,11.54273945,107.0046353,-0.969185473,0,0.004587689,2
1443.411996,30.84834267,445.2686787,723.1447662,67.05716613,9.600899238,51.7451809,-0.281144822,0,0.007170147,2
4142.499317,28.2475852,1170.156024,948.5820687,71.56555009,17.17543792,140.2190285,-0.654210333,1.266666667,0.007010735,2
7374.733648,12.66901896,934.306404,961.8742224,87.15439414,18.2336968,163.3836119,1.836332279,1.933333333,0.008924158,3
2866.042255,14.50519762,415.725093,930.1370328,85.33438803,11.30513426,72.9875398,-0.113042104,0,0.004937133,2
3790.237299,19.80922972,750.8168134,820.0431074,79.58054077,12.78441259,117.7258476,0.403910264,0.933333333,0.008035786,2
6389.437799,13.12134066,838.3798998,1150.778531,86.75155869,17.90716977,315.7020222,-0.995313157,2.733333333,0.007800732,1
1480.233416,57.88896104,856.8917457,790.4348045,40.88684785,12.01113944,52.34732148,-0.228907535,0.133333333,0.006751109,2
8901.800054,3.604873991,320.8986749,1082.101281,96.36079453,14.78950452,252.32294,-0.858472918,0.666666667,0.004483972,3
1107.363424,49.98926134,553.5627959,716.5079899,41.86707464,12.61062662,68.9931933,-0.239354874,0.066666667,0.012609327,2
678.7585813,43.00972463,291.9321967,729.9392524,50.36159461,10.07248617,38.77909994,0.190765713,0,0.009551122,2
3488.754469,66.17447483,2308.664948,722.7073288,29.82229881,22.20981582,71.19440641,-0.122304805,2.2,0.017063997,2
2080.032002,61.31542227,1275.380405,827.7331733,37.95797915,14.95475415,61.73691966,-0.232691011,0.133333333,0.007979688,1
4310.278017,40.71663728,1755.000266,898.0930116,58.81545006,18.37851064,126.0054786,-0.070638307,2.533333333,0.009233377,3
2241.155601,23.88367682,535.270361,838.1344538,74.84736021,12.12972883,62.32850263,-0.206988835,0,0.007729096,3
2858.371583,23.11253804,660.6422195,902.2535377,76.80683143,12.29354499,68.97747267,-0.323886601,0,0.004249623,2
4409.819959,33.65567851,1484.154828,1003.68289,66.26773707,18.97607918,126.9972426,0.524186951,0.666666667,0.008089053,3
3445.09957,22.73136802,783.1182621,773.4412182,75.55296739,14.39108647,147.8949422,0.662736536,0.666666667,0.010859256,2
2585.44136,25.77582706,666.4188936,816.3423292,73.56475587,11.66186772,112.0373474,2.553597863,0.4,0.007018101,1
4205.425174,27.08240729,1138.930374,1172.164923,72.89268116,19.31010403,146.2021957,-0.35952487,1.533333333,0.006820189,1
4365.675093,44.77747908,1954.839251,790.7352716,52.30148644,21.55327426,159.3688486,-1.117113417,3.266666667,0.016313594,3
2568.072198,57.40114981,1474.102969,812.0648082,40.69275124,19.26727924,66.28303058,-0.013333006,0.4,0.013092404,2
8976.567532,11.97382946,1074.838888,1040.979007,87.92612154,19.91200685,206.5479345,0.267150746,3.466666667,0.007655782,1
3338.864836,14.06808766,469.7144319,779.7404521,84.62426618,13.04942826,154.0494148,0.25496672,0.333333333,0.009482342,2
1937.539139,20.71657288,401.3917078,730.8594203,77.51393885,9.992666986,65.74350553,-0.262071078,0.133333333,0.007943433,2
5378.669615,16.50457134,887.7263637,620.3770809,79.08530079,16.76518735,132.8305421,5.50613659,2.333333333,0.021752207,2
2042.670401,22.60042308,461.6521527,614.3707356,75.64623139,8.728212615,71.5101466,6.355816886,0.2,0.007476881,2
2391.673437,30.48508631,729.1037115,866.783558,68.91021851,13.20660749,89.48722788,1.560507816,0.4,0.007464814,3
7865.94908,23.68254276,1862.856755,715.8014596,74.37874226,20.20511593,179.1730464,3.168232034,3.066666667,0.016236079,2
1056.254917,37.46899098,395.7680597,828.391646,60.38626712,9.895893844,51.00749158,-0.43605559,0,0.006738902,3
1139.156254,52.56322891,598.7773096,574.3323614,44.01747918,9.26761009,52.61572943,1.929896274,0.133333333,0.009019671,3
5917.085399,14.93397227,883.6558928,638.3831472,80.79781819,16.64256487,156.4057444,3.384985439,2.333333333,0.021601316,2
2326.547346,42.02365805,977.700301,827.2696075,55.78317563,16.21044206,107.9742479,-0.244988062,1.333333333,0.012119534,2
3465.888174,44.08163215,1527.820075,1009.961331,55.79416447,20.40594073,90.11622006,-0.210464449,1.2,0.009464443,1
2058.977934,46.94593353,966.6064124,866.1290786,51.10855807,16.48842451,66.07704125,1.780086801,0.533333333,0.010901821,2
3247.053632,34.36902004,1115.980514,904.4525996,65.1788256,16.96346085,93.08988373,-0.235900456,0.733333333,0.009644007,2
1171.442807,61.80886833,724.055542,781.8423296,36.84089864,10.9880162,43.94023096,0.106420052,0,0.006555007,2
3669.217529,30.77104687,1129.056646,827.1090301,68.22775672,15.2736563,135.2010035,0.69992767,1.8,0.010661094,2
2842.618415,26.77400997,761.0829377,859.1005401,71.53894653,15.28241747,70.11610467,2.640517862,0.733333333,0.010345506,2
3404.240629,72.10739679,2454.709298,726.1688952,23.85749279,22.87498286,72.82697024,-0.372646323,1.6,0.017133428,1
1992.107112,38.56276452,768.2115746,778.999847,60.29819233,12.21414321,69.22883963,-0.360773336,0,0.007618134,1
3192.804908,70.64711787,2255.624647,718.1327337,24.511209,22.07712037,69.38438988,-0.404556019,1.733333333,0.017900186,2
2225.645393,64.47615121,1435.010489,820.5103381,33.88415854,19.68054931,56.44379963,-0.353458283,0.4,0.013239399,2
3306.700618,35.81269269,1184.21853,820.6058712,62.09769605,17.17834032,116.707122,-0.681605881,1.733333333,0.012674214,2
2690.846807,24.40912556,656.8121759,855.9413208,74.67416512,13.7357602,82.78250899,-0.366683992,0.266666667,0.008614424,1
4917.480307,20.40919786,1003.618286,876.2570976,78.70850017,18.10984187,241.5810548,-0.522327607,2.533333333,0.013195437,3
2723.032802,30.56787843,832.3733566,818.0757573,68.62916672,13.99439416,80.86948865,-0.165576388,0.4,0.008032793,2
1282.736413,56.82246211,728.8824125,774.3898768,41.94642204,10.96959081,43.77407246,0.117923846,0,0.006253726,2
1997.833418,33.70038336,673.2775207,794.5468269,65.31327282,13.26856175,66.47787683,0.002969853,0.133333333,0.008811511,2
3488.690472,44.39370775,1548.759052,1042.847103,55.45171663,20.0381446,93.40593973,-0.720107871,1.533333333,0.009684155,1
1498.64844,47.00525774,704.4435621,847.3303269,51.48911615,13.45500235,50.91610249,2.518414472,0.266666667,0.008565596,2
4191.304922,49.95554176,2093.78908,1021.402032,49.90319569,22.14901816,94.83984646,-0.310280021,2.733333333,0.009852502,2
3051.54348,34.5358316,1053.875917,607.6461161,56.14872954,18.59942243,127.3710864,-0.943892078,2.266666667,0.02418687,2
2467.920497,60.49998063,1493.091423,812.939612,37.55199651,19.37517828,65.78363485,0.063093997,0.4,0.013189198,2
3077.939275,34.66591962,1066.995955,629.9205751,56.22421765,17.81596278,126.144181,0.403400568,2.066666667,0.02327082,2
3855.958597,58.70858701,2263.778808,891.109376,40.41195203,22.57695262,93.93942396,-0.29525916,1.666666667,0.012977584,1
4328.804162,45.65782132,1976.43767,988.5852494,54.15080435,22.82088782,114.9337922,-0.36233354,2.4,0.01130427,1
3047.649204,15.14793441,461.6559024,732.5165538,83.09734629,11.98366196,115.2060234,7.785685875,0.133333333,0.009656512,2
3454.85565,28.31428726,978.2177531,883.7054412,71.16481229,15.62206834,91.89743032,-0.562985036,0.133333333,0.008547677,2
2116.97023,24.53640923,519.428479,837.3774575,74.34575989,11.83138019,61.8029912,-0.013734629,0.2,0.00745968,3
1569.429811,36.57231349,573.9767904,966.5319863,63.27154341,12.26185883,57.91304864,0.508094594,0.2,0.005977759,2
4410.273516,34.59866695,1525.895845,876.8549333,64.84397073,17.97300947,116.4024744,0.424649574,2.666666667,0.009857115,3
4161.508587,20.88162467,868.9906038,880.4383436,78.77035587,15.07944116,106.8337376,0.275082908,0.666666667,0.008208708,3
1136.676732,40.60348702,461.5303894,683.4160943,56.61284739,9.132964814,58.22953252,19.81607512,0.133333333,0.007278556,2
1179.81237,24.29003587,286.576848,720.5796216,73.32132951,9.122389744,52.27224348,-0.276049115,0.133333333,0.007703501,2
1657.963757,24.18422891,400.9657501,738.322294,74.10739475,9.519248752,61.4706793,-0.133890757,0,0.006958364,2
3046.549225,23.19307229,706.5883642,884.1614767,75.5082547,14.35010996,103.08861,0.628570983,0.933333333,0.009514574,2
5288.121942,15.89750165,840.6792729,622.9897755,80.42427357,16.6536559,134.3405353,5.064790552,2.266666667,0.021672916,2
4960.124565,13.7747135,683.2429482,781.5285562,85.54524658,13.71294612,330.7079114,0.780451452,0.733333333,0.019538519,2
805.4210881,44.83665549,361.1238785,726.5100525,50.44759555,9.998147289,38.50866933,0.589049196,0,0.008592875,2
2881.885639,47.81765324,1378.050081,903.9193641,51.69430319,16.91341423,78.91801564,0.219275857,0.533333333,0.008632158,1
3104.543946,34.89474945,1083.322832,955.550489,64.93155848,15.86623587,116.2246466,0.159762081,0.4,0.007391263,2
3432.328088,62.01794985,2128.659512,712.7581524,33.68280268,21.31209825,75.44296463,0.562851014,1.533333333,0.017357642,2
2650.040235,28.48753353,754.9311007,805.2971836,70.27401144,13.25829308,173.6704019,1.664580132,0.133333333,0.008627057,3
1222.53628,45.49090089,556.1427677,807.3255267,52.51223991,11.16105882,49.74010319,-0.242212004,0.2,0.007557751,3
2503.928459,14.95954611,374.5763324,726.1834581,83.849143,9.790711385,72.16693892,6.144670751,0,0.007556418,2
6007.571227,14.19829844,852.9728918,967.0994856,85.6839872,16.33991779,180.2466378,-0.787853483,1,0.006427416,3
1894.800512,30.4584695,577.1272361,784.4020264,66.34996375,12.78261451,110.1773172,0.728932305,0.8,0.01256789,1
1722.137231,22.12501664,381.023149,608.3403421,75.8894299,8.647057322,72.22747955,6.801086524,0.2,0.00759959,2
1117.759982,47.48792659,530.8010396,713.7377128,44.9758586,12.72950227,70.38253431,-0.301570305,0.066666667,0.012793232,2
4864.51838,18.0564839,878.3609783,1149.311545,81.93708036,17.77485359,111.7636511,-0.728458602,0.266666667,0.005119352,3
2999.742372,21.39577849,641.8182331,874.5030279,77.9994344,14.70077104,96.06116432,-0.237451038,0.733333333,0.008310481,2
3374.405383,52.48042241,1770.902199,806.5747004,46.90923519,16.741291,109.5293887,0.3071818,0.6,0.008737895,1
761.5614831,29.45610852,224.326377,868.4615729,68.73845319,8.469775186,44.85818999,0.062749511,0,0.005838012,1
1698.46806,52.11432106,885.1450976,802.6278268,46.89103661,12.74728834,55.24419456,-0.17646558,0,0.00713126,1
2613.205565,16.24679244,424.5620842,813.2094703,82.8121513,10.70231097,81.79946663,1.201182341,0,0.006784751,2
2258.19234,37.0351361,836.3246065,772.0697126,61.49957892,13.55547148,88.76746893,0.316914078,0.6,0.009345804,1
4195.576433,40.87143922,1714.792472,980.5604302,58.83225114,21.50829753,107.8137602,0.412125738,1.333333333,0.011228932,1
1403.281919,26.49236182,371.7625234,726.9607704,71.58900967,9.323516866,60.37634026,0.056094074,0,0.007207423,2
4386.78682,12.37668092,542.9386071,731.5181147,87.21494009,10.80846676,243.3171065,-0.785607002,0.866666667,0.007316038,2
3087.074136,17.20036021,530.9878712,724.2719764,81.25491563,13.44993252,221.0380172,0.506920938,0.933333333,0.017972065,2
4343.6654,23.54415933,1022.679502,1048.02136,76.36245045,17.39254058,155.790106,-0.89035929,0.533333333,0.006543867,3
818.1919483,27.88411653,228.1455963,780.8415484,68.85318335,8.793116992,44.70420112,0.277517082,0,0.007041284,1
4392.164704,68.16636732,2993.979125,768.82651,27.90663788,26.19500137,84.38661887,-0.478935145,4.866666667,0.019090443,1
3724.752145,72.36449726,2695.398164,759.3824123,24.5777524,23.24571238,81.43360177,-0.648326766,1.866666667,0.01616162,1
2794.193906,55.2676009,1544.283936,829.1650031,42.96214559,21.17473203,67.03012723,0.450627199,1.466666667,0.014542035,1
2979.323396,26.05783211,776.3470884,877.5353267,73.65958054,13.42944166,76.98963506,-0.210125962,0.266666667,0.005867324,2
2399.781164,24.98292104,599.5354334,878.6156641,74.399081,13.47621921,79.81028708,0.073077034,0.466666667,0.008034725,2
4170.41945,71.04671515,2962.946028,768.6643887,26.03533218,25.05625201,79.36531243,-0.706184815,3.533333333,0.01773032,1
1594.331223,36.83200837,587.2242097,711.9310684,59.03542976,11.99566014,70.23666921,1.430153622,0,0.011187262,2
6070.142849,15.41262363,935.5682713,995.0411277,84.44925253,16.20147722,205.9234688,2.029282884,1.2,0.009731879,3
4394.779394,32.1722947,1413.901378,968.3688135,67.66635661,18.56715543,146.6332517,-0.974707859,1.533333333,0.007598821,2
3241.335649,35.50277473,1150.764093,827.7321856,62.59554643,17.16216199,110.2703737,-0.261768856,1.733333333,0.012730738,2
2574.769293,22.16972847,570.8193609,884.9224016,77.25001756,13.15329144,74.04708544,0.19594812,0,0.007267443,3
2964.450952,24.64066157,730.4603266,862.4357499,73.92232656,15.41902971,71.22489478,2.441149177,0.733333333,0.010421125,2
2328.519838,34.59889599,805.6421568,994.9160915,65.18449644,14.91684053,86.93906822,0.326687082,0.333333333,0.007221164,3
2522.518356,20.27535109,511.4494529,901.3966811,79.45375324,11.75439048,74.7575437,2.162118496,0.133333333,0.005427776,2
471.8711212,49.15540599,231.9501653,780.9036132,47.15061576,7.331889533,47.45508266,0.697314749,0,0.005728682,2
3600.422969,62.91204004,2265.09954,731.2374809,34.69110929,20.22325272,83.68028849,-0.640190685,0.866666667,0.01400423,1
2980.08809,50.8469427,1515.283684,992.166847,48.83089571,19.5322225,78.9708753,1.185102919,1.533333333,0.00985059,3
1192.521905,30.26450018,360.9107942,724.306085,67.29076888,9.228754607,55.62601714,0.337770125,0,0.007245962,2
1437.742281,43.33628722,623.0641244,854.5571634,54.04496683,13.52094516,50.31417648,0.365518533,0.133333333,0.009272411,2
1084.390248,33.20106345,360.0290943,833.753907,64.75834137,9.67315577,50.29091661,-0.402197754,0,0.006796906,3
2436.458364,26.00581427,633.6208371,872.8443615,73.62361843,12.26844768,90.12280229,0.411421508,0,0.005657693,2
1694.407368,22.39763741,379.5072185,896.3841376,77.05474974,10.01402445,60.15017243,0.072835819,0,0.005284178,2
814.3323687,33.09539701,269.5065304,823.0376665,64.23998391,8.519104189,49.76030065,-0.57402072,0,0.006301,3
1082.825109,38.91637274,421.3962555,783.3717127,57.26994089,11.54438519,52.30802158,-0.17229251,0,0.009440618,1
2053.670155,62.3419291,1280.297592,818.5790706,35.52269968,18.81014361,55.16390344,-0.182355035,0,0.013063678,2
779.0464141,42.69829099,332.6395048,729.1280035,51.72441591,10.34474278,41.14699549,0.73934654,0,0.009379785,2
5874.282509,14.75158305,866.5496632,1120.149603,85.242157,18.22937745,145.7509195,0.666554518,0.733333333,0.005576518,3
3691.752722,39.14917956,1445.290902,828.1853611,59.84000771,18.85656801,93.60549965,0.10996741,1.466666667,0.011835437,1
5127.699632,30.30957231,1554.183828,601.4036499,65.17573156,18.75485058,169.2853843,1.578848396,2.133333333,0.024629965,1
2126.982088,42.84593531,911.3253694,668.5296064,55.44166609,11.82659755,64.42308349,2.8580157,0.466666667,0.00905003,2
3632.451689,32.81570403,1192.014595,985.456265,66.62609852,18.12730912,157.0582602,-0.63455645,1.533333333,0.009526169,1
1901.270931,38.33441067,728.8410067,866.2982031,60.9556642,12.80601722,75.96996136,2.733886878,0.266666667,0.00726635,3
5425.676771,12.48439085,677.3626946,714.6163647,85.68358037,14.8872585,159.1548454,2.814518255,1.933333333,0.01383243,2
4546.28376,25.78402859,1172.215105,911.2124233,73.83348956,17.24089221,106.4761056,-0.416539712,1.4,0.009121563,2
1105.073466,52.39538285,579.0074734,898.3205064,46.74976102,10.98881069,96.01718084,-1.262983735,0.2,0.006335335,3
3500.117816,42.50727065,1487.804553,860.8654995,55.55841458,20.30369611,162.5077444,-1.113923614,2.533333333,0.014137922,3
1141.021978,36.31785402,414.3946964,778.591531,60.68457325,11.4452457,56.50327122,0.398342495,0.266666667,0.009031527,1
3035.141024,34.10646883,1035.179427,792.0118021,65.09429633,13.85351137,72.47948333,2.027893003,0.133333333,0.008409697,2
1490.005552,57.60499403,858.3176091,791.7877663,40.60972798,13.03996624,50.35029868,0.386794962,0.333333333,0.008260532,2
3389.967093,68.0414974,2306.584371,724.0157431,28.5762447,21.81308334,71.76033146,-0.423661925,2.133333333,0.016427839,2
2007.646201,22.94496248,460.6536675,776.4861421,75.49747313,11.1875039,64.46813953,0.755072011,0.2,0.00757223,2
2784.401346,50.1148397,1395.398271,801.6492426,48.04426078,18.48899844,66.51165268,-0.461680943,0.2,0.012392396,2
5747.874889,17.73919896,1019.626962,889.7661351,81.80651431,16.77473038,140.5430188,-0.009381806,1.6,0.009298867,2
2065.964238,34.83189417,719.614477,959.2055117,65.03404599,13.05655304,71.50591625,0.387737473,0.266666667,0.005850445,1
1844.681412,34.60530125,638.3575595,786.2098779,61.48334786,14.76206445,70.25480495,-0.41903249,0,0.012184022,1
3060.853737,24.62739141,753.8084304,878.3385039,74.75054361,14.01644151,105.2378944,0.319253617,0.6,0.00813803,3
4152.100045,65.51886653,2720.408887,762.1044401,32.1514852,23.73889849,85.38557285,-0.636405293,2.4,0.016283923,1
1684.50833,56.92394895,958.8886617,802.7967186,42.11365699,12.79482278,54.82817001,-0.110648976,0,0.007131845,1
2181.387901,59.57878908,1299.644497,761.8991662,39.22268111,14.15311586,64.0883181,2.602497979,1.066666667,0.0089622,2
2306.372501,27.65567357,637.8428504,875.0390266,71.4852987,13.35966464,83.22934586,0.44969664,0.4,0.008275089,2
1187.662006,45.10323775,535.6740183,786.3099651,47.87491685,14.6966446,61.89595195,-0.135241236,0.066666667,0.012922086,1
2486.10318,28.19217899,700.8866586,870.2734885,71.4345458,12.21025398,83.00351137,1.296416194,1,0.006315639,2
3500.533443,35.91456349,1257.201306,962.7201855,63.69698883,17.51619477,166.5267948,-1.12137051,0.6,0.008476941,3
5877.835754,13.29194777,781.2788586,955.0154846,86.02305408,16.64848643,301.9779932,-1.014266624,1.6,0.013069494,1
1768.910836,15.77238173,278.9993695,830.0496253,83.31420183,9.324691055,87.11788336,1.152202267,0,0.006198113,2
4871.869232,63.92470636,3114.328101,772.5330957,33.25030257,26.42679956,93.25120827,-0.718556451,4.466666667,0.018852465,1
2594.692396,20.53107683,532.7182895,930.2274096,79.2399907,12.26924069,68.80570673,-0.168421296,0.133333333,0.005891997,2
2726.707118,19.3296665,527.0633922,829.9056123,80.1383267,11.89110231,123.5917892,-0.874475904,0.333333333,0.00687494,2
8404.531518,7.710597356,648.039585,822.7755117,91.80463708,15.42701617,208.1801476,1.910300808,1.466666667,0.011412812,1
3906.381662,72.13774898,2817.975797,779.9955801,24.71621152,25.45021949,78.79976324,-0.669616862,3.6,0.017842718,1
4660.356888,21.76906493,1014.516117,895.0096816,77.87578277,16.064132,109.7596407,-0.600089939,0.866666667,0.008246894,2
1057.07173,53.66644498,567.2928185,696.8824183,43.57002547,9.678971845,41.17172901,1.037434838,0,0.007357334,2
7590.432437,11.27012121,855.4509363,991.1318914,88.4624999,17.20357699,321.8674346,-0.652505658,2.133333333,0.009111715,3
2950.411291,5.773683627,170.3474137,878.9836681,93.75108461,9.162100606,489.6798822,-0.46212607,0.4,0.006255881,2
1594.203337,24.98469685,398.306871,738.8733734,73.28937907,9.715470963,61.71727993,-0.163153337,0,0.00702335,2
1667.807676,58.80358758,980.7307473,780.4149595,40.22381402,12.02167125,52.15041114,0.08763732,0,0.006423378,2
6502.008281,12.1944363,792.8832579,1153.591707,87.79799485,18.69820892,160.3125942,0.198123037,1.333333333,0.005574674,3
2449.978759,52.39719566,1283.720164,803.9657363,45.17840964,18.3169936,68.94787357,-0.160074602,0.266666667,0.012895801,2
1520.214809,26.464434,402.3162447,722.9706151,71.73290877,9.523240295,51.78000585,-0.301084601,0,0.006940709,2
3540.013864,66.58451673,2357.101123,729.677978,29.03135853,23.22916753,80.67466786,-0.611508399,1.6,0.018014406,1
6008.056405,15.67746958,941.9112152,686.4266426,82.75864868,15.77708401,149.0759733,-0.388614604,0.733333333,0.014775561,2
1541.673387,40.51780829,624.6522673,858.8598157,56.53906972,13.95621882,55.20312282,-0.065424172,0,0.0100506,3
8427.519334,10.49680757,884.6204877,1130.756187,89.11726507,19.64336305,378.9571212,-0.7777707,2.666666667,0.011546681,2
6140.037885,29.00455192,1780.890477,759.9100848,69.0201028,19.97898008,169.4662009,0.592818023,2.666666667,0.015464631,3
9798.316204,8.009147613,784.7616084,829.6855778,91.07663632,17.84033076,271.7368382,-0.416795759,1.933333333,0.01464363,1
1573.28024,59.30351883,933.0105436,635.9840738,36.70217254,12.56090235,59.04417375,0.94293426,0.533333333,0.010953653,1
5354.847945,14.32124128,766.8806944,890.232623,84.69257741,15.56652727,301.2084926,-0.525815857,1,0.013024691,1
2178.171519,60.64729783,1321.002168,807.8134714,36.75266828,19.09743106,62.3587804,-0.205288476,0,0.013675054,2
3659.708874,66.28256844,2425.749039,726.2969739,30.30242974,22.36100851,75.49887452,-0.603143645,1.933333333,0.016602718,2
729.5166095,38.00987437,277.2883468,728.5001533,55.89733331,9.939561503,37.64845732,0.41267336,0,0.009104868,2
2765.594287,48.39309631,1338.356707,778.3376075,50.83989882,14.85127849,94.58473236,0.563492061,0.466666667,0.008228026,1
2952.236107,62.60304961,1848.189835,705.8311093,32.57939679,20.39665088,73.19953402,1.097457322,1.266666667,0.017068733,2
4230.26595,21.39184938,904.9321204,947.3682824,78.51036598,15.19134068,116.4065221,0.082157386,0.2,0.006214497,2
3982.083722,45.60667334,1816.095915,995.9978321,54.23261171,21.22455109,104.7389616,0.671902278,1.733333333,0.01023176,1
5700.694116,23.16828554,1320.75309,582.1200129,70.49776936,19.7994975,142.3539081,1.33874994,2.733333333,0.025037402,2
5375.113728,31.3905654,1687.27859,985.2381289,68.2408999,22.05290126,266.7903563,5.476978398,3.733333333,0.011335528,3
3478.595319,69.63090264,2422.17732,727.1920906,26.24331934,22.82285962,70.78376094,-0.370144673,2.266666667,0.017509091,2
1181.286704,45.18277352,533.7380959,922.1713384,54.21915838,10.89572739,81.44531246,-0.508828029,0.2,0.006017185,3
3360.976013,19.02275266,639.3501539,941.8749686,80.91088997,12.94993853,91.31533579,-0.248837629,0,0.004632632,1
4063.688554,13.02539901,529.3116487,1198.702405,86.91320996,14.86347901,305.0096676,-0.815032637,0.733333333,0.006461121,1
2582.625704,35.91132382,927.4550797,920.8121292,63.74764937,14.8974067,158.8979882,-0.530324635,0.466666667,0.007015571,2
2511.860893,23.92998011,601.0878122,871.7029423,75.72627675,12.18192157,89.42710031,0.497971185,0,0.005688609,2
4403.170142,24.18396514,1064.861132,1055.269337,75.73904649,17.48557972,156.0120504,-0.855855014,0.533333333,0.006530942,3
3513.270205,71.33441244,2506.170658,728.0063738,24.60914585,23.03943781,72.77942447,-0.391258608,1.6,0.017216514,1
3547.154457,25.66351805,910.3246241,714.3720255,71.78367978,14.89087874,75.75911743,7.346377992,1.266666667,0.012419735,2
886.802959,43.23489817,383.4083563,739.0249049,51.42841452,10.12685256,54.58588695,-0.841126825,0,0.009058419,2
3464.659327,69.21129018,2397.935421,726.8947627,26.52256442,22.78387295,69.52627477,-0.111414669,2.533333333,0.01748645,2
3453.437489,24.90898786,860.2163247,775.2689478,73.27075577,14.91031146,110.1792806,-0.54725597,1,0.012323745,2
6913.111473,7.608587292,525.9901211,1000.006239,91.60731941,15.45983324,393.3538713,-0.719536465,1.2,0.011410605,1
2430.479638,58.93562376,1432.418335,808.5278149,38.87848915,18.90804391,64.09873948,-0.042571155,0.133333333,0.012900876,2
2076.557634,63.03528618,1308.964047,820.0619608,34.97458313,19.52231725,55.95132471,-0.233430914,0,0.013756892,2
2631.592148,62.20602173,1637.008783,839.3166054,36.72056805,19.32411091,68.05964352,0.484808204,0.2,0.011738649,3
1642.376217,23.20556005,381.1225993,731.5349888,75.16558085,9.588323699,55.9493434,-0.415783116,0,0.006822345,2
7479.667775,9.089613891,679.8729211,999.5663505,90.2568665,16.58769412,386.4480176,-0.620471561,1.6,0.011769156,1
4563.05844,12.86033402,586.8245568,934.2073568,86.78887926,13.72214333,366.6159804,-0.855224788,1.133333333,0.007730109,2
6990.77206,11.15851424,780.0662958,746.6432177,87.57645449,15.56904928,195.4374475,0.907465185,1.333333333,0.015293176,1
2422.781756,14.57668088,353.1611651,737.5303109,84.15375544,9.745153237,70.67811566,5.701504857,0,0.007641593,2
5206.515427,17.90786786,932.3759028,652.2372948,79.78341022,14.70412808,138.0178005,2.517402278,1.466666667,0.018665751,2
3364.467635,60.79387543,2045.390263,850.3947261,37.97569478,21.74168652,89.892973,0.104122271,1.2,0.013580227,1
4524.421743,42.04991629,1902.515555,1041.002171,57.85765395,21.78756974,101.0850682,-0.408111562,2.4,0.008822422,2
2759.099611,26.44790485,729.7240398,890.012638,73.28948201,12.4709662,87.67240782,0.631751785,1,0.006309285,2
3030.047777,20.41635072,618.6251809,884.0615719,78.61510913,14.37984035,103.0446087,0.635220986,0.933333333,0.009569289,2
2905.78936,50.25470236,1460.295794,1027.296145,49.61985503,18.64012632,72.45656984,-0.304484061,0.4,0.008410346,1
2024.080481,34.14381718,691.0983391,857.7441967,65.35491394,11.81732046,118.676796,3.316744498,0.2,0.006208093,2
6743.183628,16.87293796,1137.77319,945.1319092,82.96961723,17.23110146,214.5423016,2.01309037,1.266666667,0.010262583,3
1085.467068,47.68435881,517.5980115,716.4305602,44.81073645,12.77849954,69.15594257,-0.245481047,0.066666667,0.012794715,2
1829.662323,34.37467842,628.9405396,939.4206441,65.23126331,12.55156931,77.20080361,-0.048233939,0,0.00632466,2
1127.011704,30.47513319,343.4583179,720.3482499,67.21821011,8.885479126,56.89744089,0.120199993,0,0.006861208,2
1460.243989,39.73464745,580.222801,846.7742016,59.4955463,10.91582395,62.62810118,1.55047181,0.4,0.006479304,1
2897.320702,33.66442156,975.3662549,751.1080954,65.3566962,13.13642354,82.50488418,0.665423465,0.4,0.008136506,2
4055.784884,68.90195057,2794.514896,761.602234,28.53176138,23.43875275,83.85918941,-0.619485354,2.066666667,0.016125641,1
9302.621544,7.433493196,691.5097395,1110.698388,92.36305783,19.05754216,300.3076854,-0.602371641,2.8,0.008969402,3
3239.752944,25.74546015,834.0893033,969.6006857,73.96448757,14.73218108,100.825839,0.277941178,0.4,0.007178919,3
1376.470398,28.18788123,387.9978409,763.1073478,70.10384065,9.530535322,52.21008875,1.160982886,0.066666667,0.007010515,1
1758.545523,22.86509628,402.0931269,725.1693378,75.68107014,9.645425728,60.96322339,-0.137639828,0,0.007353273,2
2654.252775,48.67778002,1292.031327,835.1104255,49.84254347,19.42151793,69.86638318,0.344673701,0.733333333,0.01318215,1
3301.135183,30.26220515,998.9963013,788.7793496,69.00755703,13.75821944,72.75883686,1.015799246,0.066666667,0.008099531,2
2019.261568,25.18438336,508.5385742,886.7701665,74.60966567,11.12890126,63.572253,-0.328078664,0,0.004466186,2
2066.906207,61.58036165,1272.808318,830.6302943,37.76599478,15.04786776,62.03335651,-0.254851981,0.133333333,0.00797746,1
2492.649307,31.90776411,795.3486609,757.5730829,67.17816016,12.04634982,71.5415258,-0.466034964,0.2,0.007453224,1
4631.956791,16.71402027,774.186197,883.9241926,82.20129675,16.42291374,280.8032271,3.676538155,0.866666667,0.011060663,2
3220.815386,53.18817011,1713.092766,815.0073604,44.9199989,20.62881433,67.79305359,-0.381003615,0.533333333,0.013495575,2
2791.281474,16.55722967,462.1588845,781.1680537,82.40590546,11.23191673,72.45855265,1.182070429,0,0.007573893,2
1121.892096,52.97197781,594.2884322,809.7918907,41.87851038,14.50193426,53.17618969,0.013175497,0.066666667,0.011752988,1
1876.344651,20.83086311,390.8587859,733.9348989,77.66329073,10.42596374,61.33761113,-0.164096977,0,0.007314746,2
7971.081453,5.686078391,453.24194,1168.998149,94.30004424,15.96488032,234.8555544,-1.134613939,2.266666667,0.004601792,3
2089.628212,25.0067189,522.547453,847.8338041,73.84172943,11.86694632,79.62110014,-0.07499829,0,0.007692437,2
4068.392334,45.95749134,1869.731055,1051.493495,53.97816816,21.45673217,121.4927857,1.03929864,1.8,0.008652241,2
6161.644804,14.64253625,902.221074,967.6566285,85.18581953,17.16064837,157.1029446,2.202098262,1.666666667,0.00798827,3
1449.06895,24.07957797,348.9296877,767.6800861,74.34218776,9.343541634,53.32345154,0.269454835,0,0.006734281,1
2163.946535,35.79622677,774.6112088,783.5171497,63.20229301,12.27708805,70.76182498,-0.315839581,0,0.007590663,1
2712.313767,25.37248646,688.1814432,739.0794774,73.44429717,12.02994474,86.5146315,0.287341417,0.2,0.008527618,2
3446.252601,40.63988346,1400.553041,970.9596435,59.10976485,19.44225106,105.4564988,-0.101542293,1.066666667,0.010033396,1
1725.482817,26.50070162,457.2650528,889.0332724,72.95788908,10.62149205,66.38285275,0.338184943,0,0.005641524,2
405.4325974,48.61903137,197.1174018,795.336872,46.51094937,7.383920888,29.84514035,-0.220765804,0,0.005912353,2
2157.417792,36.34431421,784.0987013,784.9350062,62.65492953,12.36585961,70.59692865,-0.297324803,0,0.00762688,1
1920.266524,40.89152613,785.2262874,790.9718235,57.38743263,14.03868594,65.98989682,-0.012166332,0.133333333,0.009943275,2
668.977184,41.18686678,275.5307416,729.6779901,52.5368959,10.10323014,36.71683199,0.44557948,0,0.009107505,2
1615.71806,52.11582723,842.0448325,802.0383922,46.88236304,12.47802128,53.20682133,-0.191177873,0,0.006963522,1
1383.311543,66.2233547,916.0753096,795.6409728,31.82791147,13.38219801,45.91063809,0.042646746,0.466666667,0.008796065,2
4251.677836,24.8654273,1057.197861,1085.514483,75.09354839,17.83680991,141.5112223,-0.175701109,0.6,0.006396425,3
1888.345439,15.0629117,284.4398062,813.0236544,84.31920608,8.391226493,100.9658015,2.387114482,0,0.005046214,2
6253.010571,12.77896367,799.0699492,884.5138038,86.14914287,16.32128152,312.7192141,-1.247915442,2,0.014806251,1
2911.181,24.19790132,704.4447057,716.1626504,72.68449012,13.96088765,66.2307864,12.06737082,0.666666667,0.01203409,2
3662.626655,19.05460505,697.8990435,774.8810552,79.54683368,13.73503517,158.9335834,0.163604115,0.6,0.010190275,2
2455.148427,63.17160155,1550.956582,669.980638,32.19779669,17.52996507,62.07307014,0.30413941,0.266666667,0.01508767,2
2923.931124,39.98035468,1168.998034,645.0536858,57.34525457,14.49592184,91.54474104,1.099095083,1.533333333,0.014049888,2
4115.715909,71.2670194,2933.148055,778.8533427,25.77015684,25.30845106,78.47759398,-0.678208102,3.533333333,0.017785352,1
1122.512885,59.97791147,673.2597846,774.2193368,38.72436275,10.86362374,42.57654886,-0.134808996,0,0.00633744,2
8749.328717,7.240973089,633.5365379,1190.151428,92.31626767,19.18143717,418.5549037,-0.714117649,2.8,0.015669001,3
9088.202075,7.944125464,721.9781753,1052.01004,91.98529648,18.27714999,195.647843,0.18361732,2.4,0.007072867,1
1325.642172,42.69864348,566.0312247,781.2661133,52.32617217,13.5173491,54.52206737,0.590132566,0.4,0.011206216,2
2782.893164,23.10693358,643.0412749,906.3171522,76.83801512,12.18140343,67.64955681,-0.231778814,0.133333333,0.004277674,2
1863.436629,26.68854291,497.3240844,929.3001713,72.84463848,12.17782406,65.99640484,-0.044837646,0.133333333,0.006355855,2
1119.480121,33.90807778,379.5941901,921.1863795,65.52793998,9.46334224,86.05422684,0.233063933,0,0.00522439,3
1510.990543,42.74904085,645.9339645,831.475126,55.51593907,12.72612524,71.25180543,2.333530682,0,0.0084211,2
3170.605847,69.6205368,2207.392811,718.0507605,25.37623589,22.02595972,69.429601,-0.405134569,1.666666667,0.017852827,2
2479.229388,68.23451723,1691.690204,825.6523282,30.20630263,18.43549967,62.60721075,-0.282538969,0.333333333,0.011270161,3
6826.792999,17.00888825,1161.161593,973.7256119,82.8545109,17.80230453,180.2123323,0.519984804,2.666666667,0.007589292,3
616.5636392,42.09439645,259.5387427,710.2644744,50.42736355,9.296832332,34.7328549,0.61980243,0,0.008974975,2
2570.723396,34.0395064,875.0615547,852.8974782,64.50883323,14.94297893,71.31918666,1.378123824,0.533333333,0.009472507,2
2705.072985,31.44848833,850.704562,822.3205188,67.77797899,14.22094534,82.74420953,-0.281821742,0.4,0.008059343,2
670.7515429,46.48315405,311.786473,721.2981596,47.47485014,9.805044281,36.9666714,0.820038098,0,0.008899709,2
3324.225932,36.96953742,1228.95095,961.4965808,62.61903461,18.44078705,96.89349883,0.454540631,1.4,0.009479482,3
3895.579382,43.87835545,1709.316168,998.381941,55.89739877,19.99828153,136.1870286,-0.287487358,1.133333333,0.00881577,2
553.6343849,43.77844387,242.3725184,760.8773992,52.75624572,7.794118222,63.58960721,-0.285896082,0,0.006453098,2
1034.994695,46.00240687,476.1224707,902.2905069,53.05363227,10.23721719,79.98032238,0.298025888,0,0.006026999,3
4285.84175,26.62738643,1141.207644,907.951221,73.04592458,17.21349441,110.7291131,-0.504376515,1.066666667,0.009291456,2
1395.707496,29.54328328,412.3378194,722.7986104,68.45377286,9.531580231,51.30204978,-0.264135331,0,0.007207369,2
1941.448574,47.63938038,924.8940709,766.1525748,47.69145005,16.56545397,63.42368348,-0.512468041,0.066666667,0.013912241,1
3357.861292,36.06084285,1210.873084,757.8165709,62.92131399,16.0957489,103.6808539,-0.056877902,1.8,0.011207355,2
4412.766477,40.0327971,1766.55385,1002.895938,59.83452708,21.40550842,90.22782976,-0.328849181,2.266666667,0.009482436,2
3996.953507,48.8289807,1951.671657,812.5788336,48.55442536,21.10810617,160.5127515,-1.112781978,3,0.015226253,3
4494.757347,31.37146187,1410.071087,803.2659292,64.39917548,20.67493075,202.1936018,1.329379723,4,0.017902518,3
6371.817252,14.03799528,894.4754051,1172.615906,85.83462307,17.76739493,320.7458775,-1.111722855,2.733333333,0.007748,1
2799.264054,16.28376267,455.8255151,756.6424577,83.02140411,10.79817397,193.5960384,1.233650001,0.2,0.009383583,2
678.1523404,48.84244679,331.226196,721.7626047,45.38689238,9.758270222,37.19337089,0.755880627,0,0.008814868,2
2536.968301,26.40929255,669.9953806,889.3831326,73.39835352,12.29233409,68.71456038,-0.543534753,0,0.004903868,2
4354.439752,30.67822654,1335.864892,710.5358733,66.51265228,18.56714166,158.4026545,-0.100005571,1.866666667,0.019232669,1
3087.764459,45.03084178,1390.446328,982.0258873,54.63995388,19.14181482,87.75183498,0.585777115,1.466666667,0.009610944,3
3433.949386,65.09253817,2235.244815,716.4156849,31.24909251,21.55357368,72.14125804,-0.06759708,2.066666667,0.016781235,2
2125.567207,26.6666935,566.8184921,831.1972617,71.99756631,12.09896297,60.99217409,-0.084323849,0.2,0.007779782,3
2236.562334,26.67469829,596.5962546,951.482002,73.21227113,12.32876375,76.43143464,0.107627911,0,0.005371733,2
1380.952628,44.11475345,609.2038472,872.9084644,54.57198328,13.92588291,60.94924117,-0.114214857,0,0.009220159,2
3802.54298,66.3468275,2522.866632,733.0805744,31.30918889,21.17770115,80.58198539,-0.624761406,0.866666667,0.014819879,1
4635.421559,21.73665978,1007.585814,895.2672369,77.90474583,16.07063771,109.7675997,-0.597639746,0.866666667,0.00824412,2
2687.503102,58.5167062,1572.638295,807.3344703,39.03289769,20.34965623,74.07062151,-0.128420352,1.066666667,0.014070232,2
5266.804342,49.85315064,2625.667903,1026.516981,50.09693936,24.2041101,104.2702081,0.255271652,3.6,0.009669637,2
2312.509888,20.76803783,480.2629284,943.6005228,79.11048118,11.24104572,73.51310787,-0.291099851,0,0.004480461,3
3063.729429,33.78670691,1035.133283,912.5612976,65.74144506,17.01410159,91.18654334,0.056237179,0.733333333,0.009671845,2
3581.637654,41.23772846,1476.98601,810.1223325,57.77839373,16.68653455,106.3791552,-0.472052115,2.266666667,0.010411231,2
2904.395063,21.97863637,638.3464296,868.4257971,77.71709256,11.33577024,114.9964875,2.310478695,0.6,0.005842682,2
2804.270201,30.26321442,848.6623039,866.202807,69.53906347,12.99086996,89.11971159,-0.470454587,0.2,0.005475861,2
924.9270646,37.5217304,347.0486396,835.103036,60.31951443,9.352131464,46.88486996,-0.214270545,0,0.006367509,3
2112.927606,58.48721763,1235.792567,807.129753,40.8649605,14.18496971,65.44037286,-0.282314096,0,0.007314458,1
1360.042381,46.57190962,633.3977084,787.9026817,50.67565987,13.42403877,58.99136503,0.001660613,0,0.01018322,2
5810.479329,9.707269756,564.0389025,1136.365127,90.23283196,15.36848733,316.6780262,-1.080523444,1.8,0.005615987,1
1678.705605,47.75786603,801.7139739,853.0746217,50.72408942,14.75399964,61.19144538,1.507492519,0.333333333,0.009468793,2
3420.996063,43.72883204,1495.961623,1042.589709,56.13409435,19.98361399,93.79879194,-0.711113077,1.533333333,0.009589584,1
1068.163287,34.78763751,371.5887723,785.7814115,62.33293527,10.9156378,54.06177144,1.149725706,0.266666667,0.008616299,1
4196.758427,22.6215793,949.3730357,926.202248,77.00115073,15.95728551,99.05628624,0.297228038,1.133333333,0.008333541,3
2532.604272,49.68184227,1258.24446,844.8622333,49.91359253,15.01943574,67.87965713,0.226005216,0.2,0.007435691,1
2848.694734,24.05217678,685.1730935,880.1527152,75.75179463,13.05063456,75.77267599,-0.140979312,0.266666667,0.005518333,2
3419.967779,20.73927362,709.2764755,895.1350454,79.06362644,13.80485973,116.5900889,0.420185767,0.333333333,0.005858924,2
1387.45383,28.02436006,388.825057,774.0368141,69.77106821,10.27251553,51.5518775,1.748179192,0.066666667,0.007821203,1
1044.564914,34.4440603,359.7905687,784.7320085,62.70455084,11.1467968,55.00649706,0.88961452,0.266666667,0.008841992,1
4151.82702,66.52153971,2761.85926,760.1372474,31.09804647,23.66769194,84.96696715,-0.609490336,2.4,0.016382752,1
3208.322738,36.60290827,1174.339429,583.7728404,52.14751201,18.82530683,123.875102,-0.507357028,2.333333333,0.024910668,2
4260.314413,20.23000822,861.8619561,954.763067,79.68213536,15.39364058,119.2484297,-0.121785007,0.133333333,0.006333322,2
3357.423014,61.40885997,2061.755197,717.59422,35.52046317,20.09263086,84.31076651,-0.716703284,1.533333333,0.01456195,1
4639.265357,38.61608718,1791.502755,1010.952144,61.27813662,21.25348284,91.29579255,-0.402968625,2.466666667,0.009168519,2
936.8387687,37.44977343,350.8439963,795.2146007,60.07976166,10.6699376,42.95516285,-0.043670476,0.266666667,0.007810537,1
4200.629198,2.313112476,97.16527802,1319.311031,97.5933919,12.5432609,533.5522556,-1.622316549,1,0.004711612,2
2612.361305,18.85362005,492.5246748,771.3722491,80.3358971,10.3166275,178.0444094,1.785203702,0.2,0.006410721,2
12536.41927,6.69630503,839.4768739,937.7210124,92.77100234,18.9168687,340.5457394,-0.191689179,1.8,0.01179165,1
4865.897678,12.62103226,614.1265155,884.5653915,87.09421421,14.07342904,95.97969695,0.181500586,0.333333333,0.007283538,3
3003.456783,25.6454023,770.248575,926.5035032,74.26754676,13.16991528,81.08278954,-0.314065283,0,0.00480904,1
4449.483523,25.98883455,1156.368911,1008.538796,73.92482326,17.90662986,151.5908682,-0.49246158,1.333333333,0.007374618,1
3070.054181,33.41914894,1025.98598,961.2504372,66.14859707,18.19445867,144.399315,1.419947558,1.4,0.009921484,2
1910.376416,47.27666344,903.1622287,764.0733105,47.93719799,16.50283538,62.74954603,-0.510534309,0.066666667,0.013876414,1
2722.195405,21.71998861,591.2605319,890.8481456,77.74692475,13.79261842,72.5591612,0.50498001,0,0.007613756,3
2774.201884,27.15390222,753.3040669,883.9120434,72.54210454,13.0843122,92.36418546,0.042244443,0.2,0.005940389,2
4129.34806,18.87419196,779.3810795,931.6067463,80.99073807,14.41963278,111.2830338,-0.03972697,0.6,0.005817956,3
2739.645797,17.15176202,469.8975273,723.4565983,80.8179626,12.02869178,104.6184266,7.030639726,0,0.009731768,2
1745.155089,25.37830571,442.8907935,768.3295456,72.85454987,10.46355855,54.06729834,0.399888893,0.2,0.007545305,2
1033.597837,54.24020089,560.625543,856.0187661,44.26063091,10.76092443,85.87866034,-0.878110491,0.2,0.00680949,3
3626.163308,29.1663268,1057.618641,1095.682985,70.81837943,17.49541841,88.58879134,0.155989779,1.2,0.006505616,1
2910.920393,28.85726647,840.0120545,887.7264433,71.0388696,13.23324243,77.54692789,-0.396471517,0.133333333,0.005047634,2
1801.937275,34.63245511,624.0551179,826.8787866,64.56279378,11.37442462,74.15523962,0.36678482,0.4,0.006939327,1
2574.517906,22.44213785,577.7768574,926.6619846,77.28428917,12.3293863,82.70847675,-0.612943919,0.133333333,0.005300218,3
6614.924308,18.0625596,1194.824645,914.6398813,81.83338913,16.71627672,155.2384318,0.340754525,1.533333333,0.007460736,2
1963.337404,62.58705114,1228.794985,833.8378023,36.77620635,14.62982478,59.30222133,-0.429460761,0,0.00767688,1
1455.612431,26.72512317,389.0142152,759.5949917,71.57053379,9.579797774,54.11948341,0.819311405,0.066666667,0.007015889,1
3101.15781,44.27174218,1372.93659,931.1121926,54.79747512,18.52931473,89.16926543,-0.077319822,1,0.010521778,2
4167.954157,23.26005012,969.468226,881.9120234,76.29794435,15.90946727,100.2267926,-0.2876594,1,0.00856388,2
2793.919188,28.71339621,802.2290862,765.0591794,69.29806078,14.27021091,138.5602597,1.471974376,0.666666667,0.01084016,2
3654.600696,48.37148779,1767.784729,977.3758742,51.1290013,21.25347747,107.6337735,-0.392355636,1.533333333,0.011164039,1
5661.703026,29.54767847,1672.901806,962.4603017,70.04519265,21.91005099,266.8456927,6.252908957,3.733333333,0.011347305,3
8896.647931,10.14468325,902.5367527,1044.619945,89.76502944,18.66866096,195.0171342,0.211012203,2.733333333,0.007368388,1
955.3167241,36.43164911,348.0376368,831.1106392,61.41370412,9.594286689,49.35532676,-0.263567923,0,0.006655873,3
4122.762213,18.63260458,768.177981,775.6057361,80.17987473,14.12149447,160.014855,0.098986064,0.666666667,0.010415859,2
1549.542305,35.71318538,553.3909159,828.9526695,63.51771562,10.75241312,64.21352666,1.83725334,0.133333333,0.006153231,2
673.1227556,46.4713194,312.8090257,717.1487296,47.65592376,9.541440522,37.98432061,1.037277871,0,0.008866333,2
9666.782934,7.233239098,699.2215227,1126.469749,92.58145495,19.01452955,296.7036901,-0.491720172,2.8,0.008922903,3
3469.673917,62.31204355,2162.024722,718.0999526,34.67732024,20.2265383,84.77239732,-0.675225526,1.466666667,0.014530607,1
1088.456284,54.77731928,596.227174,757.1465099,36.5922793,14.46306557,44.68231266,-0.119745175,0,0.013020318,1
1622.924729,25.34863653,411.3892907,737.098684,72.97798227,9.630553559,62.35033917,-0.199559697,0,0.007039831,2
1922.429159,33.67790917,647.4339461,808.1892384,65.36034974,11.50432377,80.02014877,-0.462939343,0.4,0.007178981,1
1104.221734,36.84032316,406.7988554,908.1268705,62.29984453,10.36568143,52.88633617,-0.080673666,0,0.006346548,1
2594.094031,38.79962857,1006.498849,797.3917152,60.21477884,13.45122576,68.9912734,2.903095297,0.133333333,0.007832626,2
2399.173799,23.3741778,560.7871496,840.7445847,75.39536999,12.95340818,67.58427753,-0.160163702,0.266666667,0.008282769,3
1692.556379,35.63702297,603.1767054,786.8235792,62.89361195,11.63409065,65.43872932,-0.183299554,0,0.007617412,1
1109.2095,52.21750312,579.2015054,696.4237033,45.09395414,9.980803025,45.68862383,0.335504143,0,0.007524255,2
3921.762782,31.73518929,1244.578842,882.0163737,67.65046335,16.86668845,110.3381655,0.175500835,2,0.009599949,3
2960.013362,59.4486423,1759.687756,826.4175576,38.52579054,21.20397091,72.9738795,-0.461921128,0.733333333,0.013772794,2
2620.322074,57.27699665,1500.841787,812.8771421,40.81837634,19.45565958,65.74100843,0.062100245,0.4,0.013278602,2
2687.525556,32.31494707,868.472461,668.4876962,56.64649018,19.49566863,96.38119883,1.439399024,2.933333333,0.024501314,2
819.4664239,41.91442927,343.4746746,798.5077079,55.98564738,10.31585789,45.27277531,-0.230582674,0,0.007469776,1
8498.838898,11.38654886,967.7244437,909.9653946,88.411101,16.45592661,227.2699868,2.06578256,1.733333333,0.007932473,2
7269.684045,14.62451673,1063.156159,958.9338639,85.22604355,16.79371544,217.0654428,1.746703482,1.266666667,0.009917859,3
3089.009829,24.23012415,748.4709165,887.7295826,75.53155193,13.68948264,95.51005471,0.124528523,0.4,0.005991525,2
3645.826952,44.97878335,1639.848606,1020.419339,54.89819393,20.92670611,84.25028204,-0.18368758,1.333333333,0.009637555,1
8306.343643,23.75731626,1973.364329,743.2386035,74.63017263,20.96888416,185.9471103,1.748091342,3.266666667,0.016346717,2
3171.300034,33.96229643,1077.046318,907.9613559,65.56998738,16.66185304,91.23611386,-0.088517069,0.733333333,0.009434785,2
1972.786988,21.76332685,429.3440802,1032.344364,78.20050022,10.97157788,78.66531321,0.443620527,0,0.004088791,3
997.668738,54.31863047,541.9199951,691.5493368,42.66274485,9.606106433,42.33921713,0.740927067,0,0.007223685,2
1894.076495,33.84872797,641.1208002,818.5422646,65.23313724,11.41524397,77.48507147,-0.117357051,0.4,0.00711801,1
1786.693623,36.92787222,659.7879382,754.9575535,59.14103668,14.66505577,124.4498089,0.110880813,0.6,0.014938971,2
2899.815488,25.35670779,735.2977396,863.5219646,73.70207528,13.8457087,79.49845987,-0.110816354,0.533333333,0.008447609,1
2949.602886,28.69153727,846.2864115,891.237337,70.82977969,14.20647176,93.44754155,-0.338993198,0.4,0.007487057,3
4498.708003,46.45757698,2089.990734,1010.723901,53.39946468,22.16950767,95.0822001,-0.445859838,2.4,0.009953306,2
3966.612306,32.51643384,1289.800866,879.8717016,66.86958456,17.50523878,111.388976,0.154575332,2.466666667,0.009637325,3
2452.57182,40.07714286,982.9207119,797.6637595,58.36769258,14.2055635,62.46929723,0.109549059,0.6,0.009162861,2
4622.280698,42.69845739,1973.642554,1011.416675,57.16532946,21.94235653,98.38514398,-0.418967763,2.6,0.009792814,2
539.0308671,38.63278981,208.2426619,776.9512997,57.02038198,7.499656683,48.89230683,2.61176826,0,0.006199104,2
671.8209789,27.20930978,182.7978513,791.0813501,69.96580652,7.169713172,62.95422118,0.864099545,0,0.005857201,2
4551.882949,37.47757338,1705.935272,905.4768202,62.07804189,18.47870917,118.957605,0.296662403,2.666666667,0.009198509,3
4012.164772,43.60200973,1749.384474,1040.128436,56.34340385,20.42560003,108.7616191,0.866862949,0.8,0.008541874,3
3483.223439,23.95774546,834.5018054,714.0842106,73.10467072,14.90448167,75.7208247,7.383544553,1.266666667,0.012441795,2
2159.030812,43.201271,932.728752,697.5046071,45.85484224,18.63043282,73.35007114,1.340311873,2.466666667,0.01972971,2
1038.152526,54.86044038,569.5350474,571.6601676,41.60363057,8.850101059,46.25494741,2.472572231,0.133333333,0.008898488,3
1226.837538,57.38509155,704.0218443,777.6594519,41.24268022,10.93626801,52.14184639,-0.48384011,0,0.006440832,3
3676.569536,60.06199075,2208.220855,919.666086,39.22084524,22.68235671,84.45603618,-0.303574274,1.4,0.012556299,1
1577.292713,42.12899651,664.497592,854.0784392,57.08531587,11.77512946,52.70417318,1.037246856,0,0.0064333,3
3082.118295,63.63487256,1961.302049,703.6118122,32.56629333,20.4030113,71.59100652,0.626672142,0.8,0.0161199,2
1914.498008,21.01216523,402.2774847,730.3620984,77.24441673,10.00874542,65.67459113,-0.252539174,0.133333333,0.007957369,2
1519.495246,37.48182399,569.5345337,970.1358566,62.36329129,12.24816684,53.15066287,0.149481087,0.2,0.006028285,2
8370.744428,21.15403041,1770.749821,799.301955,77.17576693,21.01866231,264.2315805,0.137761453,3.266666667,0.016549573,2
1322.950144,67.86680656,897.8440149,796.7956666,30.34549324,12.99633488,44.10983923,0.217772963,0.4,0.008435583,2
3109.065601,18.92448098,588.3745283,702.0144149,79.45663758,11.75461669,112.3643788,0.573575162,0.266666667,0.009517218,2
2696.034169,33.62962704,906.666236,796.5543306,65.49654725,13.22614583,67.12417163,0.48224191,0,0.007891746,2
1144.561265,51.41718464,588.5011789,750.550777,39.80690419,14.41109908,46.01671442,-0.415181438,0.133333333,0.013558962,1
3679.948169,25.19751855,927.2556224,699.0429121,71.52210625,16.04672349,124.6021749,0.258332778,1.4,0.016462415,1
1558.081659,33.58451902,523.2742312,839.6764896,64.4339922,12.62088541,59.08378656,-0.074903244,0.133333333,0.008867589,3
5337.012073,17.13214354,914.3445692,900.3616045,81.01220034,17.11765366,417.7315815,-0.99233849,2.2,0.015257477,2
1820.649323,48.06754994,875.1415227,760.9586314,46.82879932,16.22926452,59.61621011,-0.312499607,0.066666667,0.013921365,1
3467.860472,30.58206226,1060.543248,923.3916418,69.06149089,15.92454913,134.7544123,-0.937087025,0.4,0.007727594,2
5122.980233,33.84385286,1733.813892,1046.372033,66.09533309,21.46351509,110.823352,-0.221277077,2.533333333,0.008392821,1
6556.170122,17.07255027,1119.30544,796.0614349,81.19407809,18.76219577,269.4740511,-0.337232848,2.866666667,0.017668085,2
1546.164217,44.00484802,680.3872138,856.8462511,53.68577624,14.0372766,50.92276972,-0.140146543,0.2,0.009623025,2
3261.390211,26.11893662,851.840442,879.9328202,72.51649731,15.74625158,84.6311193,0.698193332,0.933333333,0.009969031,3
2881.230436,24.47436524,705.1628603,856.0803465,74.51908194,13.60934517,82.3243555,-0.336223511,0.266666667,0.008635714,1
3817.633256,20.92901741,798.9931288,855.0226073,77.78933479,15.59916085,115.6069642,7.296413653,0.6,0.010304851,3
6546.606852,12.12927684,794.0560684,1153.771387,87.86323139,18.69470621,160.4208425,0.189496653,1.333333333,0.005571,3
3272.311441,41.32973034,1352.437495,914.8733085,58.11318861,17.90653252,98.15460394,-0.445019585,1,0.009941279,2
1127.608486,33.3228092,375.7508242,901.3440861,65.79865291,10.19303286,46.8842048,0.189123626,0.066666667,0.006331154,1
1336.927099,42.9155635,573.7497981,782.9547847,52.26200505,13.49701329,53.76115616,0.792309152,0.4,0.011094979,2
2877.346534,16.23576514,467.1592254,786.2673314,82.8957826,11.21948422,73.23180397,0.827706839,0,0.007345201,2
526.6721409,41.65599209,219.3905053,781.0468337,54.17042816,7.553284807,46.96996366,3.839730942,0,0.006178019,2
2189.920113,26.66982138,584.0477825,891.1708256,73.09122404,11.26339726,64.38937933,-0.323116282,0,0.004467505,2
914.3542064,36.8175409,336.6427339,787.63592,60.18781195,10.74883357,56.696263,0.692860932,0,0.008495353,1
2623.997491,24.01413407,630.1302755,857.3066575,74.2285041,13.60974546,203.7665143,-0.508991448,1.266666667,0.012500465,1
3631.636921,43.42104391,1576.894662,983.5881153,56.38194238,19.97897668,100.8611424,0.187369554,0.466666667,0.009810964,1
3374.505879,34.49390109,1163.99872,810.9714059,61.85104411,18.71431416,128.1713198,-0.757149259,2.333333333,0.015919453,2
1685.016203,28.83142311,485.8141509,793.786014,68.41899772,12.30107703,106.6736755,1.236735433,0.6,0.012306554,1
1518.957467,60.1921072,914.2925066,786.3814447,38.70707855,12.04127098,52.06121225,-0.24248633,0,0.00654282,2
2102.39733,27.42193524,576.5180343,706.5384416,71.45275524,10.07380772,68.57635623,-0.286397614,0,0.007092182,2
2101.237439,34.46777807,724.2498573,688.7298828,57.03846317,16.12200321,91.49144449,3.00919727,1.266666667,0.020098676,2
1486.054188,59.53183985,884.6753995,784.0792746,39.40415174,12.0375259,53.09305265,-0.130709017,0,0.006360039,2
814.0259104,35.49555004,288.9429744,728.3702465,59.77489131,9.645966545,43.72885946,-0.105645116,0,0.008816317,2
2490.184019,25.43371024,633.3461876,843.0750246,73.63417925,12.97516935,70.02558196,-0.024460658,0.066666667,0.007883424,3
2817.114551,41.17303445,1159.891544,788.5689203,57.67398637,14.24064738,75.47420257,0.706537421,0.4,0.008904411,2
936.4646941,33.00246106,309.056396,657.5712005,63.1727166,8.508296369,49.08623347,3.062809497,0,0.008193972,2
6935.745213,11.83517022,820.8572521,818.3200041,86.220139,18.52546454,337.3757428,-0.717040441,3.266666667,0.019401038,2
2448.988653,25.68334023,628.982088,843.4468667,73.03807103,13.26344051,67.54731013,-0.069059101,0.266666667,0.008427169,3
5001.129055,10.87498011,543.8717901,692.1847841,88.80323646,10.574495,212.8160777,0.329250586,0.666666667,0.006400663,2
5156.652467,11.90837944,614.073742,961.2888403,87.51427908,16.96729351,322.1837944,0.26394642,1.2,0.009829163,2
2619.260734,47.50415942,1244.257795,885.8502095,51.9422606,16.46382067,85.78148034,0.433058624,0.333333333,0.008609713,1
3395.817671,22.8153676,774.7682848,929.3504519,77.10399484,13.84868589,77.98535718,-0.500769562,0,0.004863835,1
3219.775426,45.7137838,1471.881177,798.9754683,51.9892398,18.67837573,98.76678545,-0.126847798,2.8,0.013222513,2
2954.799341,17.09226796,505.0422211,751.8473302,82.03959638,11.66134358,198.8454287,1.068682696,0.333333333,0.011723392,2
2726.151449,59.22381013,1614.530758,829.7788487,38.65419164,21.32391319,67.3244671,0.421119316,1.533333333,0.014602815,1
1074.778228,32.52950304,349.6200163,895.0924124,66.34615721,9.584585581,56.5614476,-0.498472851,0,0.005959906,1
782.6652672,36.98852693,289.4963532,732.1187637,57.68408013,9.943958617,40.16190007,0.196048058,0,0.009026892,2
1717.663045,22.79934135,391.6158608,730.7060765,75.50961812,9.739040115,60.13927965,-0.116296974,0,0.007393776,2
2574.802871,64.7763859,1667.864244,678.3536515,30.93015506,18.13267622,62.37522715,0.038832848,0.266666667,0.015190511,2
2150.995717,71.48651701,1537.671919,817.2745851,26.58900615,20.45044037,55.55505362,-0.054681473,0.533333333,0.013847417,2
3688.242989,20.03765303,739.037333,855.0651484,79.04788544,15.60418061,116.4917864,5.104482397,0.733333333,0.011314684,3
3693.485446,13.39623125,494.7878516,720.8923626,86.07453726,10.03058879,241.5696517,-0.564766954,0.6,0.006963951,2
2697.631762,49.02658167,1322.556639,673.7995756,49.0582054,14.01242711,69.17803924,2.294521695,1.266666667,0.01103201,2
3819.340925,20.48054764,782.2219377,626.9934472,78.02553252,12.64341773,120.2283121,45.59664005,1.2,0.010291598,2
1104.732161,49.49695065,546.8087327,726.5956209,43.14357054,12.63279131,69.93249031,-0.305199115,0.066666667,0.01249521,2
4120.778345,12.3710205,509.782334,668.8758278,86.82001256,10.56045104,220.0042351,12.56690201,0.6,0.007906866,2
2663.365488,23.72384351,631.8526605,903.0642439,76.19999749,12.20937175,67.93025482,-0.285027609,0,0.004217261,2
3214.98143,34.69844102,1115.548436,895.060843,64.54125991,16.00313974,173.2197773,-1.183549443,0.6,0.008894353,3
2680.772352,47.78888142,1281.11112,898.4220905,51.67064487,16.33275917,84.49303929,0.359794468,0.2,0.00873657,1
2335.186825,56.33574261,1315.544839,702.7182742,38.78337325,16.79128956,69.28547488,3.339818787,1.466666667,0.014978266,2
9321.128922,7.86348573,732.9656427,1093.176852,91.95168576,18.69875737,299.0590987,-0.601358269,2.466666667,0.00897234,3
1064.632713,54.84471876,583.8948175,782.3711023,40.73464544,12.69687183,47.31717468,-0.443528853,0,0.010129899,2
2822.145017,22.63023644,638.65809,902.4002925,77.29169977,12.33189627,69.43832925,-0.34710099,0,0.004244219,2
911.0693183,36.61509788,333.5889226,782.1770682,62.15529108,8.283192655,57.41893975,-0.641771805,0,0.005320367,2
2038.982455,55.74370212,1136.604306,807.8505976,43.47761248,13.93301261,64.18550714,-0.339869426,0,0.007445937,1
2511.092293,31.93400288,801.892285,855.095709,67.80733809,12.4607845,92.53516757,-0.505069057,0.2,0.005385719,2
4656.984343,38.42967356,1789.663881,1022.012237,61.46586039,21.51975945,127.9489021,-0.525298685,2.6,0.008784589,1
7080.182562,15.39968314,1090.32568,943.2501072,84.1082944,19.10779666,169.8351645,1.607532211,2.466666667,0.010555656,3
1926.191715,32.03570896,617.069172,951.6234996,67.77448845,12.41065949,75.66050189,0.10220036,0,0.005752535,2
6036.118387,11.05389314,667.2260765,1184.312754,88.93827735,17.58583322,187.8322948,-0.724982805,1.2,0.005303034,3
7279.175954,16.09152773,1171.330617,1142.831623,83.84222983,20.43880898,274.539335,0.430249798,3.533333333,0.008336672,3
4922.990442,14.90922436,733.9796903,827.2678641,84.2763793,15.47969484,117.5336693,5.463161713,1.266666667,0.010987368,3
2418.723043,23.32902506,564.2645049,935.4865063,76.54771595,11.83923345,82.04565961,-0.661055719,0.133333333,0.004591223,3
2136.571648,62.64873489,1338.535107,805.1826319,34.9799097,18.63893532,68.73120243,0.123818738,0.6,0.012830581,2
2981.192224,65.43682672,1950.79759,698.2381177,30.66339164,20.19396383,67.57780488,-0.327047477,1.066666667,0.016307182,2
1737.023189,40.28006556,699.6740791,828.9211632,54.27475079,15.3323936,95.04766359,1.589816408,0.733333333,0.013199089,2
1564.14518,18.88347121,295.3649047,802.3538483,79.61919015,8.92767366,106.2815755,2.047682697,0,0.006584639,2
4019.649443,19.58698234,787.3280268,944.6315245,80.31871408,14.59318713,121.8589462,-0.234754394,0.133333333,0.006006457,2
1060.184319,33.20942888,352.0811573,782.2439547,63.71196792,10.88718659,57.56880199,0.331390843,0.066666667,0.008713055,1
2886.752461,38.49265746,1111.187737,949.1963497,61.21668374,16.03725603,167.8799376,-1.002847191,0.666666667,0.007298419,2
4863.268435,2.68426987,130.5432493,1319.702058,97.24141704,12.67960791,533.2225477,-1.617064314,1,0.004738645,2
2476.943449,58.55321183,1450.329945,808.8500931,39.22628008,19.11889719,64.56083867,-0.002589268,0.4,0.013308108,2
3940.922765,70.17167791,2765.411629,748.4286946,26.61725643,24.00757921,78.64643363,-0.636121361,3.466666667,0.017322997,1
9211.92848,7.306546994,673.0738834,1098.851539,92.49927589,18.75007159,303.4296152,-0.641811515,2.466666667,0.008908729,3
2346.640378,48.38881817,1135.511546,893.7700428,50.48141534,16.60662392,74.32535333,1.251847907,0.466666667,0.009953696,2
5721.699048,11.82032601,676.3234805,909.4433842,86.82757123,16.11205352,341.7713712,-1.168727939,2,0.014791997,1
2899.574369,27.23323295,789.6478423,870.6421345,72.03583683,14.39242827,79.44960986,0.30231012,0.533333333,0.008302649,1
3575.446856,31.24413007,1117.117266,1084.755874,68.73279257,17.58238673,87.08980638,0.20862375,0.933333333,0.006566895,1
880.6226543,45.99930341,405.0802867,737.3689715,48.40704987,10.2043976,53.06373537,-0.780279379,0,0.009142987,2
3104.26696,39.63226346,1230.29126,620.7008122,51.90116939,18.28450991,126.2791603,0.632171973,2.133333333,0.023697424,2
1512.849876,26.85364487,406.2553331,722.6352222,71.35553878,9.512600757,51.82912768,-0.30559227,0,0.006935911,2
4849.373867,17.01284686,825.0165497,827.2380682,82.20325494,15.08144634,116.6344884,5.710432903,1.266666667,0.010443248,3
1207.189395,46.63274342,562.9455333,826.0063636,51.65643737,11.21504829,76.4170181,0.608366518,0.2,0.007241683,3
2878.146164,29.87908869,859.963845,686.9374054,63.5612544,16.20334159,132.3415851,-0.274379001,1.533333333,0.020563558,2
2476.745819,21.06509345,521.7288214,916.0886662,78.67770163,12.08676158,81.97452165,-0.020995971,0.133333333,0.005927392,2
6480.324196,11.80800036,765.1967043,1162.738809,88.18386957,18.19521917,170.7943732,-0.151384177,1.2,0.00544612,3
2505.55454,22.38275303,560.8120847,924.4108936,77.47577867,12.16411731,84.90815615,-0.667759955,0.133333333,0.005032575,3
811.3659652,34.8132639,282.4629747,731.2032812,60.42790308,9.694102486,43.15127544,-0.082318104,0,0.008916427,2
6013.032369,20.53816888,1234.966743,1011.827504,79.33426137,18.14039087,160.009926,-0.320511955,2.333333333,0.007672107,3
962.0976207,37.58350292,361.5899874,774.3517099,59.44518945,11.06643659,52.23162661,-0.038919366,0.066666667,0.008855335,2
6539.757634,14.60923678,955.4086775,964.228293,85.23324876,17.46856494,160.4663427,1.974931929,1.666666667,0.007971398,3
1200.684091,51.31219972,616.0974189,695.8451811,46.5162358,9.961231436,47.323149,0.381930019,0,0.007319113,2
6501.937164,16.04076927,1042.960739,849.2474268,82.63032756,18.81750328,277.0887594,-0.799418549,2.733333333,0.016819832,2
4244.312804,41.38931524,1756.692006,995.3642276,58.41167304,19.97849982,137.0914054,-0.319453082,1.133333333,0.008937102,2
6104.090299,9.581785853,584.8808608,1034.958364,90.26519369,16.09701542,215.0910944,-0.821466877,1.866666667,0.00771659,3
1727.282175,57.76486062,997.762141,813.5886243,40.06907886,17.38019794,52.95811153,0.072217278,0.066666667,0.012249092,2
1694.498252,35.16465597,595.8644807,933.3183957,64.37556534,12.39488691,71.4564811,0.066748927,0,0.006382667,2
2061.816331,40.28005775,830.500809,698.3976648,48.84353071,18.62931516,74.84079319,1.215714423,2.466666667,0.019890307,2
636.0355709,41.64099905,264.851566,717.5641004,51.88956941,9.302707409,33.62294699,0.759559414,0,0.008555694,2
2200.526913,29.52442639,649.6929485,775.9470402,68.74697488,12.03788238,61.7477022,-0.026082477,0.133333333,0.00826099,2
3104.494454,49.97192915,1551.375769,939.8060542,49.44052766,20.81976857,72.64715531,0.20921949,1.2,0.01197498,1
3096.816072,26.5199071,821.2727454,901.7831086,72.909033,14.09324992,102.1612811,-0.178803617,0.733333333,0.007760202,3
1119.924946,53.1093583,594.784952,757.194725,38.16962902,14.65124482,45.36074783,0.058208998,0,0.013296976,1
4415.388987,17.02201669,751.5882505,960.1877023,82.79155399,14.71362613,162.7543017,-0.813454568,0.6,0.005923067,3
1387.369264,56.22066897,779.988281,781.1854805,42.9091629,11.28330152,49.64096762,-0.327858274,0,0.006267489,2
491.7189706,49.74475016,244.6043734,780.534042,47.00372714,7.456494235,47.70192607,0.617222623,0,0.005744798,2
6315.635284,22.57861635,1425.983061,1099.390182,77.40241722,20.10720991,161.8721646,0.433119558,2.666666667,0.007271154,1
1381.205561,29.60201132,408.8646265,767.5862389,68.8423663,9.513640591,57.10654705,0.320012495,0,0.006578902,1
3151.788116,27.56765002,868.8739174,1004.794408,72.17763322,14.81922066,98.33780341,1.729028101,0.4,0.006919985,3
983.6575229,39.89428948,392.4231797,748.507314,57.26027552,9.750505801,64.4060475,-0.652826119,0,0.007619949,2
2477.082224,39.18123547,970.551419,802.0509861,59.29103752,14.14067375,63.83520403,0.173443412,0.6,0.009035342,2
1436.45722,29.89721299,429.4606747,766.9317774,68.68273804,9.430706427,56.50118414,0.353359227,0,0.006654778,1
1420.80353,58.03657157,824.5856575,792.1388915,40.74495187,12.03113298,48.70883514,0.01662438,0.266666667,0.007039957,2
1854.273579,60.88714603,1129.014262,820.1585204,37.21270239,17.83156985,52.35411506,-0.189049365,0.066666667,0.012270612,2
4354.801637,18.79831512,818.6293348,929.2939132,81.05219975,15.07500656,124.7930291,-0.244580679,0.4,0.006441318,2
2886.948343,29.66102609,856.2985014,902.8104018,69.37384746,15.3928439,111.261075,1.218605846,0.8,0.010917937,2
4594.771921,35.9950098,1653.888603,908.4093191,63.57666993,18.20452446,116.4789666,0.522852351,2.533333333,0.00913362,3
1740.907031,26.29177721,457.7153982,744.6696042,72.06027709,10.24617615,77.9320859,2.222435997,0.133333333,0.007908477,1
6380.375429,21.02026347,1341.171726,894.6487055,78.72685622,16.66887788,151.2836625,3.638941131,1.333333333,0.01033576,3
6132.93665,7.031671582,431.2479636,1210.461994,92.92744577,16.65704315,297.2708814,-0.940482917,2.266666667,0.006331971,1
2099.762518,58.36667638,1225.561593,765.847873,40.13384624,14.35828681,64.2850168,2.956836342,1.066666667,0.00906984,2
1966.008299,42.67039183,838.9034446,833.679031,55.95726116,14.37098117,79.73264005,1.245991165,0.4,0.009348891,2
3584.482414,61.6377709,2209.395058,919.1833559,37.55729155,22.67441454,84.67624071,-0.307107114,1.4,0.012539842,1
8118.729687,22.60445282,1835.194422,745.1550651,75.64910457,20.86259907,185.2745952,1.765555252,3.266666667,0.016045794,2
7521.618632,8.410702864,632.6209937,1025.020828,90.98237227,16.42064492,388.0765861,-0.7689444,1.533333333,0.011396378,1
6428.614088,16.23588919,1043.74266,995.952119,83.69298544,17.70463941,184.2447295,-0.515535531,1.8,0.006913004,3
1513.403907,28.76181678,435.282459,716.8328583,69.57092905,9.413446777,60.29602065,-0.132604401,0,0.007079758,2
979.6407744,38.19729897,374.1963154,771.1011676,58.74667302,10.97646051,51.83413251,0.006849717,0.066666667,0.008622202,2
2133.174456,61.27006992,1306.997481,804.3084694,36.23111328,18.56182786,68.65373215,0.115333731,0.6,0.012828105,2
3221.949646,21.50525762,692.8885717,733.1219904,77.24113933,12.5347052,117.2667611,0.412988113,0.266666667,0.009627039,2
2978.099752,64.10546266,1909.124624,701.7637672,31.83283009,20.50855457,67.09571414,-0.307044134,1.133333333,0.016551998,2
2100.490279,40.96086595,860.3790075,954.0253495,58.60881617,14.55817525,98.15761857,0.988587785,0.6,0.007679223,3
2681.719465,40.6143251,1089.162262,974.1667789,59.20531434,15.71030394,89.37264105,-0.122638644,0.4,0.007332787,2
4738.786626,37.73374866,1788.121835,1029.607428,62.1645663,21.38088794,98.68458242,-0.337624037,1.8,0.009110737,2
3839.666863,41.98559424,1612.106949,988.2041678,57.82732256,20.50000397,92.60294886,0.684556642,1.133333333,0.009909122,1
4045.385387,40.79042703,1650.129974,982.8035609,58.89418165,21.55971066,107.3994699,0.525180226,1.333333333,0.011355565,1
7155.922161,16.39105149,1172.930886,997.8348425,83.42548518,18.2786602,300.3927403,-0.057477077,2.866666667,0.008609527,1
2392.715009,57.75774275,1381.97818,765.5249334,41.05508027,14.79788448,65.73400288,2.425682606,1.333333333,0.008885886,2
5140.652771,19.89933705,1022.955821,1053.61912,80.06394638,18.29283511,167.3443166,-0.842803227,1.333333333,0.007002374,1
1966.663986,24.11620686,474.284755,851.3940019,74.73470125,11.51046753,80.28320221,-0.052117508,0,0.007546863,2
1655.186518,22.85393211,378.2752032,722.4431297,75.16392777,9.365092128,57.34522486,-0.334683697,0.133333333,0.007430698,2
3599.883677,49.92617153,1797.284099,935.9404482,49.31783115,21.76658457,96.63255243,-0.282448557,2.066666667,0.012258568,1
1802.147211,64.45620006,1161.595612,816.8593312,33.44679398,18.46457975,53.02750082,-0.041046179,0,0.012806947,2
2592.167787,22.88437699,593.2014485,789.5467387,76.4989258,11.33683285,73.55967059,-0.112728593,0,0.006573789,2
2862.376571,38.18797169,1093.083555,788.0695717,60.5767624,14.08633528,74.38061078,0.829043437,0.266666667,0.008845169,2
3740.912014,25.27168765,945.3915994,908.3970891,74.51929543,15.4205018,114.2567722,0.326243494,0.933333333,0.006609707,2
4633.759525,22.61381616,1047.86986,1049.417787,77.35422559,17.27923825,117.7943897,0.292338668,0.733333333,0.006886688,1
1764.304954,25.70679932,453.5463339,744.4171901,72.46130746,10.16720885,77.56342926,2.2989956,0.133333333,0.007880818,1
2085.475935,32.85525941,685.1885283,900.8735243,66.99103742,11.60553501,106.330479,-0.958160509,0,0.004612462,2
2403.101259,37.93094413,911.518996,798.1287573,60.55580252,14.03676145,62.379609,0.154075943,0.466666667,0.009027728,2
3215.831694,53.81036735,1730.450848,815.3234024,44.33231287,20.60059601,67.70143684,-0.366048585,0.533333333,0.013450823,2
5471.479991,13.08104021,715.7264979,928.0999529,86.70392997,14.61445554,196.2555708,4.679419856,1.2,0.006902486,2
1320.560775,54.94005215,725.5167784,771.4378477,43.86015118,11.00801029,45.36450272,-0.080862197,0,0.006282012,2
1265.44518,59.23485242,749.5845848,780.8879559,39.60577138,10.80027526,48.59869586,-0.413949249,0,0.006218071,2
1431.989085,39.21000919,561.483052,871.6868102,58.75879396,14.03146212,55.48397514,-0.388276335,0.066666667,0.009802283,3
1565.852296,40.2924346,630.9200122,864.2037692,57.0952224,13.81426392,56.87115338,0.370346593,0,0.009592825,3
5460.39329,12.2746552,670.244449,903.7728173,87.52266408,13.87199106,191.6341796,6.251615128,0.933333333,0.006727349,2
2504.352716,24.50566017,613.7081661,878.5970776,74.92458494,13.42674657,84.02068218,-0.200828612,0.333333333,0.007849399,2
2254.164841,26.62978442,600.2792377,948.4037183,73.24995069,12.19991534,76.19630127,0.125638206,0,0.005382694,2
4360.718324,70.47568045,3073.245912,755.8976388,25.85852459,25.70399171,84.5686521,-0.612376959,4.733333333,0.018463174,1
2261.166293,26.60749052,601.6396071,874.8805056,72.72477921,13.07912469,80.2953228,-0.110963005,0.333333333,0.00770188,2
2410.963919,34.1381379,823.0581871,790.749643,64.71701122,13.77181393,100.5400176,0.176506845,0.6,0.00931135,1
2978.277225,27.79942643,827.9439859,892.1296834,71.63150106,14.15528625,104.5842203,-0.565536887,0.2,0.007710402,3
2761.606672,48.62377134,1342.797313,778.2687533,50.6200848,14.84961759,94.58970383,0.560600982,0.466666667,0.008232289,1
2368.370846,25.76514185,610.2141079,882.7657363,73.6043964,13.18317706,76.34887776,-0.207234592,0,0.007426328,3
2031.298117,25.26550975,513.217824,743.844118,73.67970596,10.48799119,88.69246197,-0.610135097,0,0.007521375,2
5003.110855,62.78975425,3141.44101,785.9932455,34.83696695,26.00849971,87.01848033,-0.613204296,3.533333333,0.017542703,1
1816.128926,37.22603364,676.0727649,768.6619855,58.90815074,14.58141578,112.5656403,0.852237453,0.533333333,0.014025272,2
1995.842758,70.40608971,1405.194843,815.6255731,27.71381522,19.84954337,55.89574903,-0.135514444,0.333333333,0.013489396,2
4378.424275,17.2047695,753.2978043,960.2340413,82.60471647,14.72636333,162.7701052,-0.814621447,0.6,0.005929234,3
667.3595827,38.96482405,260.0354872,769.6359193,55.81393,9.369581314,40.37495168,-0.17514937,0,0.007825575,1
1378.964703,30.01938602,413.9567373,766.0904446,67.9634463,10.20138488,51.96350161,1.748554173,0.066666667,0.00755944,1
1476.225838,39.05345291,576.5171625,865.2617776,58.25613945,13.72441702,56.44618904,0.455801626,0,0.009438647,3
3966.258496,43.30249837,1717.489021,1050.117248,56.65665445,20.65758635,102.6602758,1.001548686,0.8,0.008568165,3
1321.103903,55.14085251,728.4679544,778.3310116,43.81510952,10.95384784,48.79271291,-0.227175641,0,0.006182047,2
4486.672711,49.64174153,2227.26247,1027.8116,50.27971113,22.7336415,94.11081233,-0.396489066,1.666666667,0.009270798,2
2541.155212,20.81077018,528.8339709,922.0719666,78.95912041,11.99106339,77.79608653,0.264700403,0.133333333,0.005874282,2
712.0246782,39.11094414,278.4795741,728.4280008,56.12903924,9.343472804,42.24400259,0.020096237,0,0.008305116,2
1647.67378,39.41332179,649.4029692,723.5210732,56.48309247,12.55217674,76.75239301,1.101095303,0,0.011282748,2
3663.806227,29.63731396,1085.853754,1107.227648,70.3491667,17.79731686,92.03474074,-0.257691502,1.066666667,0.00659012,1
5938.674854,14.39581285,854.9205177,1113.553195,85.59809257,18.37840901,139.5787175,0.866041283,0.733333333,0.005639064,3
2471.87044,26.92670962,665.5933755,888.8349097,72.76783521,12.50180709,87.44754786,0.673342295,1,0.006311309,2
3187.695305,31.89896581,1016.841835,908.4879088,67.71236856,16.579603,93.30747815,-0.168048943,0.733333333,0.009274389,2
3318.163332,40.38322727,1339.981439,918.5186786,59.07718991,18.04643173,97.3366051,-0.394326676,1,0.010012737,2
1467.77994,23.08170025,338.7885661,666.9959149,74.2826068,9.477640261,48.71028639,4.408386515,0.2,0.008623087,2
11040.57915,15.29797111,1688.984608,994.2483911,84.60623222,22.06340397,180.9416609,0.734875027,4,0.008835036,1
5164.407749,19.73183105,1019.032212,1118.095302,80.26079995,18.59198359,113.4991168,0.047736893,0.266666667,0.005510795,3
7145.84499,6.669750452,476.6100285,991.7902895,92.63510352,16.08582819,394.4580573,-0.696180887,1.466666667,0.012499417,1
2562.57344,32.36228833,829.3074055,813.0306704,67.06578427,13.25420543,90.5435894,-0.237555784,0,0.007465453,1
2384.998997,29.95602346,714.4508591,863.0900358,69.68274136,12.35789455,66.46031441,-0.76764165,0.133333333,0.005456112,2
1803.430623,30.43448504,548.8648232,958.9973332,69.41131234,12.06138634,54.90289768,0.412666025,0.2,0.005721267,2
1305.537139,34.57574577,451.3992021,819.3557105,63.78988131,12.01001003,71.13843326,-0.076990547,0,0.00841075,2
2930.850753,43.79774787,1283.646623,660.9323508,54.15879647,14.02621732,85.96009198,1.84219124,1.266666667,0.011189389,2
1331.425274,37.79690513,503.2375476,767.5782388,58.31989545,12.54651602,55.09165484,0.392957779,0.466666667,0.010170302,2
1086.218581,49.4580264,537.2222726,750.5816258,41.21308179,14.50127818,46.17526323,-0.42697022,0.133333333,0.013574259,1
2025.100033,27.43999326,555.6873127,952.3537126,72.40864644,12.17697917,56.07851763,0.396013041,0.2,0.00582828,2
2096.566239,21.66320988,454.1835447,840.6010567,76.46714223,13.49390224,70.58184042,2.783192708,0.266666667,0.009963285,3
4712.239357,39.44786167,1858.877663,1007.16494,60.43260771,21.43757907,91.79113275,-0.218132915,2.266666667,0.009342775,2
3888.899222,46.79799865,1819.927005,784.4583346,51.4987165,19.15730677,117.2936365,-0.162720328,3.066666667,0.013363709,2
2442.773145,27.04364788,660.6149679,754.9962071,68.13691746,15.26978,124.2957587,-0.186862999,1.2,0.015397717,3
3217.216033,45.62470472,1467.845315,984.9150734,54.10682773,19.8515313,98.13620825,0.283429834,0.933333333,0.010146674,1
1584.502929,52.85950895,837.5604678,806.1670927,46.16315939,12.36127144,52.19006122,-0.242211929,0,0.006878857,1
837.78762,39.28649212,329.1373673,729.1715438,55.69282101,10.08711205,39.48753204,0.587514162,0,0.008762334,2
3475.661229,33.70430886,1171.447595,810.1385309,62.71368355,18.70544915,128.7271565,-0.792805093,2.333333333,0.015903375,2
2136.154341,24.80979701,529.9755558,880.6538202,74.93304289,11.42275213,64.14225934,-0.338145267,0,0.004667773,2
2150.350861,41.31604738,888.4399805,809.6646698,56.54105514,14.71175972,77.37500798,1.149016791,0.866666667,0.01023595,1
7256.984942,10.15574771,737.0010818,902.8115709,89.60770421,17.03098529,215.154381,3.169056568,2.133333333,0.00840517,2
1388.596947,27.61659344,383.4831735,727.9463675,70.25168051,9.283610444,60.50529462,0.016577855,0,0.007283722,2
2891.74217,40.67918353,1176.337105,786.0173402,58.3046917,14.56889861,78.84749319,0.641585444,0.466666667,0.008610426,2
2638.16415,62.4971362,1648.777042,666.9696436,32.57831641,18.91970299,77.85662874,0.840744062,1.066666667,0.017035442,2
2046.037647,54.66169207,1118.398798,786.2587317,44.44844433,13.1137145,63.16510243,0.895092763,0.533333333,0.007345363,2
2857.160318,61.60585141,1760.17794,702.3348943,33.71088288,20.13951816,71.72339658,1.42169181,1.133333333,0.016828609,2
776.3426179,42.37064577,328.9413806,728.3901074,51.46233918,10.35556758,40.70143703,0.836459635,0,0.009526297,2
2230.542931,30.31646965,676.2218705,874.4699333,69.34693039,12.30740866,65.53990942,-0.491785822,0,0.00533341,2
1040.362557,55.12577137,573.5078847,863.9431513,43.42998597,10.87464529,91.00446326,-1.02245034,0.2,0.006798044,3
9221.05128,10.97229688,1011.761122,1076.71667,88.9690913,19.64310813,192.2607964,0.393778269,3.266666667,0.007000958,1
2914.827417,68.41590071,1994.205431,681.346359,28.23158118,19.36153106,77.60946647,0.350543692,1.066666667,0.016303591,2
2576.342146,59.55928286,1534.450906,805.7635064,37.93996835,20.20611189,74.39436943,-0.18562008,1.066666667,0.01405763,2
2335.388727,28.8130461,672.8966305,893.1264107,70.86958917,12.2726235,94.91399868,0.746519824,0.8,0.006260034,2
3078.863049,13.45470397,414.2519089,934.2828014,86.40758511,11.4991341,72.4673517,-0.142354081,0,0.004969388,2
1728.155636,22.26875405,384.8387281,607.1882114,75.93962515,8.560813443,72.80262069,6.668716365,0.2,0.007375328,2
1903.521275,36.59400293,696.5746313,793.8546445,62.32654904,13.42238988,65.54379749,0.140427063,0.133333333,0.009022346,2
1864.127146,16.11007375,300.3122581,800.7710012,83.16756912,8.685297617,107.4359135,1.92158412,0,0.005345852,2
1688.116159,35.75943755,603.6608435,721.7513869,60.31909678,12.36718945,74.57071479,1.281456106,0,0.011209114,2
5592.792764,17.61075179,984.9328518,932.8368675,81.55210286,17.26427105,193.6012266,-0.988883468,1.466666667,0.010823223,1
2937.257715,42.02846197,1234.484242,801.6231141,56.45986607,16.85205582,78.45075592,0.932726342,1.466666667,0.011381511,2
2338.686905,30.13486045,704.7600351,804.053054,68.4305226,13.16947935,65.85091404,-0.231195088,0.266666667,0.008370842,2
3703.275936,30.63640982,1134.550793,1086.926781,69.34565731,17.57379071,87.09230435,0.227374343,0.933333333,0.006542284,1
1676.269349,22.31630776,374.0814269,605.9309125,75.96199249,8.467517858,73.06143894,6.707497371,0.2,0.007254833,2
3251.974462,34.57976324,1124.52507,807.1511617,61.68670448,18.57898158,129.0703582,-0.848370514,2.266666667,0.015914318,2
1454.730866,26.77609121,389.5200634,758.8622287,71.43940453,9.504665369,53.43423115,0.882450733,0.066666667,0.007011385,1
4896.520753,2.697371548,132.0773576,1320.029486,97.22783452,12.74103329,532.8013315,-1.616817758,1,0.004897414,2
6188.970183,15.48587464,958.4161638,682.7003891,82.95779549,16.17338678,149.6847209,-0.433686952,1,0.015495667,2
4343.277186,27.45219973,1192.325128,945.8438997,72.43928513,16.9439064,124.3110464,-0.691518142,1.066666667,0.006864444,2
2155.445434,20.7685339,447.6544157,716.1286055,78.17600882,9.304919687,131.3031638,5.249957681,0.133333333,0.00652379,2
1118.106743,64.60611311,722.3653071,782.3839937,33.94464276,10.96088381,44.64318074,-0.010615073,0,0.00658765,2
1329.436668,56.07856202,745.5289664,771.5198971,42.74291949,10.98474194,45.25674749,-0.063698229,0,0.006287436,2
1987.475167,59.52850702,1183.114294,829.5791873,39.76250908,14.47082876,60.4382056,-0.12698945,0.133333333,0.007820781,1
1167.265454,35.94345137,419.5554908,897.2119112,63.22150386,10.22680145,81.67658753,0.042674404,0,0.006100247,3
2631.153789,40.22356703,1058.343908,782.9708944,58.76051733,14.09033961,70.46712946,0.344253097,0.2,0.00814787,2
3179.919597,19.27794995,613.0233083,1073.023835,80.6858824,13.69368271,122.6042467,1.240685617,0.2,0.00478643,3
5850.274478,9.977966358,583.7384193,970.8460877,89.92127022,15.15958387,182.8798221,-0.865176126,0.666666667,0.005812539,3
3889.819405,71.76343884,2791.46817,757.0045507,24.93077906,24.49179635,78.07450797,-0.805025241,3.2,0.017612514,1
1871.495386,64.5352149,1207.773569,807.7843465,32.87776029,18.14786214,56.68106521,-0.319743865,0.133333333,0.012450387,2
3863.361782,51.59521723,1993.309904,998.9362981,48.23845398,22.14741608,104.9711544,1.230600341,1.933333333,0.010764437,1
816.961635,38.05543418,310.8982973,761.8769836,57.55579554,9.800923794,38.61566593,-0.036463185,0,0.008125475,1
2406.031294,30.90000189,743.4637152,743.0344727,66.48051511,13.57493871,113.7946832,3.543866159,0.666666667,0.010773305,2
1487.942193,60.54990643,900.9476053,794.8995618,38.51609711,12.13847704,49.327886,-0.252760256,0.133333333,0.00664403,2
3775.933731,72.24585104,2727.955459,752.3430968,24.36173514,23.89530172,75.40590148,-0.849740291,2.933333333,0.017396768,1
3178.492667,68.65820726,2182.296083,719.274915,26.73255853,21.88978376,75.10730888,0.379076614,1.666666667,0.017544224,2
1940.895954,42.64762364,827.7460016,766.6147418,52.52817416,16.10085165,63.0106965,-0.482714129,0,0.013744009,1
2860.39071,52.08755113,1489.907474,673.2496967,43.38938694,16.67920222,90.89947307,1.559012857,2.333333333,0.017297827,2
1460.173194,29.72561589,434.045475,719.2502569,68.01409849,9.742363671,52.38714226,-0.138636319,0,0.007512539,2
2775.089341,26.59773835,738.1110018,863.2010478,72.41550082,13.83116192,78.56916341,-0.052117857,0.533333333,0.008456069,1
913.3362306,48.24083542,440.6010278,563.020379,47.85034799,8.190191767,43.58564557,3.347236458,0,0.009242352,3
3524.314866,40.12340044,1414.074967,972.1326082,59.6199299,19.28944583,106.8771324,-0.139588188,1.066666667,0.009882661,1
3880.267787,37.14055682,1441.153063,797.0738735,61.81253497,16.53332257,130.6665956,0.290430592,2.333333333,0.011502907,2
4139.148294,66.51758449,2753.261464,762.4766537,30.8879772,23.7395405,85.80110196,-0.660621209,2.466666667,0.016323964,1
3982.331867,28.09436707,1118.810933,933.5385767,71.76169277,16.25429993,128.0752932,-0.608046644,1.066666667,0.006766452,2
1501.551258,27.97735,420.094251,716.4060619,70.39381881,9.588651862,59.67354437,-0.033204296,0,0.007179499,2
1727.868885,40.31504074,696.5910448,784.8756912,58.35022952,12.10038374,64.28815419,-0.21204874,0,0.007814711,1
4335.907694,18.88796005,818.9645131,1042.075237,81.03360515,15.69745839,156.7939457,-0.925755909,0.666666667,0.005593502,3
2569.902225,26.00754151,668.3683879,879.0446114,73.359495,13.29484931,84.01428282,-0.187129041,0.333333333,0.007687672,2
1918.925043,22.6516761,434.6686853,610.2729441,75.47303042,8.757579436,72.036355,6.631054306,0.2,0.007679802,2
2374.449072,68.13050257,1617.724086,822.7416448,30.58723407,18.75372471,59.54278274,-0.155839481,0.4,0.01166456,3
1019.461541,57.05789194,581.6832647,873.0510624,41.63425772,10.93140658,96.38032341,-1.175744385,0.2,0.006720756,3
2256.645071,26.63712215,601.1053041,951.3386499,73.24824508,12.3274431,76.33739576,0.118553,0,0.005360931,2
2596.771405,46.31891195,1202.796261,817.6099981,52.96124213,14.97920516,75.49217807,3.065247698,0.066666667,0.008034806,2
1750.44406,36.1874345,633.4407976,976.0078511,63.67117434,12.77936693,62.28318712,0.507401652,0.2,0.005965502,2
5103.620405,37.83192656,1930.797923,1031.012249,62.08490957,22.02447516,103.7622401,-0.108794421,2.666666667,0.008971016,2
4753.788486,40.61267477,1930.640657,1017.587291,59.31362541,21.65041027,93.7364518,-0.454491558,2.133333333,0.008888572,2
1250.050979,18.3583556,229.4888038,850.5743028,80.6304102,8.557610909,57.05848193,0.204054402,0,0.005471559,2
3477.413144,22.68177131,788.7388967,886.5429529,76.91012948,14.21246917,102.5252522,-0.102850806,0,0.007815336,2
3332.420505,41.47628198,1382.164125,937.6944398,57.97499434,19.86957254,71.99166238,0.312605457,1,0.011337941,1
4381.505038,40.3312037,1767.113722,1012.484242,59.56478401,21.35507953,90.24893093,-0.374819561,2.466666667,0.009191443,2
3520.158312,20.88110708,735.0480266,1119.507281,78.96516893,16.10339955,291.6178892,0.045772016,0.8,0.007789108,1
2859.049724,61.32362775,1753.27301,701.7944842,34.74780766,19.49640944,69.31882975,1.031401376,0.4,0.01565021,2
754.9756025,35.59672567,268.7465941,758.6291222,60.1852284,9.462939262,40.29384659,0.414291691,0,0.008072357,1
1253.219194,19.18348639,240.4111334,838.1228807,79.3241537,8.50710942,51.72538339,1.224510284,0,0.005855459,2
4094.466611,47.34458967,1938.508416,821.6059673,49.96820525,21.02231513,162.0137528,-1.128948361,3,0.015184562,3
3196.618814,19.31269615,617.3532785,884.9633966,80.18382099,13.59964322,284.5360582,1.748712632,0.733333333,0.008575225,2
1091.508706,53.54058444,584.4001401,759.6211957,37.58229706,14.39792041,43.70050242,0.074293989,0,0.0129786,1
931.4154229,51.25664224,477.412271,690.8539519,45.86116759,9.151364641,40.28962248,0.499869365,0,0.007009657,2
4301.552395,55.07447737,2369.0575,1023.562086,44.81767728,23.13662375,95.56838695,-0.448446195,2.066666667,0.009545737,2
8783.713529,17.97932905,1579.252758,921.8493105,81.77379619,19.02351155,258.5894439,0.402467456,3.066666667,0.009529143,1
2848.864769,23.1667618,659.9897152,901.8185394,76.75458132,12.510504,70.34787231,-0.423945222,0,0.004281057,2
1290.71125,56.57822802,730.2615541,772.5803842,42.2731173,10.95384131,44.43623727,-0.021031876,0,0.006201279,2
3424.084337,28.01913589,959.3988434,877.1890999,71.03156906,16.35828833,87.5879531,0.699140634,1.266666667,0.010124566,3
2054.781427,56.53289481,1161.627423,809.0028242,42.70001389,13.90116848,63.87357222,-0.305757147,0,0.007389916,1
1333.838847,44.28364762,590.6724948,778.5350757,48.62993205,15.07677185,61.30761926,0.130479087,0.066666667,0.01336677,1
1037.461954,33.24258384,344.8791597,907.3907443,66.03136748,9.519013375,79.50423816,0.499279179,0,0.005463437,3
2094.159579,24.20984031,506.99269,817.3932273,74.37258945,11.7869845,60.73165498,0.095533518,0,0.007612698,2
2863.649466,21.20304712,607.1809457,900.5071958,78.69184851,12.15165103,67.76641458,-0.293751719,0,0.004339559,2
1257.435258,66.23459755,832.8571825,786.1284473,31.07069683,12.60374178,44.97919014,0.36382333,0.4,0.008392556,2
6874.459647,16.22735952,1115.543282,988.752327,83.66268119,18.38668996,173.5595871,-0.191288772,2.6,0.007625072,3
2467.760777,28.62271394,706.3401081,730.7563994,67.24379954,14.33916621,127.799711,0.388135291,0.933333333,0.017228767,2
4922.100413,18.26775974,899.1574777,978.4244048,81.59072531,15.63705053,159.8640441,-0.885092588,1.066666667,0.00600448,3
2459.618693,28.37550621,697.9292551,647.1338423,69.24781338,11.17111584,103.7286719,4.758784804,0.6,0.010183778,2
2513.474371,66.07175356,1660.696593,668.583307,29.26538835,18.48635839,77.16476072,0.839752733,0.933333333,0.016656391,2
8991.513443,7.479646012,672.5333766,1063.861298,92.45793708,17.6914655,195.5340758,0.195105511,2.133333333,0.006318239,1
2245.110351,24.20931041,543.5257341,753.9985729,74.77840713,10.55153678,79.26810961,0.021819606,0,0.00734746,2
4180.738219,28.88224142,1207.490906,915.4814258,70.79474964,17.46838715,105.667009,-0.179760594,1.066666667,0.009311625,2
2463.827245,31.5626512,777.6491994,805.7826753,67.8279876,12.97162068,86.43509439,0.001982398,0,0.007448616,1
4753.113307,49.68305151,2361.491733,1042.582077,50.24605795,23.53269861,91.05549129,-0.545359723,3.533333333,0.009589746,2
2221.989299,71.66396207,1592.365569,818.3363605,26.65285716,20.69488341,57.75649457,-0.125801121,0.533333333,0.013895195,2
2602.228875,65.40177745,1701.903938,687.371802,29.91858462,18.49152078,65.71795925,-0.286075777,0.4,0.015348527,2
2682.834697,23.22324298,623.0412203,927.9574111,76.68957004,12.47316202,83.27821855,-0.445185457,0,0.00469016,1
3151.117376,51.19498802,1613.214163,988.8400511,48.49921122,20.68617837,83.28796261,0.919383675,2,0.010751477,3
2840.107928,32.62407581,926.5589634,792.4862285,66.55237279,13.54777287,71.18043207,0.560553557,0,0.008057355,2
1729.692689,60.95569653,1054.346227,815.8200548,38.28256732,13.18453121,56.1823013,-0.449425684,0,0.006993315,1
4225.011523,10.53600437,445.1473986,1017.056417,89.18242199,13.50433022,342.7386175,-1.243296121,0.733333333,0.007535031,2
1204.482678,42.62973269,513.467746,782.5672515,53.84047509,12.76869072,53.73026634,0.360859389,0,0.009956177,2
1859.137681,22.78134936,423.5366502,607.1700196,75.5944463,8.564602142,72.83828843,6.652918746,0.2,0.007440903,2
4123.08192,19.7665232,814.9899443,990.9045897,80.08524371,14.77847054,139.0628224,-0.48086,0.466666667,0.005751416,3
2572.199246,33.45769865,860.5986725,835.6818288,66.05693829,14.00518557,80.94430087,-0.175899523,0,0.0076524,1
2418.385924,23.22240477,561.6073682,925.7474667,76.62239484,11.84278343,84.10605679,-0.680867272,0.133333333,0.004802506,3
2257.118414,36.51596806,824.208639,806.410635,62.78827754,13.04461909,82.24099372,0.2149746,0,0.007589675,1
2523.283023,14.32683152,361.5065074,728.4120109,84.32584788,9.843202645,73.1488321,5.60055813,0,0.007821562,2
1040.723741,43.46921218,452.3944111,748.4234897,53.1524115,10.22809961,63.18209942,-0.533335783,0,0.007942838,2
1754.448773,36.39895101,638.6009492,812.3725512,60.03913539,15.16415402,59.6950948,-0.257679079,0.066666667,0.011971272,1
2304.959357,64.70307762,1491.379642,822.1889006,33.6970336,19.82743414,56.97946266,-0.343071032,0.4,0.013308412,2
3146.923429,48.15923716,1515.534317,936.8600188,51.15881655,20.79500662,76.14399874,0.029137713,1.533333333,0.01200466,1
5874.991926,20.99090049,1233.213709,996.3516558,78.87318759,17.73988157,155.8357681,-0.126738072,2.266666667,0.007568807,3
11759.48714,5.767947789,678.2810784,949.6104396,93.77660216,18.62926228,340.547114,-0.275263288,1.666666667,0.011613243,1
2668.779968,17.77012681,474.2455846,865.2188571,81.93442421,12.12574289,114.0609081,-0.201699844,0.666666667,0.00625789,2
6792.036219,25.49127879,1731.376888,996.7431198,74.44422794,21.13017395,140.7736696,0.952186711,2.8,0.008553257,1
1816.603386,39.93786749,725.5126531,794.3654203,58.33040025,14.11754376,65.17420284,0.02299662,0.133333333,0.009834554,2
2025.886336,43.673628,884.7780618,809.5762362,53.67135753,14.65720959,77.17695708,1.168819085,0.866666667,0.010224806,1
4389.573992,41.06408184,1802.538256,1013.413365,58.83008623,21.61865207,90.25791371,-0.354160643,2.533333333,0.009151799,2
2229.462732,28.02768943,624.8668904,776.9266127,70.5194105,11.80824157,60.43070534,0.368095564,0.2,0.008106907,2
8454.521425,11.88090995,1004.474078,1039.483102,87.65026087,19.5450661,360.4686149,-1.1156303,2.666666667,0.012033423,2
3706.597078,38.03752361,1409.897739,644.1254005,57.73990756,16.60778904,115.0684798,-0.189858579,2.333333333,0.018352881,2
2010.430032,59.09635336,1188.090836,827.6414751,40.17963543,14.82725781,61.31513442,-0.210182939,0.133333333,0.008052761,1
4040.622486,18.86784495,762.3783855,737.6287487,78.09826432,16.49743145,129.7512731,4.07661714,1.266666667,0.017677631,2
1926.194785,57.23104448,1102.381394,808.6602755,41.98613594,13.84805661,63.62249342,-0.27006598,0,0.007386737,1
2690.724189,16.16538933,434.966041,857.764441,83.41266911,11.01875472,114.3909204,-0.446208585,0,0.006164007,2
2573.959588,22.92124114,589.983484,761.6614013,76.38594505,11.13083849,115.5895194,6.913138249,0.333333333,0.006600639,2
2711.960436,37.96514945,1029.599833,929.4450865,61.70259742,15.48228197,159.997036,-0.705632715,0.466666667,0.007183078,2
2967.391158,56.34004927,1671.82964,831.5600523,42.30043216,19.30030015,78.56681144,0.38628434,1.266666667,0.012314154,1
2541.895264,63.91083611,1624.546516,685.4492811,31.48697823,18.32028829,65.2041786,-0.238477291,0.466666667,0.015295011,2
1914.271207,21.50661885,411.6950124,730.9176068,77.14085353,9.907080941,61.92963089,-0.100630117,0,0.007308531,2
5040.464842,38.27537878,1929.257011,1031.213789,61.66341549,21.8471601,105.6789413,-0.110036057,2.333333333,0.008675518,2
3123.895964,31.61834903,987.7243295,743.2815827,67.46368312,13.1273049,85.96372051,0.317103917,0.4,0.008505905,2
1128.274503,35.99803325,406.1566309,908.4210159,63.21360521,10.22439931,52.465042,-0.081945545,0,0.005987099,1
3110.653316,22.79560158,709.0921367,867.9346709,76.5233446,13.99668664,77.84016781,0.251302102,0.333333333,0.007880689,1
1910.086866,37.22192605,710.9711207,793.6641258,61.67159688,13.44304787,65.63123139,0.130036446,0.133333333,0.009041959,2
10125.27676,8.910982819,902.2616729,949.5483952,90.62072168,18.70456883,354.3986507,-0.579384479,2,0.012537514,1
6256.851435,21.76061238,1361.529188,996.7723533,77.74877492,20.65582367,174.3197894,0.083960546,2.866666667,0.011448274,2
2134.683267,37.11908014,792.3747926,970.4975635,62.61643987,14.08521662,76.49176824,0.503409658,0.866666667,0.006843605,1
4098.501838,71.15616855,2916.336876,758.8679909,25.75233713,24.51393731,78.04839675,-0.788395858,3.2,0.01758142,1
6844.342756,6.777545632,463.8784535,1034.077019,92.67531684,15.64156474,364.3519952,-0.536319535,1.266666667,0.010039793,1
2455.18412,36.67385676,900.4107075,873.2705831,62.19820616,15.59903446,75.45262477,1.649564263,0.4,0.009534495,2
2057.34675,30.2059339,621.4407994,771.5176553,68.23514519,11.3928442,57.39428276,0.447948981,0.2,0.007988865,2
1708.388695,23.12065922,394.9907283,767.5153871,75.43849633,9.601420269,60.87383424,0.325316755,0,0.006885438,1
2990.421376,26.00529368,777.6678611,877.3960202,73.72654555,13.47067821,77.05748458,-0.217303024,0.266666667,0.005867865,2
4300.480698,34.21368117,1471.352755,994.7765564,65.6257002,18.76025044,151.1519959,-1.101208554,1.533333333,0.00754247,2
3005.978889,16.91845149,508.5650802,765.2331404,82.34545243,10.34739198,183.9207027,1.531208318,0.2,0.006435031,2
821.420726,38.81347804,318.8219531,782.9852885,59.05185558,9.85761694,47.70041847,-0.389537635,0,0.007181647,1
1677.226444,28.16373326,472.3695819,856.6449618,71.18783926,10.5590497,61.36210205,1.643644786,0,0.005785488,2
2559.348858,51.60903164,1320.855162,804.0058157,46.00161394,18.16535886,68.59069051,-0.140341752,0.266666667,0.012708177,2
4317.437007,66.9134572,2888.946364,768.748951,28.84345779,26.09465495,83.95097058,-0.416114032,4.666666667,0.019304754,1
1468.357251,28.60614073,420.0403417,664.8998472,68.71081878,9.23576877,46.82432231,5.252803784,0.2,0.008628742,2
1958.948185,58.70715338,1150.042716,840.8049386,40.66093028,14.28723836,61.15360464,-0.032919176,0.133333333,0.007508626,1
2743.393181,29.43834914,807.6096629,670.7231792,64.36932352,16.62921589,128.2316277,-0.076102719,1.533333333,0.021261557,2
3691.019006,64.01580401,2362.835493,732.5547859,33.80374931,20.45862071,82.76469534,-0.608087064,0.866666667,0.014133748,1
4188.363575,40.51894074,1697.080555,974.5955987,59.25389659,21.5608346,103.0968118,-0.084524906,1.533333333,0.010986327,1
1780.077574,22.35954811,398.0173017,605.5255636,76.10839343,8.441610362,73.20464059,6.690221369,0.2,0.007231906,2
7157.307641,14.64017584,1047.842424,966.3476203,85.22601954,16.69782571,218.853681,1.587814023,1.133333333,0.009832753,3
2517.131143,22.76433954,573.00828,866.720745,76.901881,11.30404245,114.635522,2.374876625,0.6,0.005831897,2
4223.378243,42.49966247,1794.921498,980.1340252,57.26821958,22.41483029,105.2260014,-0.038275735,2.2,0.011381384,1
2472.224479,31.49288045,778.5746995,795.5747767,67.52344789,12.86510287,78.64066581,0.172217339,0,0.007910541,1
769.2000377,45.38791993,349.1238972,729.6901057,49.23970201,10.07139705,36.77993691,0.732411319,0,0.008904967,2
3937.126439,44.03877839,1733.862387,1002.692236,55.84567147,20.87223649,97.61591882,0.350241601,1.533333333,0.009495443,1
2430.749643,18.46560477,448.8526219,746.4012654,80.82405665,10.22462126,109.3294736,10.73416606,0.333333333,0.006149502,2
6556.126738,17.27108227,1132.314043,1010.665451,82.65961806,17.77273816,180.462999,-0.415076424,1.8,0.006838749,3
655.9310101,47.92534866,314.3572236,720.6896043,45.95647109,9.805471078,37.64784652,0.701080493,0,0.008911614,2
4977.749343,7.054190327,351.1399127,1044.704312,92.716344,13.37068299,347.493205,-1.40595091,0.733333333,0.007268019,2
1871.552586,44.23506305,827.8824664,679.925826,51.07858722,12.78485998,77.29769149,3.561217258,0.866666667,0.011527292,2
2658.003402,25.0214939,665.0721589,877.7361547,74.32019749,13.47874941,79.20953247,0.101251776,0.466666667,0.008071038,2
4901.228703,63.98756051,3136.176682,778.0944175,33.48949331,25.99940351,91.34765935,-0.749916793,3.733333333,0.017913783,1
1544.12086,38.39190544,592.8174204,854.6806088,59.49344315,13.03232654,55.68027501,1.002220802,0,0.008824107,2
2319.837567,28.88900639,670.1780229,878.2305891,70.85596135,12.36378057,67.0601422,-0.561008504,0,0.005302134,2
856.5024071,40.84571076,349.8444958,728.6372944,54.21993981,10.12759333,39.34059234,0.620057278,0,0.008936437,2
1788.699111,18.1489725,324.6305098,729.8137747,80.4351589,9.047013597,72.82184381,5.485555501,0,0.006906616,2
4197.941464,26.77772837,1124.113362,938.9940948,73.08147242,16.30406719,126.637768,-0.657763477,1.066666667,0.006734343,2
437.4630399,43.95435097,192.2840399,780.8579108,51.10780519,7.515475338,45.10421037,1.069623694,0,0.006274919,2
3215.581422,62.22633576,2000.938492,704.4315035,34.0071322,20.44256925,72.66923301,0.488036738,0.8,0.016237588,2
2996.356207,25.94103406,777.285784,878.1067933,73.77836205,13.43236281,76.93219365,-0.210978223,0.266666667,0.005846823,2
2135.203226,41.30673646,881.9827695,668.1186975,56.9675657,11.74733029,64.1461644,2.93739854,0.466666667,0.009031875,2
1912.071938,23.1067236,441.8171778,602.6120947,75.25954096,8.455001497,73.70351363,6.838427492,0.2,0.007376433,2
2809.433727,29.07160155,816.747379,908.3968219,70.30114757,14.42054432,113.2739116,-0.735843067,0.333333333,0.007664102,3
3571.696816,22.22765233,793.9043503,877.0929542,76.63782301,15.34429464,109.9957004,0.576438046,1.333333333,0.009745297,2
1949.155595,38.13384306,743.2879356,794.4211747,60.73377336,13.59284197,65.71830513,0.116844173,0.133333333,0.009135644,2
2541.023143,14.79338205,375.9032616,826.1865208,84.45397318,10.1446334,76.27147067,1.852881381,0,0.006243318,2
1286.084192,68.69538738,883.480518,797.0868814,29.4743644,12.99287401,43.98244223,0.243836582,0.4,0.008443194,2
2823.322551,30.74784004,868.1107019,803.1278924,68.14972633,14.08029536,73.44256697,-0.333025695,0.533333333,0.008602052,2
903.0556961,36.69704712,331.3947743,779.1662045,60.51393737,9.013101509,69.8351829,0.617729745,0,0.007046903,2
1901.603048,59.05631097,1123.01661,806.4629814,40.16402512,13.70966404,63.14260707,-0.236270715,0,0.007348872,1
4957.560915,44.16163145,2189.33978,1045.916174,55.75445258,22.89679026,99.10159392,-0.427960571,3.133333333,0.009143434,2
3274.914179,34.66834469,1135.358536,754.3144285,64.10976144,14.85032956,85.34126318,1.176954831,0.666666667,0.009504359,2
1503.992629,58.90505489,885.9276834,779.4000833,40.06729487,11.74392678,49.45088992,0.128046406,0,0.006332885,2
1067.43204,50.7157588,541.3562589,731.7898634,44.07764756,11.66458652,67.32453075,-0.15362353,0.066666667,0.010685393,2
693.308542,40.0934827,277.9715404,752.4285009,56.88164816,8.193394947,64.4334034,-0.686577184,0,0.006748853,2
1630.271985,40.69161933,663.3840703,868.2131126,58.76231378,11.66068172,61.13815871,0.600187521,0,0.006050019,3
2602.346108,28.6177743,744.7335357,807.0114839,70.46052375,13.21119108,68.3801488,-0.292524844,0.266666667,0.007849421,2
4774.639607,16.22790468,774.8239643,864.123918,83.21691189,14.51838621,244.192043,-0.471580578,0.8,0.008822378,3
1922.074216,24.13152776,463.8258731,838.1405652,74.6852342,12.0754933,64.20962773,0.078547647,0.2,0.007437665,3
2083.867085,38.93750933,811.4059405,965.0633434,60.83912968,14.46087597,70.74528597,0.516524205,0.933333333,0.006977361,1
2618.209435,30.48582653,798.1827867,689.6318118,62.93645947,16.18057129,132.5628436,-0.26129547,1.533333333,0.020418105,2
4622.020593,7.932531677,366.6432477,1023.629163,91.81639283,13.46252004,342.842421,-1.282158643,0.733333333,0.007512818,2
2487.582618,39.28559457,977.261622,868.1070354,59.21762949,15.32161698,73.60398354,1.716684281,0.4,0.009581924,2
2035.359017,26.02911007,529.7858387,928.0775962,73.62054546,12.20538354,64.92897528,-0.040244821,0.133333333,0.006190671,2
6847.831164,16.60965597,1137.401198,989.0686636,83.27692857,18.18839867,173.7125337,-0.200218352,2.4,0.007625071,3
1530.545637,58.1916516,890.6497844,790.365799,40.29641611,13.0215708,51.18716282,0.286113516,0.333333333,0.008293192,2
2072.37782,34.84779521,722.1779785,813.3363024,64.3510415,12.9731558,76.92215991,-0.24610186,0,0.007556465,1
785.1440373,36.03601522,282.9346248,758.5955736,59.81729279,9.55358162,39.47493143,0.368459366,0,0.008078783,1
1097.051157,49.10142183,538.6677165,739.5905209,44.35904194,12.36963259,72.92079838,-0.33763024,0.066666667,0.01164441,2
1031.991876,53.29399572,549.9897061,846.1223032,45.13089746,10.85648598,84.05452996,-0.636606274,0.2,0.00701011,3
651.8059009,43.25215592,281.9201046,716.5717023,50.2183802,9.332955785,33.89560086,0.808506265,0,0.008594875,2
3414.271361,65.82091036,2247.304492,727.3959677,31.17336396,20.98852731,78.87250368,-0.56811659,1,0.015036716,1
2137.215563,41.79461528,893.2410223,698.7954184,45.99721397,18.865936,74.28867513,1.332231822,2.466666667,0.020218807,2
2250.572904,35.47847954,798.4690471,784.3916118,63.17263325,13.76275559,94.15297049,0.266640817,0.6,0.009397769,1
3366.000581,31.29456241,1053.375152,838.8614827,68.39494492,14.87720203,115.1658397,-0.812631191,0.133333333,0.007727197,1
3026.574442,19.60590345,593.387263,887.4294424,79.28447352,14.34736947,103.856334,0.526653031,0.933333333,0.009528984,2
5408.613685,9.070268222,490.5757683,913.9385374,90.63558934,12.98431946,373.8071499,-0.795121899,0.466666667,0.007161948,2
2144.637248,42.06197489,902.0767808,694.2248909,47.53575693,18.63558889,72.52697977,1.296766637,2.466666667,0.019839481,2
2837.967535,27.472286,779.6545578,904.9177759,71.87078698,14.27572464,113.744089,-0.731666492,0.333333333,0.007621639,3
4140.909913,42.9155432,1777.093982,973.5707095,56.86001228,21.50652605,102.616634,-0.112616498,1.533333333,0.010914841,1
1951.651763,40.12575199,783.1149461,747.0317908,57.53004552,12.88948214,103.6325244,2.896523701,0,0.009778476,3
2782.620958,57.0136178,1586.472878,829.1795454,41.24103112,20.77595823,67.28946074,0.420608653,1.266666667,0.014023723,1
3823.399234,50.65823889,1936.866717,820.3531984,46.6246857,21.0285751,162.5228137,-1.139010669,3,0.015187074,3
11279.2235,13.62030495,1536.264636,1011.648822,86.29264794,22.00848553,197.6156841,0.30787116,4.133333333,0.008530802,1
2883.669642,35.1547979,1013.748235,912.9303271,64.35674349,16.39685492,99.58351812,0.712008692,1.4,0.009072927,3
1930.681128,36.7329212,709.1955775,794.1631248,62.18106206,13.38565837,65.31581796,0.170682108,0.133333333,0.008987866,2
3346.074652,18.85216744,630.8075961,943.8395186,81.07807957,13.12214575,92.01576389,-0.255362195,0,0.004606373,1
3923.512498,70.09885925,2750.337504,748.2222062,26.61079523,24.33142006,79.12212572,-0.663248747,3.533333333,0.017615262,1
3643.024393,30.57121371,1113.716773,683.9890523,64.29131419,18.69921253,148.1822726,0.207223772,3.066666667,0.017162655,3
2999.718316,20.05205747,601.5052407,688.8771318,78.14432063,11.58882075,105.3812868,1.048173442,0.266666667,0.009561631,2
4333.872705,23.79641477,1031.306325,941.6275732,76.10352168,16.15206942,119.6469163,-0.436356326,0.733333333,0.006424857,2
2940.679155,25.10621363,738.2931908,891.1696937,74.53660837,13.64384046,103.4754605,0.290519788,0.466666667,0.006361348,2
4156.401382,33.36420922,1386.750453,958.261035,66.44842125,18.5345863,145.2740691,-0.86737221,1.533333333,0.007656576,2
1786.619593,24.14173819,431.3210245,719.4801494,74.65838802,9.612571842,85.32264436,1.775154958,0,0.006981817,2
3863.954786,29.50604095,1140.100081,678.7551663,64.51780477,18.59751525,149.422444,0.250538907,3.066666667,0.017147812,3
4390.631059,16.33521949,717.2192206,851.1269795,82.87670685,15.89417543,117.8117856,4.961320677,1.2,0.011163838,3
1689.12406,58.73899382,992.1744771,814.6605404,38.85230674,17.17428171,49.67227518,-0.33042196,0.066666667,0.012230022,2
2332.467211,23.44587329,546.8673067,964.8186938,76.48001896,12.26406677,66.8520337,0.274831109,0.2,0.005222084,2
1291.125469,48.47434804,625.8646535,793.2754483,48.48291302,13.34100227,54.84217922,-0.243929439,0,0.01030417,2
1980.17753,22.54311766,446.3937506,707.6493359,76.13134603,9.188228444,82.59384187,1.600515537,0,0.007072095,2
1554.564524,26.18750946,407.1017318,729.0689905,72.41597135,9.384624798,76.52552472,-0.292430114,0,0.007037982,2
1659.322305,37.32728122,619.3799032,813.7767677,58.91408984,14.901122,58.53420776,-0.154802659,0.066666667,0.011776153,1
3319.145362,32.95238943,1093.737705,793.8717732,66.1473095,14.76708471,89.14336411,-0.540319017,0.8,0.008966573,1
2223.97964,57.50981651,1279.00661,804.9416982,39.95099508,18.55626747,67.00580988,-0.164482362,0.266666667,0.013295942,2
2083.262432,44.74058137,932.0637237,742.4029184,52.0994006,14.08776632,86.20923708,6.384487374,0.866666667,0.012582305,2
3279.776733,48.15880258,1579.501202,929.3401579,51.13154125,21.05209009,77.87552473,-0.030819594,1.8,0.012352037,1
5115.094502,12.60249965,644.6297667,916.297248,87.16191488,13.9448344,192.6291376,5.598290025,0.933333333,0.006678305,2
3801.705888,73.04441795,2776.933938,758.8966445,23.96103044,23.23461911,81.25417479,-0.699940498,1.866666667,0.016163991,1
4293.11776,47.31080498,2031.108571,988.060164,52.49112705,22.81050617,114.4382797,-0.330341326,2.266666667,0.011273691,1
3987.658708,19.86305666,792.0709084,1029.762338,80.01465737,14.76351727,142.1021166,-0.411751854,0.466666667,0.005556996,3
2739.778868,15.33394751,420.1162534,729.3999122,83.68946707,10.06302164,74.49806123,5.009705343,0,0.007489044,2
1974.963122,23.3900301,461.9444687,1072.435353,76.59694786,11.37443369,83.83111587,1.096565317,0,0.004104117,3
5290.799958,5.895631784,311.9260839,1142.26249,93.96208293,14.44362002,335.9206181,-1.329005025,0.733333333,0.006968388,2
2964.330799,27.159231,805.0894496,887.4863786,72.72702568,12.98561329,77.05776701,-0.359610873,0.133333333,0.00498866,2
3179.003128,51.77168272,1645.823413,1010.425031,48.08983334,19.99810021,78.13792669,0.834087909,0.8,0.009316357,1
3325.918455,48.79282404,1622.80954,755.9017212,49.45194574,17.27834092,104.5656254,2.711690845,1.333333333,0.013304032,2
1727.596429,38.98086624,673.432053,975.8197438,60.86084455,12.84753494,62.13214312,0.507279719,0.2,0.006055525,2
1046.781751,35.24270643,368.9142193,739.3743329,60.21687555,10.92656415,46.46563236,0.20020892,0,0.009607627,2
464.6927793,42.34395039,196.7692799,578.5728175,52.93464981,5.68792218,27.82410668,1.425251856,0,0.006819483,2
4781.440599,9.288456801,444.1220445,1227.446624,90.64870706,14.16585358,310.9470547,-0.953594921,1,0.00487202,2
11678.7295,11.54065092,1347.801404,1021.994141,88.37880213,21.37106874,209.2782452,0.136523467,4,0.008034991,1
2668.507113,49.07533648,1309.578845,805.2556048,49.12590708,18.84119454,63.22588628,-0.591419908,0.266666667,0.012944272,2
3457.262486,68.59315216,2371.445318,725.4622533,27.18660758,22.64673302,69.09463584,-0.073318705,2.533333333,0.017517916,2
4204.709222,37.25462709,1566.448741,795.4419008,61.68352054,16.97271515,130.4357852,0.306524232,2.333333333,0.011671444,2
1312.964522,43.39879432,569.8107723,870.2085402,55.1382853,13.77477332,60.14969396,-0.069616929,0,0.009208063,2
3398.688545,31.76887134,1079.724991,939.2334437,67.97423133,16.01321316,126.5326793,-0.600058353,0.4,0.007544456,2
1022.175284,66.80804697,682.895344,774.9920204,31.56978915,10.81371939,40.78319913,-0.150786502,0,0.006503593,2
3165.170574,25.86615235,818.7078428,998.59574,73.9336916,14.89542928,98.64740579,1.387354429,0.4,0.007097683,3
1493.255264,35.33177074,527.5935264,841.7824752,62.76924792,13.20007008,57.64852326,-0.089766087,0.266666667,0.009481869,3
4267.232852,45.49952635,1941.570736,825.8312614,51.93957261,21.04222928,163.2534139,-1.166937126,3,0.015196981,3
2913.910815,28.04701786,817.2650868,887.6262627,71.8488525,13.1247455,77.32999464,-0.377033868,0.133333333,0.005022215,2
2499.930396,47.52391877,1188.064891,839.6778777,50.91631259,18.2042129,68.84355338,0.615862245,0.6,0.01218947,1
628.6186794,45.20355762,284.158007,714.3117258,48.02862944,9.248631967,33.5565953,0.787687695,0,0.008776177,2
1243.493202,36.09617207,448.853446,815.4169682,61.99455671,10.41238009,52.35666177,-0.36648947,0,0.007267739,3
1658.687267,56.37731644,935.1233693,633.0361851,39.85099433,12.58947423,62.16572083,0.682117425,0.533333333,0.010949609,1
1858.741145,34.06668594,633.2115082,943.2857788,65.57012989,12.52216294,78.62797725,-0.079041487,0,0.006131003,2
3508.775839,67.07071645,2353.361094,725.2431625,28.68676065,22.75456655,78.64499608,-0.564302818,1.8,0.017493299,1
959.1857802,42.53672442,408.006212,747.7166061,54.69102094,9.640335749,63.59575142,-0.648961394,0,0.007422416,2
2028.43301,61.85679583,1254.723666,833.249689,37.50058513,14.68363723,59.63284309,-0.462437255,0,0.007695457,1
3702.445414,41.60071005,1540.243581,1019.44359,58.23965828,19.24251973,139.5795891,-0.213315754,0.866666667,0.008629429,3
2382.033195,35.90833346,855.3484228,787.8400955,62.67658146,14.02936633,94.09456721,0.355672675,0.6,0.009502751,1
4307.650216,15.97645532,688.2098121,650.6897477,82.04818372,13.94726398,137.1911878,2.670068545,1,0.017231764,2
1634.870642,63.72001478,1041.739815,816.9946382,35.47210131,12.97598369,54.82086146,-0.331321261,0,0.006858752,1
1776.776497,35.09049577,623.4796816,812.6597511,64.11031045,11.37101301,78.96069208,-0.358959914,0.4,0.007123271,1
1360.558708,67.53376591,918.8365328,795.5242076,30.15226508,13.34908141,45.49532116,0.054949601,0.466666667,0.008806017,2
2564.781198,20.954468,537.4362554,899.1716881,78.76702645,11.80474277,74.8415377,2.051875958,0.133333333,0.005517255,2
3699.535484,72.26450228,2673.450904,757.0117732,24.64329246,23.31790709,81.85870926,-0.709004899,2,0.016355838,1
3204.928535,53.52018418,1715.283655,801.8705337,45.83673069,16.63704123,107.5687869,0.362650449,0.6,0.008678952,1
550.2300564,50.0044276,275.1393902,708.0970755,42.3809672,9.210820029,32.16947792,0.7349794,0,0.008800076,2
5895.34014,13.50357846,796.0818811,950.3130449,85.76254985,16.71345743,302.718786,-1.010878804,1.6,0.013143969,1
1999.915698,61.86217602,1237.191369,818.3931233,36.16066222,18.8223218,55.20193382,-0.190158785,0,0.01307335,2
4941.881486,36.9613642,1826.586814,1141.891189,63.01608848,22.4886194,153.196498,0.862144917,3.066666667,0.008030576,1
1869.94594,32.19364608,602.003778,911.8435519,67.34805459,12.21054816,78.33728487,0.364709389,0.466666667,0.006701722,2
2522.766523,65.07356609,1641.654141,842.3378772,33.80094482,19.50908383,61.57646654,-0.473040886,0.2,0.011970333,3
3717.956167,22.64547701,841.9489091,906.1584851,77.19420479,14.67592346,114.2100373,0.396711465,0.8,0.005937939,2
4889.230023,19.8035553,968.2413711,725.2925734,78.58570817,15.7699125,108.723246,0.956281782,0.533333333,0.012433798,2
2170.457353,56.14922164,1218.69491,702.0320392,38.3639686,16.71129523,69.4897223,3.235185442,1.466666667,0.014837668,2
1723.93355,38.03751923,655.7415558,786.062956,60.53086012,11.90711103,64.96653541,-0.216640813,0,0.007794336,1
3510.181174,26.41824959,927.3284237,715.0618906,71.76492777,14.88692022,76.00206141,7.187386258,1.266666667,0.012366574,2
760.0776945,38.63015364,293.6191812,728.9317507,55.68051208,10.14546936,38.03460589,0.750737624,0,0.009082001,2
3753.347496,58.88986505,2210.341275,903.6940002,40.26414542,22.4861577,89.56246975,-0.305606532,1.466666667,0.012693128,1
1530.021201,24.74980474,378.6772598,753.9157142,73.51822537,9.862347688,56.60468595,0.697059273,0,0.007194499,1
1959.268442,30.93478064,606.0953946,868.1995195,68.84055219,11.52715114,99.94750757,-0.947467392,0,0.005138364,2
3848.227672,34.43215948,1325.027889,932.1250064,65.09987864,19.50075795,120.3301996,-0.480464302,0.933333333,0.010672186,1
2558.360168,31.92801719,816.8336741,1015.606056,67.99339095,14.73438435,77.05974368,1.032945872,0.333333333,0.006601564,3
3769.116513,2.503802499,94.37123344,1297.964897,97.39434906,10.87585466,546.1668144,-1.690191667,0.4,0.004443813,2
4642.555613,16.15970535,750.2233079,823.0749314,83.22929684,15.00669643,116.3028054,5.918126833,1.266666667,0.010516748,3
1795.624893,21.51352118,386.3021418,751.9098731,77.49317301,9.388725531,86.6900214,-0.904965086,0,0.006512774,2
3023.75953,43.34802099,1310.739916,982.9954348,56.32913461,17.71709991,163.2873164,-1.118999983,0.933333333,0.007910636,2
1248.83679,56.59113909,706.730965,766.98457,42.05475895,10.88681049,51.02716611,-0.517397805,0,0.006468444,3
3063.41714,35.28148486,1080.819054,960.3116599,64.33287228,16.86200482,93.73062549,0.260698536,0.466666667,0.008653708,3
4413.222872,12.8761889,568.2549137,789.4405377,84.88119306,15.72980645,238.6817457,4.028039911,1.133333333,0.018078732,2
5810.834862,7.69098917,446.9106799,1203.379612,92.26315544,15.10770761,305.257773,-1.029684721,1.6,0.005407093,1
4443.90371,31.05153873,1379.900482,981.4050755,68.85545761,19.06268713,129.619705,-0.297029069,1.8,0.008123637,1
5855.232359,7.285836911,426.6026804,1203.490591,92.67064818,15.12776678,305.1078302,-1.029353024,1.6,0.005411722,1
841.8549401,43.31711719,364.6672909,737.6990376,51.69514882,10.67729585,44.55545358,0.244397099,0,0.009290414,2
3115.507687,58.91533117,1835.511672,701.4424614,36.681658,20.34104592,72.30577618,1.376967055,1.2,0.016862907,2
1131.481607,26.237852,296.8764694,844.4807553,72.87748991,8.582559594,63.12506133,1.172458067,0,0.005417121,1
5653.454089,13.59874677,768.7989051,648.1414736,82.7504498,16.63686529,168.4807716,3.193848215,2.333333333,0.020821768,2
2218.170304,26.97977508,598.4573589,882.0367537,72.36960474,13.229156,80.69211955,0.268640662,0.133333333,0.008026525,2
6883.419438,16.36295538,1126.330851,915.7340966,83.53887555,16.74630529,155.4300067,0.318700873,1.533333333,0.007472391,2
2327.393171,37.90934589,882.2995275,803.468022,60.47211807,13.7009426,63.43555062,-0.235482599,0.533333333,0.008882496,2
2627.472177,16.83780607,442.4086695,814.2720765,82.16543721,10.89773172,81.37277282,1.267151513,0,0.007004609,2
1169.990276,30.31224095,354.6502715,763.1751966,67.91621264,8.807399947,48.35755737,1.011432967,0.066666667,0.006207858,1
2521.205918,65.35597184,1647.75863,684.3081858,30.23981184,18.17897446,64.68356824,-0.217733381,0.333333333,0.015036503,2
6357.772725,7.286730539,463.2737667,1133.894554,92.24704955,16.84063186,398.7346876,-0.734534555,1.8,0.015453783,3
1991.426047,26.6467261,530.6498443,928.3587673,72.89816003,12.14190225,66.59760281,-0.083022486,0.133333333,0.006317279,2
4572.465838,16.72063713,764.5454207,582.4686112,77.61508382,17.01526536,160.0122375,0.932265668,1.4,0.025159558,1
3641.652634,67.76598245,2467.801685,729.2208375,27.98176877,23.43757805,80.7713388,-0.567707131,1.933333333,0.018034362,1
6812.418679,12.10984756,824.9735175,869.2094592,86.71680672,17.66634265,315.6051574,-0.82030904,2.466666667,0.014985977,2
9358.688055,11.63173777,1088.578053,896.6773552,88.10226108,17.55455419,222.1304415,2.68971603,2.333333333,0.009053004,2
6148.633151,31.54414975,1939.534049,759.2928053,66.38799664,21.46174827,168.2749834,0.672141365,3.533333333,0.016408484,3
8396.184524,10.67993921,896.7074029,1117.017213,88.95108137,20.27246511,395.6288401,-0.953987418,3.266666667,0.012494778,2
1933.610017,65.46634407,1265.863786,807.3152152,32.04175632,18.14035654,56.5557801,-0.22938767,0.2,0.01243061,2
1955.983439,14.84541793,290.3739162,806.3079856,84.46338649,8.593618894,103.2825234,2.341732738,0,0.005237051,2
2809.11457,31.1649406,875.4588872,772.103167,68.07807767,12.55986686,80.15626614,-0.384987553,0.2,0.007414919,1
4104.903159,37.95575599,1558.047027,1030.97666,61.89503478,19.9026972,137.5275668,0.253434726,1.133333333,0.008551936,3
4546.152754,37.85524194,1720.957124,1021.877597,62.03133805,21.30485632,125.1889842,-0.457572798,2.333333333,0.008922471,1
3637.005845,54.73277417,1990.634196,809.1824125,44.70301312,16.79981019,110.5387633,0.27070961,0.6,0.008767389,1
795.9606647,34.30319195,273.0399146,730.3151231,60.46492368,9.554551454,42.80731277,-0.10142057,0,0.008540477,2
4078.734849,29.83734562,1216.986214,1068.310954,70.14019158,17.91473799,90.51717314,-0.257651782,0.733333333,0.006583788,1
4596.983854,13.403313,616.1481344,1152.585303,86.59409787,16.17744896,99.91243767,-0.545050006,0,0.004362119,3
927.4185274,30.76924492,285.3596781,879.434193,68.13958327,8.863387251,45.50953677,-0.213328641,0,0.005647428,1
1578.603692,17.92593769,282.9795142,795.7453322,80.41506875,9.016845569,108.7744811,1.963818631,0,0.006977542,2
3372.422358,31.46570016,1061.156307,789.0026047,67.82006157,14.1376815,76.34727252,0.593616674,0.2,0.007911788,2
1054.57255,39.36079935,415.0881856,769.6922815,57.0577112,12.49159995,53.27602276,0.19410985,0.466666667,0.010247944,2
4497.391666,46.66773378,2098.83077,1018.611419,53.19803069,22.27235075,94.88694389,-0.331182282,2.6,0.009941761,2
1943.469274,63.7549945,1239.058729,834.1398139,35.58566921,14.67452191,59.23849859,-0.422568747,0,0.007684184,1
4568.559309,24.60485845,1124.087551,1112.267591,75.34064409,18.55365067,154.2667788,-0.062623501,0.933333333,0.006655196,3
1766.750944,15.92429425,281.3426189,805.6554315,82.89179718,8.788156426,106.8695575,1.842697272,0,0.006280107,2
3926.800541,38.97226079,1530.362948,864.5300095,60.09501543,19.30486202,89.22951693,1.013733252,2.466666667,0.012545406,1
3256.849303,42.75574807,1392.490283,987.2309009,56.97591461,19.74092457,100.1817014,0.145929304,0.933333333,0.010000608,1
3140.663442,43.28510535,1359.439479,985.1990513,56.31004493,18.92116139,86.3576035,0.821240494,1.466666667,0.009500896,3
3418.093634,57.53009316,1966.432452,828.5441224,41.21368482,21.75858039,83.36924292,0.320128811,1.2,0.014076719,1
3960.879772,17.53604362,694.5816045,895.2351082,82.25718102,13.6760355,94.19778381,0.082903918,0.133333333,0.006505529,3
3678.225624,23.59629003,867.924786,767.7348386,75.16025278,13.73384324,110.5630042,0.707534088,0.266666667,0.009776333,2
2276.314068,27.98268773,636.9738572,886.4291051,71.70493063,12.27641417,99.47992088,0.654004843,0.8,0.006339817,2
3599.660906,21.19016557,762.7741059,949.0637318,78.69463652,14.31329872,103.7243471,-0.069687247,0.6,0.005637085,3
2646.118837,20.93678743,554.0122761,922.4856149,78.9507224,11.90504656,95.69447391,-0.663189666,0,0.004596095,1
2497.177237,48.05156689,1199.93279,805.2117058,50.94895443,14.15785144,76.93682768,4.126484083,0.133333333,0.008382248,2
803.1503663,31.60826227,253.8618742,754.2728628,64.41686083,9.008915289,41.15902298,0.151899736,0,0.007747392,1
4929.166414,5.706558644,281.285772,1151.794877,94.247465,13.40055634,329.2620435,-0.758676649,1.133333333,0.006958886,1
3552.642785,42.4144108,1506.832505,918.7597561,56.48783842,19.52414268,97.77749717,-0.301542145,1.533333333,0.011552314,2
1907.017169,36.75807224,700.9827486,793.8721112,62.16147667,13.42295438,65.53527825,0.141746867,0.133333333,0.009008924,2
2150.308105,24.61411537,529.2793177,928.3504635,75.05286034,12.22963925,65.06402656,-0.06223802,0.133333333,0.006214569,2
598.6136722,30.54303333,182.8347734,782.3294601,65.98115321,7.235128822,53.55933429,1.712327574,0,0.005970317,2
3113.699732,38.24798585,1190.927433,960.7845093,61.40652159,18.18370036,96.0616028,0.438168536,1.266666667,0.009366863,3
1161.352235,32.35702935,375.7790836,767.1921557,65.66625785,9.133004076,45.83801453,0.748334041,0.066666667,0.006457696,1
2987.41127,34.93696324,1043.710777,794.002487,64.34320376,13.78118308,71.79725465,2.19653996,0.133333333,0.008351208,2
1861.01572,35.88282765,667.7850633,805.8685713,60.73392451,15.13494404,67.85361464,0.103865835,0.066666667,0.011987464,1
1104.682542,38.76786169,428.2617999,740.4379102,57.1223845,10.85429495,45.92440229,0.025297261,0,0.009307194,2
625.9611575,40.26806146,252.0624237,707.924605,52.22112505,9.345196745,33.79709953,0.655727971,0,0.00917932,2
1850.427779,22.26932979,412.0778648,601.819081,76.02666736,8.461220547,73.32358946,7.134817899,0.2,0.007392984,2
8273.88467,21.27212316,1760.030937,740.7138845,77.1177359,21.00605457,186.6881965,1.735624516,3.266666667,0.016617491,2
3383.489541,28.39931679,960.8879134,895.5892831,71.50883066,14.08183637,84.32945035,-0.424877174,0.333333333,0.005316012,2
4546.816147,41.20183204,1873.371552,759.7794674,56.02719402,21.85123391,151.1241518,-0.838319343,3.6,0.016579469,3
1984.513454,31.73660395,629.8171752,852.1497685,66.14167526,14.28978799,85.69647613,4.120868287,0.333333333,0.011280111,3
8476.26272,14.82801309,1256.861346,895.310628,84.50172983,19.27925618,309.7524586,-0.581375318,2.666666667,0.012857264,2
540.2958119,49.22868792,265.9805391,710.8398001,43.48041573,9.299337367,33.05583284,0.905519332,0,0.008862363,2
2119.639971,36.36125377,770.7276689,786.5224649,62.52665237,12.31863649,69.8238894,-0.18539285,0,0.00757124,1
4625.534349,49.07865681,2270.150129,1032.062538,50.84110044,22.95765144,94.67381693,-0.440765138,1.933333333,0.009394569,2
2249.255366,67.57902272,1520.024795,835.1804502,31.16670866,18.98109353,59.84087828,0.058509748,0.4,0.012037444,3
7151.869237,7.333520065,524.4837655,1139.762123,92.53477413,19.83922438,366.9936444,-0.683095135,2.866666667,0.010855598,2
1641.959575,52.4162292,860.6532943,802.0842484,46.58401967,12.45936934,53.19801317,-0.190336932,0,0.006966393,1
2329.283791,23.5526851,548.6088765,954.5494128,76.34900206,11.99450617,60.74844892,0.079599678,0.2,0.005391869,2
8039.679964,7.283407825,585.5626797,1151.438584,92.26648023,18.09886128,402.9912251,-0.733027844,2.2,0.01560658,3
2405.924179,29.20097417,702.553298,883.8852357,70.38940592,12.14288035,102.1563834,0.429247028,0.666666667,0.006309765,2
2125.326611,27.96316737,594.3086372,646.366837,69.5962313,10.95509939,103.6636738,4.848046098,0.6,0.009941124,2
2288.512164,60.4855896,1384.220075,800.2373796,36.87303752,18.74666029,69.63620641,-0.102496309,0.533333333,0.013156977,2
3357.609262,71.1904728,2390.297908,720.6289451,24.6055576,22.40783169,69.59014755,-0.473783205,1.866666667,0.017685742,2
2677.767596,49.79005536,1333.261969,804.8986849,48.10587698,18.65974653,63.33196392,-0.557408783,0.266666667,0.012737132,2
3785.060282,17.4252704,659.5569889,826.9309237,82.04064801,12.80330612,114.1638801,0.705925485,0.933333333,0.007990462,2
2717.167672,39.37320654,1069.83604,781.9030965,59.6701358,13.7911659,71.30706408,0.455211794,0.2,0.007676603,2
1664.490389,43.33329914,721.2785997,827.0320706,50.55787864,15.4051725,94.73736032,1.527056784,0.733333333,0.013214902,2
3149.81206,19.51259843,614.6101784,767.3941782,79.95466198,11.21944047,112.3136793,7.583057051,0.333333333,0.006551871,2
2816.721314,21.66332819,610.1955824,815.2572141,77.79723961,11.70920919,112.2720108,2.558656912,0.4,0.007020987,1
722.9164471,44.67173197,322.9392976,729.3878567,49.49438625,10.12749121,36.81426563,0.7101913,0,0.008984404,2
6206.202859,22.09948338,1371.538769,1100.777752,77.88128335,20.21690783,163.7606166,0.339822248,2.666666667,0.007267549,1
5195.687373,24.63460095,1279.936851,584.9555646,69.22875822,19.65795484,142.5033887,1.224685834,2.666666667,0.024946988,2
1526.156004,39.14078948,597.3495087,749.7873277,59.57574651,10.43590857,67.91849607,-0.495759896,0,0.006679126,2
1988.428207,37.7842883,751.3134466,807.9068304,61.09392982,12.93409925,71.48647557,0.432243116,0,0.007967622,1
3398.713725,59.47412837,2021.355364,707.1096033,37.12771279,20.7952987,73.62429793,0.40215451,1.2,0.016458194,2
2118.228796,25.62825515,542.8650805,846.7457743,72.89771415,13.61223969,66.93222538,1.741216457,0.133333333,0.009626745,3
731.6274117,38.20965858,279.5523361,763.5738857,56.95973091,9.732734395,39.40773389,-0.048964763,0,0.008075788,1
4311.957114,40.28200011,1736.942569,1002.268717,59.62806594,21.91047157,100.9475388,0.174707154,2.333333333,0.00956531,1
5250.051585,43.81095201,2300.097581,1037.070732,56.13426437,23.31540232,107.4363409,0.106655989,3.4,0.00904669,2
9531.37693,11.07165884,1055.281536,1075.920192,88.86292277,19.84766375,191.9719813,0.407824572,3.266666667,0.007151203,1
3869.428999,23.16590291,896.388165,784.672171,75.88670195,13.92395536,173.8240607,2.307710646,0.133333333,0.009081716,3
4009.554399,20.60515131,826.1747508,768.7804719,78.33430303,13.64806922,110.7259983,0.715346764,0.266666667,0.009667867,2
11517.77041,7.24433384,834.3857393,923.0082992,92.01234868,19.24059501,329.6941798,0.291695048,2.533333333,0.012721539,1
2064.071035,23.90245966,493.3637465,1107.318309,76.09441905,12.15311619,73.58280499,0.61495458,0,0.004077489,3
3038.578604,33.79864781,1026.998481,908.6092239,65.72204643,16.64015672,91.07119887,-0.054977611,0.733333333,0.009454368,2
3517.105743,46.90294586,1649.626202,757.0562159,51.14126445,18.46716553,101.1824157,0.19325086,2.8,0.012743581,2
2719.411196,26.99378535,734.072021,853.7587055,71.341838,15.15140656,68.70556758,3.205875144,0.733333333,0.010494253,2
3186.760136,18.45918176,588.2498456,812.6975731,80.9322368,12.59678126,126.7520222,0.224098684,0.8,0.008526681,2
1068.754274,67.2988705,719.259555,774.7180904,31.10818422,10.80309762,40.70689943,-0.132042501,0,0.0065016,2
3805.254007,29.75158721,1132.123465,913.5470952,69.87295107,17.71439881,104.547721,-0.155520794,1.2,0.009551483,2
2449.25037,24.88482073,609.4915639,884.7967395,74.23100139,15.48335571,82.17797588,1.019510575,0.933333333,0.009934962,3
4800.776072,8.682177393,416.8118948,1258.733569,91.26567109,14.28302252,295.4318216,-0.722824249,1,0.004435572,2
2134.873133,24.12120492,514.957123,901.5497198,75.53197933,11.6200112,75.1783678,2.004664374,0.133333333,0.005453562,2
1520.587767,36.50991783,555.1653444,735.3661915,60.80954242,10.76396348,72.17174312,2.24515161,0,0.00906183,2
2349.397161,32.0625325,753.2762281,778.5007927,66.28944201,12.88998526,99.71740852,2.24499088,0.333333333,0.009110829,2
9819.550364,4.044166406,397.1189571,1167.687633,95.94788113,17.01696992,293.8674376,-0.516131165,2.6,0.004694034,3
1336.991362,25.1622264,336.4167934,722.8849706,72.80816852,8.801936856,54.34884166,-0.073990642,0,0.007012488,2
7060.962831,16.01495004,1130.809669,781.2936092,81.47078306,18.96105327,311.4987304,0.116670268,3.4,0.019409595,2
3475.861049,71.06725658,2470.19909,722.9321003,25.02166066,22.70116157,72.63202138,-0.60977526,1.533333333,0.016905252,2
1111.346429,43.85971424,487.4333681,736.9032915,52.42874969,10.62383127,63.28332562,-0.422989184,0,0.00844226,2
2256.822631,66.17660038,1493.488494,831.509943,32.44635151,18.91632872,59.27109531,0.076239714,0.4,0.011943689,3
1191.280099,33.78407593,402.4629732,743.2433768,62.44316211,10.73796939,48.2939065,-0.242634858,0,0.009050872,2
3482.348142,22.42041633,780.7569514,887.0507632,77.16407841,14.20102555,102.7522637,-0.116148388,0,0.007766807,2
1720.016001,36.22748272,623.1184995,781.5707553,59.5744805,14.84120873,70.17016833,-0.501123604,0,0.012590398,1
1321.291581,31.07905837,410.6449817,725.5068815,66.50786159,9.596250389,48.85276107,-0.027062321,0,0.0074238,2
1792.888298,18.8075386,337.1981588,727.9860335,79.70129675,8.942297342,68.84434175,5.854690863,0,0.006907137,2
2527.002121,59.62653395,1506.763778,800.2927044,38.03314684,19.63984415,71.08748413,-0.168861644,0.666666667,0.013655717,2
2654.528952,24.62811082,653.7603319,909.010265,75.31429886,11.9615793,67.92397565,-0.294892559,0,0.004010787,2
1982.301512,24.18951644,479.5091501,765.9700321,75.00753846,9.847736676,86.39383475,-0.913772538,0,0.00624771,2
5966.789737,10.07230914,600.993508,1038.973881,89.58146574,16.4138061,294.1525683,-0.95563321,1.666666667,0.011345091,1
2891.066077,48.85046939,1412.299349,903.7755443,50.7385237,17.01335019,79.05272803,0.198647284,0.533333333,0.008708087,1
874.2199424,40.64905973,355.3621865,729.018961,54.59493779,10.07903195,39.49213637,0.584418378,0,0.008779379,2
3239.802068,32.73146137,1060.434562,909.2733824,66.81911071,16.53002948,93.72351985,-0.1766935,0.733333333,0.009265596,2
4338.088023,41.04089752,1780.39026,1004.784566,58.79457611,20.9236147,94.04752695,-0.281121981,1.733333333,0.009459002,2
4287.095102,27.55657447,1181.376554,889.4194295,71.7207777,17.85313277,109.2300587,1.269551962,2.133333333,0.010623426,3
7227.107792,18.67509541,1349.669275,880.4443568,80.4860194,19.33872388,307.2541397,-0.429108682,2.666666667,0.013009827,2
2954.270859,56.6310377,1673.034244,833.1297146,42.01764833,19.51403656,79.58729511,0.310760277,1.266666667,0.012445979,1
1369.830949,27.5523678,377.4208614,774.4357538,70.30721973,10.22697215,51.47725575,1.772678515,0.066666667,0.007791426,1
1681.299811,21.2742915,357.6846228,730.099206,76.98982072,9.751086391,60.51313571,-0.17419871,0,0.00740652,2
1344.165246,47.69716844,641.1287615,812.7659456,50.53576145,11.52548584,59.67576973,1.126856931,0.2,0.00765778,3
2569.195195,47.09200785,1209.885603,834.0497865,51.30070622,18.53674128,69.78193635,0.344891556,0.6,0.01262255,1
4877.170779,18.3264821,893.8138297,925.5725703,81.43009384,15.35143552,147.0796971,0.715614914,0.733333333,0.00753272,2
8708.696403,16.30689105,1420.117635,1088.487345,83.63805252,21.40310971,183.0354475,0.973196245,3.6,0.007781288,1
995.988372,31.40820526,312.8220723,889.0909428,67.7023161,9.236562811,45.34688962,0.025818986,0,0.005791622,1
2772.103239,39.45923035,1093.850603,784.7869249,59.61420019,14.01088787,70.71666075,0.351153871,0.2,0.007959847,2
3489.035403,19.20937995,670.222067,727.0369179,79.30037606,12.3621766,117.9929324,0.248178246,0.266666667,0.009542476,2
5920.190461,10.47357535,620.0556089,1025.449383,89.00386158,16.57448824,302.269804,-1.045585842,1.666666667,0.012598927,1
2021.092561,22.62153074,457.2020748,894.6175488,76.85271224,11.04245819,72.79503173,0.433188349,0,0.005816684,2
3717.482459,64.38334076,2393.439399,733.7727584,33.248785,21.28372408,80.76174131,-0.639585206,0.866666667,0.014782817,1
2747.351675,32.39352128,889.9639493,771.1937315,66.87565106,12.64658821,80.83219584,-0.440907877,0.2,0.00743274,1
2344.394662,49.10938514,1151.317804,799.8518124,49.22693126,15.91326684,70.17079838,-0.032968516,1.333333333,0.010536527,2
1062.942365,36.22497495,385.0506056,897.248485,62.46313767,10.04690463,56.34483111,-0.474966653,0,0.006311596,1
839.180531,41.04703966,344.4587654,829.4573688,56.08856092,9.532302657,48.09883222,-0.567665338,0,0.006878856,3
893.1901643,31.94327897,285.3142259,882.252474,67.01967054,8.791404021,46.96708278,-0.412697318,0,0.005557525,1
4439.222734,68.09309462,3022.804137,770.2746344,28.23504097,26.18982843,83.90418196,-0.476542916,4.866666667,0.019074005,1
3225.744263,53.63834983,1730.235992,797.9731551,45.76927229,16.46347446,104.5804441,0.439525437,0.6,0.008619308,1
3617.011643,3.036197134,109.8196038,1125.584472,96.79704138,10.3173899,551.9152424,-1.850853773,0.4,0.005037412,2
4890.009292,18.6704672,912.987581,926.6018067,81.12747263,14.83281268,146.8912822,0.729527099,0.733333333,0.007330184,2
2846.300919,32.96809768,938.3712672,747.841504,66.03105561,13.12778974,81.2107618,0.683217629,0.4,0.008154465,2
5893.962616,15.64757232,922.2620626,995.2336286,84.22424234,16.19682704,205.7874518,2.041097324,1.2,0.009719897,3
6217.365464,13.12035168,815.7402142,964.6284971,86.77995008,16.284968,178.6977608,-0.737353368,1,0.006416029,3
1950.126778,24.73189481,482.3033034,726.8786043,74.16482542,9.552151878,68.68740036,-0.186276497,0,0.006768619,2
3198.818844,22.21863314,710.7338236,880.1804344,77.52951488,13.66653568,99.86376416,0.595992042,0.333333333,0.005970114,2
3226.063647,63.46939474,2047.563071,710.355517,31.88855201,21.27837843,75.07518454,0.695147285,1.533333333,0.017506287,2
2397.314109,28.02857267,671.9329272,908.9458575,71.69404662,12.90062215,85.44493613,0.631396955,1,0.006320912,2
3659.9509,34.55291901,1264.61987,1000.076652,65.31035887,17.84431878,143.2832318,-0.588588338,1.333333333,0.008239749,1
4301.40144,26.03696173,1119.954247,927.603393,73.84666608,15.73125418,100.9374529,-0.436518694,0.6,0.006378033,2
1507.65909,38.54933704,581.1925839,852.3668546,60.73408586,10.8815674,57.97780184,2.584419547,0.4,0.006514303,1
3851.421034,25.58709309,985.4666851,911.8519939,74.18340985,15.66845508,114.6876517,0.213115177,0.933333333,0.006678538,2
4962.347186,2.534150894,125.7533656,1321.481734,97.39144872,12.75041232,530.7868428,-1.619933297,1,0.004964774,2
8375.294152,7.935663287,664.6351432,816.2176862,91.47880413,15.42683357,199.0046204,1.997591705,1.466666667,0.01141752,1
3292.71371,24.60724811,810.2462323,676.2353676,74.12402428,12.08513764,98.42037146,2.183161575,0.4,0.009403681,2
1876.770782,26.92296154,505.2822757,821.01944,71.52873251,11.75847588,59.82539797,-0.333058554,0,0.007780045,2
12716.09763,6.751306076,858.5026716,977.1996735,92.93139282,19.17635726,350.5904027,-0.687168235,2.2,0.011468888,1
651.947261,41.53288692,270.7725187,717.9569307,52.1968628,9.320741696,33.69040406,0.587811905,0,0.008522807,2
3073.859162,34.37596293,1056.668686,957.2874155,65.17642502,18.26611877,143.5085892,1.654436539,1.4,0.009991876,2
2636.091707,34.06789319,898.0609074,819.0391791,65.10957015,13.66150137,99.18507791,-0.125126846,0,0.008045126,1
2915.223272,39.51522617,1151.957069,974.5840985,60.28689106,17.3632352,96.71447962,0.649081536,0.733333333,0.008478857,3
5816.933512,37.05339051,2155.37109,1079.32124,62.90708121,23.1092278,144.7714617,0.346288562,3.2,0.008728652,1
3339.530743,24.86913356,830.5123606,786.5304655,74.5906798,13.20751866,115.0831138,-1.008702789,0.2,0.007847053,1
2990.869288,15.12921378,452.4950085,949.920202,84.43827476,12.73395562,329.3954776,-0.464097546,0.6,0.007993006,2
3534.071648,21.5536564,761.72166,929.6054545,78.37787032,13.83592593,79.54777395,-0.445104767,0,0.004620183,1
1887.648415,59.52960227,1123.709594,831.9558451,39.70260295,14.65295949,62.59171099,-0.19654619,0.133333333,0.00787933,1
2743.285608,15.96093566,437.854051,856.2891182,83.59675383,11.0578846,115.0550335,-0.485750925,0,0.00627462,2
754.7752082,46.61755651,351.8577592,725.2199275,47.99134448,9.876409803,37.52290009,0.839992907,0,0.008667112,2
2778.271777,14.88767879,413.6201782,723.3954599,84.26561639,9.507624364,120.6709654,8.730750001,0.266666667,0.006901302,2
3582.156848,68.75809832,2463.022928,729.0214568,27.07075614,23.07475877,70.135847,-0.402775805,2.333333333,0.017598347,2
5822.755793,18.03801293,1050.309443,890.2954723,81.60932426,16.79401271,140.6336299,-0.019026892,1.6,0.009298534,2
3096.775926,32.16514065,996.0823323,636.9525058,62.43624695,15.1237408,121.190506,0.122642284,1.533333333,0.014339429,3
2370.20424,28.01674271,664.0540236,878.201051,71.7058139,12.46823085,67.90107898,-0.574572649,0,0.005299635,2
2291.443161,47.88163745,1097.180507,799.1929084,50.41289879,15.90348554,70.57451313,-0.025794672,1.333333333,0.010620161,2
2262.869042,35.45221865,802.2372806,875.8797165,63.70205033,13.7638458,89.30132269,0.809724904,0.933333333,0.008177186,2
2833.882167,53.72953009,1522.631572,842.1194941,44.92952592,19.57199309,70.98396326,0.651133296,1.4,0.012788372,1
1227.340536,25.74050697,315.9236762,768.5962484,72.58092587,8.986170891,49.78953549,0.756388531,0.066666667,0.006435834,1
828.4668369,29.77380933,246.6661364,774.7837375,66.41504554,9.094153291,44.37656242,0.065866669,0,0.007499665,1
2372.81397,39.83712215,945.2607995,805.090726,58.6345127,14.34378773,63.63097114,0.177079119,0.6,0.009106441,2
2027.564182,40.93111429,829.9046124,809.5085106,56.669808,14.02169476,80.20479532,0.865705354,0.866666667,0.009725259,1
3640.127455,22.15533474,806.4824227,932.2320948,77.77506846,13.95778807,79.94721382,-0.517352685,0,0.004687182,1
2207.888356,30.3335005,669.7298255,861.1209506,69.34103281,12.21649718,63.50665331,-0.804849631,0,0.005614304,2
4031.5306,33.63574084,1356.035184,930.4773153,65.92611478,19.44720958,121.1954618,-0.444819796,0.933333333,0.01064378,1
1217.260027,46.85571155,570.3558471,780.7097203,50.84754678,10.88217829,66.18201975,-0.423898011,0.266666667,0.007644756,2
3427.390032,64.16224126,2199.090261,726.0747115,32.74257835,21.04499199,78.98498909,-0.574931749,0.933333333,0.015209696,1
2234.030718,30.91052604,690.5506469,957.4154481,68.969801,13.21655989,72.23994128,0.325416703,0.266666667,0.005847625,1
12717.30584,5.557018832,706.7030803,926.0569096,93.91441529,19.21747246,329.6757507,0.257726664,2.133333333,0.013011857,1
2800.20955,25.56029545,715.741834,721.976214,71.15501982,14.74499559,64.62911439,12.4039868,0.933333333,0.012741447,2
3028.721301,41.8291262,1266.887655,802.6163465,56.79075807,17.22073312,90.69029293,-0.064720747,1.866666667,0.011776125,2
6937.450727,13.81645306,958.5096235,969.5560517,86.08079048,16.73077609,159.7062672,1.250623755,2.066666667,0.006741387,3
3716.505543,34.37867669,1277.685424,753.9153461,64.25509984,16.19870526,101.8253256,0.006606224,2,0.011353181,2
2262.417258,34.02974026,769.8947164,881.6421209,65.17193161,13.74454538,82.72307015,0.539364306,0.933333333,0.008068964,2
963.008531,31.00409763,298.5721052,881.5488014,67.94092592,9.122126859,46.05875534,-0.124602777,0,0.005800166,1
6075.581291,7.72419952,469.2900209,1263.875478,92.22344742,15.81007292,280.7740397,-0.519300422,1.2,0.004888376,3
3575.536656,54.71127175,1956.221576,805.5033761,44.70467254,16.71397036,109.0179344,0.334224488,0.6,0.00873033,1
2254.168643,23.10971823,520.9320218,902.196633,76.54639233,11.58365738,79.77763115,0.163102258,0,0.005863369,2
2502.342674,30.583032,765.2922607,807.2396457,68.36667403,13.23157382,68.36001197,-0.290364161,0.266666667,0.007877212,2
3033.478068,26.10041839,791.7504675,876.97515,73.62325139,13.51249148,77.14238733,-0.21679173,0.266666667,0.005829948,2
1558.728353,25.59546414,398.9637565,763.5956729,72.74569708,9.613772169,61.17792897,0.251782619,0,0.007024546,1
3838.753462,21.06051709,808.4613286,1024.890585,78.87054196,15.81991915,134.9357628,-0.868532679,1.133333333,0.005667583,3
4557.726186,26.34785043,1200.862878,915.4521089,73.31152713,17.3947381,105.9859152,-0.294400272,1.4,0.00919568,2
1094.462412,44.3908193,485.8408314,743.4693277,51.89708251,10.54611914,62.3132819,-0.518247737,0,0.00834155,2
3377.33812,22.53014924,760.9193187,878.8929253,77.24442696,13.76530971,98.04424902,0.667212505,0.333333333,0.005957398,2
1817.899101,48.00367821,872.6584346,854.1636484,50.43649523,14.91635442,62.12623294,1.396822362,0.333333333,0.009544833,2
1363.416956,36.93975298,503.6428558,853.7595561,62.51362923,11.04083,56.64155771,2.856289297,0.4,0.006580824,1
6946.318735,13.77989766,957.1956129,911.2202477,85.08116481,18.21029481,257.91797,0.120737813,2.8,0.014247788,2
3642.390858,64.24264142,2339.968098,729.1441164,33.492929,20.43755416,81.73604278,-0.557734407,0.866666667,0.014161273,1
1456.541149,30.554116,445.0332722,751.4624782,67.86298347,9.518696158,55.71218221,0.323572144,0,0.006606407,1
1260.334982,54.09855707,681.8230394,785.4831568,44.48312712,10.96038977,52.47423667,-0.48963787,0,0.006484407,3
3223.49429,59.24424724,1909.734927,711.2498955,38.06795439,18.68891141,80.70039396,-0.641506499,0.733333333,0.013492986,1
3655.590102,31.82718068,1163.471267,981.4709347,67.95784394,18.21017019,161.0449082,-0.699305118,1.533333333,0.009608937,1
2646.587128,26.28238357,695.5861805,897.3381803,73.47626285,12.86711885,91.16252518,0.230442417,1,0.006318253,2
1700.499908,23.14639561,393.604436,767.4986248,75.3936282,9.603352948,60.88005069,0.32368129,0,0.006885098,1
904.0297265,31.46528151,284.4554984,820.711791,66.44518367,8.757410769,50.10397856,-0.478437109,0,0.006464927,3
8916.100786,7.755736102,691.5092475,1066.933373,92.18276559,18.20947612,195.9087145,0.185910641,2.2,0.00647892,1
1238.287381,32.90329182,407.4373105,732.2529031,64.69708724,9.328090157,51.88356971,0.329802637,0,0.007187864,2
4225.177024,28.25826735,1193.96182,1172.135397,71.70936847,19.56957537,146.2390789,-0.36090763,1.733333333,0.00692525,1
1124.770694,51.61144433,580.5104004,786.0687332,44.04996366,13.08058887,49.51138786,-0.37808048,0,0.010358185,2
9168.85976,9.423992249,864.0726331,1067.977054,90.33080728,19.56706972,320.5029835,-0.874394314,2.8,0.009626208,3
2684.297465,48.104038,1291.255472,671.8953821,49.98457228,14.07937184,72.96906275,2.232234918,1.266666667,0.011075614,2
1091.250365,54.49575795,594.6851578,757.7722102,36.78990291,14.55015169,44.14911155,-0.045270334,0,0.013182639,1
2686.058501,57.60653112,1547.345126,806.8394094,40.15696824,20.14107775,74.29957097,-0.12629652,0.933333333,0.013829666,2
5063.121493,22.43131753,1135.724859,1107.4,77.56077975,18.94985884,117.723579,-0.062266369,1,0.005950134,3
2832.135921,37.49269504,1061.844084,769.0623116,61.47159948,14.53809945,74.10415696,2.943588706,0.666666667,0.009003519,2
4845.721088,23.59854154,1143.519504,842.7140618,74.02979993,20.79426981,229.5136613,0.123234494,4.333333333,0.017404462,3
5818.355568,18.19637578,1058.729843,936.63554,81.67552267,17.1315275,126.6408323,0.860990183,0.6,0.007576751,3
918.4063779,28.910776,265.5184107,820.3692573,68.93250836,8.589791267,51.32566279,-0.571570158,0,0.006367732,3
2461.170314,25.76700019,634.1697595,845.2806883,73.03059318,13.28354025,68.03739125,-0.104115427,0.266666667,0.008421201,3
1023.349602,35.55175457,363.8187388,783.5811941,61.31121284,11.1579158,53.85470863,1.068075603,0.266666667,0.008907982,1
4788.385687,38.19455789,1828.902743,1023.600779,61.70753291,21.8507247,102.4932266,-0.167468216,2.466666667,0.008990021,2
2092.692329,55.89015407,1169.608967,799.0664336,42.19164839,16.27788413,70.75158614,0.047790133,1.6,0.010736518,2
1246.167234,51.24941907,638.653468,618.6925743,43.76764056,10.6180172,45.42235808,7.416865514,0.6,0.010123917,2
2209.767134,36.56681421,808.0414424,808.3949319,61.51457844,14.00864605,82.12754685,0.591095993,0.866666667,0.00971153,1
4721.740626,62.88486775,2969.260348,771.8318059,34.24382903,26.24341007,92.71196454,-0.678809236,4.2,0.018828751,1
1807.716749,35.45166629,640.8657092,788.0108421,61.76457013,14.61682718,92.29895155,2.688700631,0.466666667,0.013055094,2
1399.43948,27.54137604,385.4248897,720.259462,70.79760902,9.248113969,52.94436132,-0.075979145,0,0.006857277,2
3617.41023,18.47942577,668.4766381,712.9318465,78.57059096,14.68996695,225.748422,0.474406656,1.466666667,0.020264647,2
4901.865694,20.38236444,999.1161304,925.1789451,79.08079038,16.31418594,147.3596552,0.673559726,1.266666667,0.009395509,2
3571.100986,28.83239107,1029.633802,838.1246593,70.8229589,14.69207699,113.651522,-0.834703493,0.133333333,0.007810076,1
5346.212524,16.40951261,877.2874181,620.3937976,79.2403464,16.76523082,132.8423539,5.502671432,2.333333333,0.02175181,2
1934.898018,64.88237131,1255.407716,817.1937794,32.8443196,18.84423431,54.64128362,-0.146209825,0,0.013136781,2
1932.476306,22.82430886,441.0743608,1032.109746,77.13942736,10.93845778,78.61031171,0.440821654,0,0.004056773,3
6855.900492,6.775586701,464.527482,1034.49703,92.74047552,15.78018193,364.1184085,-0.534272738,1.266666667,0.010017117,1
1137.573042,47.00634492,534.731508,765.1024978,44.55272566,14.22273105,54.35004087,0.669364108,0,0.013090055,1
2850.065933,17.20189037,490.2652173,813.6521316,81.88896926,11.27560866,82.87781356,1.032462281,0,0.007211482,2
3737.529309,19.87178702,742.7138642,731.7949199,78.23577739,15.44520382,96.05511109,1.760340023,0.2,0.012716071,2
2405.135455,61.28779933,1474.054591,807.9487256,36.56700376,18.94857234,64.95316086,-0.084785798,0.133333333,0.012901813,2
1029.279549,37.15698443,382.4492416,741.747349,58.03667678,10.83303958,45.38895658,0.10260991,0,0.009290823,2
10262.19282,7.622213826,782.2062802,836.6985119,91.58549907,18.12705382,271.5099802,-0.478705716,2.133333333,0.01471252,1
1832.196522,17.6400387,323.2001755,648.1312721,80.18776991,9.033747548,103.5575507,4.643301731,0,0.009296727,2
1455.607235,27.79734374,404.6201464,666.6625422,69.61727078,9.544524337,48.96406035,4.295894378,0.2,0.008680374,2
1936.425883,31.94389721,618.5698935,803.5907166,66.73030068,12.94116959,81.590411,0.313874291,0.466666667,0.008807663,1
619.2913612,50.57539984,313.2090821,715.721425,43.04045892,9.56237674,36.9513842,1.253378785,0,0.008880954,2
3730.869949,18.94591295,706.8473727,711.8862392,78.65504083,14.49670725,226.5620652,0.444431885,1.333333333,0.019784747,2
1042.807098,34.56903871,360.4883895,784.7907028,62.63582341,11.14183023,55.01102443,0.891325834,0.266666667,0.008844003,1
2429.707843,51.18351866,1243.609967,838.9478322,48.44395897,14.82999894,66.54029575,0.174604384,0.2,0.007436519,1
4449.703752,41.2213294,1834.227041,1027.402247,58.65756825,21.28195217,99.88322458,-0.283465272,2.4,0.008931037,2
1818.74792,57.80071876,1051.24937,837.102745,41.61754962,14.04881953,61.71231048,-0.101833453,0.133333333,0.007442792,1
8517.625454,7.535762608,641.868034,773.8583245,91.79428061,15.43852858,167.5667521,3.526602269,1.466666667,0.01170816,1
3447.473019,48.21752831,1662.286279,1028.856866,51.47991876,20.91419116,98.18887006,-0.849389474,1.533333333,0.010414402,1
1844.914259,41.20435629,760.1850445,667.0069538,53.87730298,13.63902379,96.91945277,2.04568135,1.133333333,0.018077606,2
2330.461226,41.33104496,963.2039772,804.2793676,57.27395633,13.83083249,63.92918925,0.223576647,0.466666667,0.008607402,2
1090.908168,55.65950535,607.19409,751.2771655,36.31087653,14.62698238,43.34941686,-0.261994904,0,0.013245901,1
1093.839124,51.52350637,563.5842706,697.583662,45.74491887,9.918469767,46.48991358,0.429798852,0,0.007412465,2
1368.386898,59.1196302,808.9852738,586.2797292,37.21003143,10.83527231,68.93080993,1.660901022,0.266666667,0.009838383,3
2464.882184,34.94720824,861.4075095,833.6539034,64.49391925,14.19397168,85.06351286,-0.306563077,0,0.007828944,1
2265.982646,27.73824461,628.543809,775.622681,70.67862117,11.93988709,59.31193273,0.279013782,0.2,0.008222526,2
943.814644,40.66164667,383.7705757,786.5912173,55.20455411,11.39213375,50.11893049,0.216813094,0,0.009474761,1
9901.009747,8.602306556,851.7152106,820.8402686,90.58252362,17.93720219,263.0512713,-0.089547976,2.133333333,0.014715987,1
2422.328067,26.46717458,641.1217986,786.9157898,72.15522272,12.35948343,69.55484759,0.064985295,0.133333333,0.008195053,2
1342.443347,55.44223957,744.2806564,776.5454916,43.40226952,11.16321726,49.37334789,-0.25150515,0,0.006354709,2
2664.692192,42.48665574,1132.138598,615.0755358,48.37057658,18.31498,124.6198932,0.782881805,2.133333333,0.023752417,2
2375.959483,26.39356161,627.10033,817.9544807,72.98653985,11.64003189,111.4860075,2.585593385,0.4,0.00701874,1
3576.152855,35.87945172,1283.104037,778.5445718,61.15046119,18.08618286,153.7233592,-1.373497041,2.266666667,0.015369613,2
2903.54928,63.00225939,1829.301649,699.4488243,32.30009596,20.16626652,71.31195406,1.620338875,1.133333333,0.017043094,2
1951.021433,27.7275136,540.969733,886.8433429,72.04062657,11.12735691,63.6690547,-0.332419646,0,0.004464516,2
2533.814755,38.51952434,976.0133915,799.8063551,59.91333787,14.2002534,63.32490386,-0.002854675,0.6,0.009244512,2
3033.645654,20.01830014,607.284292,871.3011325,79.33559453,14.24656549,95.74968147,-0.50010445,0.533333333,0.008197901,2
3957.750919,22.73367241,899.7421289,766.4484682,76.27630676,13.60406339,169.6526134,3.475738407,0.133333333,0.009157669,3
6260.763572,16.13445844,1010.140296,869.3659629,82.85548315,17.40862627,198.0109452,-1.111322366,1.6,0.011781423,1
1751.070693,20.72420589,362.8954956,722.229836,77.66079447,9.519169277,65.07499684,-0.150919691,0,0.007586948,2
2270.5369,71.3821168,1620.757302,816.5835351,26.81836047,20.91483183,57.64996699,-0.120556957,0.466666667,0.014112535,2
5658.949155,24.3635224,1378.719345,982.1326456,75.54733115,18.78430383,138.266167,0.149854753,0.866666667,0.007910242,3
6961.116022,24.19714485,1684.391327,997.3019706,75.73980647,20.77040714,141.1752929,0.920258435,2.8,0.008465503,1
4604.731756,48.28556679,2223.420827,917.47601,51.33910917,21.03736736,124.1185261,0.407231553,3.466666667,0.010923957,3
5181.561429,12.50595351,648.0036632,915.4966333,87.26684855,13.94022671,192.3709733,5.661957813,0.933333333,0.006685256,2
6320.072746,9.191683355,580.9210746,1165.752367,90.77117461,15.98757633,272.1597596,0.162672482,1.333333333,0.005488887,3
4352.095626,38.00429402,1653.983218,1061.303497,61.95893125,20.70493832,110.9630302,1.015288755,1.133333333,0.008703754,3
1631.182605,35.20187796,574.2069098,839.4857848,62.88440903,13.35512099,62.47593631,1.874332284,0.266666667,0.009348386,3
1186.114964,53.4924293,634.4817083,701.4811201,42.95745282,10.601393,43.11990503,0.559489185,0.133333333,0.008586793,2
2242.930941,44.59891849,1000.322942,743.2462858,52.30586157,14.09011387,86.72878679,6.264295515,0.866666667,0.01247453,2
1844.695689,34.04654058,628.0550661,807.8721738,62.27785163,14.85201189,60.76341653,-0.258659653,0.066666667,0.01186264,1
1609.521744,42.98100043,691.7885475,861.852796,56.39307311,11.8453808,56.94569415,0.872131901,0,0.006220936,3
2078.428146,40.59795959,843.7994188,699.6202291,47.23480062,18.73878655,74.70433532,1.288103627,2.466666667,0.019978255,2
3668.06615,49.90064273,1830.388585,940.6214791,49.41754154,21.92655674,97.27137865,-0.28525023,2.066666667,0.012192623,1
3496.459938,32.40386168,1132.988042,916.4551348,67.1891805,17.36654776,101.5635749,-0.365141249,1,0.009569032,2
1837.471379,40.45999392,743.4408083,782.7229753,58.39110084,12.1036055,66.02111217,-0.295504837,0,0.007820468,1
6319.321317,12.25716361,774.5695531,961.6264322,87.2343186,17.02298206,173.3360976,0.891434159,1.533333333,0.009536439,3
2934.493583,32.86852969,964.5248945,909.8564428,66.52880683,17.28621968,118.6716563,8.615510722,0.666666667,0.010389339,2
3790.624209,69.7527378,2644.064166,760.1652845,27.16365502,23.37552614,83.37325839,-0.765788502,2.2,0.016413398,1
4630.08796,9.773702576,452.5310262,840.9362752,89.61327566,14.18063002,271.2043478,2.69642347,0.8,0.010025409,2
5864.943805,34.50026721,2023.421285,1082.753299,65.46248647,23.0778646,145.3296864,0.356463538,3.2,0.008694937,1
1039.273501,37.41408866,388.8347092,954.8346086,62.28458959,9.645015885,60.95017936,0.314195185,0,0.004855441,3
2720.044405,30.58685572,831.9760577,666.7879167,56.44563245,19.66511957,95.42494705,1.50167459,2.933333333,0.024737392,2
2386.936358,67.17885654,1603.516552,825.6714646,31.56669219,20.66895915,57.57544973,-0.075966889,0.466666667,0.013660033,2
3838.326668,24.29515205,932.5273003,931.9799053,75.38248528,16.04609225,97.90968125,0.526038388,1.133333333,0.008346211,3
2784.922116,32.61007487,908.165187,802.8995782,66.20046823,14.107016,73.68728,-0.354452353,0.533333333,0.008630774,2
5177.878155,4.464953745,231.1898646,1187.110672,95.51661079,12.57408893,296.1813459,-0.815248315,0.733333333,0.003294108,1
1603.90719,40.26949439,645.8853158,863.7223851,56.96357555,14.18810103,58.31975746,0.462745544,0,0.009944642,3
8176.708145,22.19763204,1815.035587,724.9813286,75.96465766,20.40460121,178.9105122,2.918285735,3.066666667,0.016125261,2
2875.72948,19.96286445,574.077978,893.4968593,79.53438415,13.63769143,72.99689194,0.465649861,0,0.007560605,3
885.2558737,42.07533496,372.4743741,741.3473988,52.98890349,10.11341286,55.15095428,-0.841357602,0,0.008934,2
1778.07628,27.92171839,496.4694517,839.8719617,69.88040586,14.2166102,61.48891793,2.67504962,0.4,0.010627896,3
5917.559941,30.33389006,1795.026127,760.1636019,67.70506897,20.84231681,168.9169056,0.615649516,3.2,0.016155886,3
1010.540368,50.55660725,510.8949249,683.3724433,46.3966028,8.996024561,44.71110145,2.641587227,0,0.007090477,2
11555.05106,7.238105548,836.3667915,915.7233862,92.04056604,19.25814226,327.0013923,0.481899385,2.533333333,0.012725264,1
4406.901173,25.33641183,1116.55063,1079.554048,74.6223225,17.88877278,141.0069075,-0.236539407,0.6,0.006460132,3
6129.129466,10.67833749,654.4891294,1107.502113,88.53880981,17.36608462,399.4442539,-1.464627957,2.066666667,0.011514138,2
730.993284,35.98739365,263.0654307,770.0798686,59.26809091,9.384867815,42.02946897,-0.28246,0,0.007786005,1
528.6261238,44.1961971,233.6326436,765.6349407,52.17871647,7.560790264,62.48030776,0.028769554,0,0.00618998,2
1232.523987,49.95372106,615.6915946,818.914225,48.36073921,11.39220305,67.74051911,1.113105339,0.2,0.007488855,3
3630.030148,21.23519922,770.8441339,1032.111319,78.70150898,15.73107117,137.4127304,-0.969135005,0.866666667,0.005597497,3
2054.422502,40.18694609,825.6096635,698.2560537,48.18811603,18.82289054,74.55598224,1.259382098,2.466666667,0.020123603,2
2327.875443,24.50437051,570.4312236,875.0595626,74.95657646,12.94160746,79.38656148,0.020008653,0.133333333,0.007665999,2
1139.551813,44.28536635,504.654695,933.9482346,55.17072207,10.88140985,72.84162592,-0.033132618,0.2,0.005903516,3
887.6030584,42.62029523,378.299044,739.2212451,52.33425489,10.20570365,53.49510677,-0.801191857,0,0.009151023,2
2555.475496,42.74981098,1092.460944,798.9488093,56.22846637,13.98406713,71.17215953,2.588819706,0.133333333,0.008128778,2
2975.573145,26.94841493,801.8697977,887.4119252,72.93743996,12.98268385,77.04646349,-0.358660801,0.133333333,0.00498736,2
1608.273253,22.98862889,369.7199696,760.5458181,75.41701995,9.515755583,58.43964229,0.759973062,0,0.006862874,1
1644.306548,59.831382,983.8113322,813.3561348,39.327641,12.69656358,54.43008177,-0.269038804,0,0.006756796,1
4013.292291,42.49832801,1705.582122,855.2372972,55.56816409,20.59620457,164.1133724,-1.150209525,2.8,0.01432227,3
1737.425874,26.55566828,461.3850519,725.5234605,72.37046886,9.339329369,64.50458771,-0.207293709,0,0.006571607,2
1928.573735,68.21420353,1315.561213,810.8503759,28.83417017,19.34956652,56.38550278,-0.521600005,0,0.013862368,2
5436.377751,25.35358443,1378.316623,769.9553268,71.51134154,20.44153462,271.1720567,1.937286682,3.333333333,0.018664379,2
6039.930102,9.66950558,584.0313782,968.4138969,90.23103452,15.30105167,183.3262542,-0.87219845,0.8,0.00574761,3
1048.149214,36.42894963,381.8297492,782.8062484,60.52107706,11.13408649,53.25484068,1.156706764,0.266666667,0.008885787,1
4152.52417,20.67845604,858.677885,1094.223212,79.28314915,16.73897311,144.8673282,-0.194050143,0.333333333,0.005640876,3
3316.745239,32.72307295,1085.340964,705.0252804,63.20297116,17.57782247,81.60031298,7.161064267,2.066666667,0.015881359,2
3000.134865,23.05062022,691.5496937,871.9357596,76.29402131,13.95354779,92.72243547,-0.437557005,0.533333333,0.008374928,2
7601.622975,14.24055312,1082.513158,1089.554083,85.21135592,19.6483529,381.4864489,-1.035208805,2.666666667,0.011799954,2
1077.093828,64.49349401,694.6554434,785.3065226,34.00427995,11.01265447,43.2258438,0.08019951,0,0.00662791,2
6751.846724,16.81846754,1135.55715,943.3691988,83.01686212,17.28192407,214.1050961,2.060138804,1.266666667,0.010272104,3
6833.402343,15.75993821,1076.939987,915.5939666,84.13839869,16.73785172,155.4072572,0.321401505,1.533333333,0.007471403,2
3901.614487,30.9345603,1206.947286,954.7293315,67.96847762,18.16083834,182.2226869,-1.124058426,1.533333333,0.011319566,1
3286.740018,21.45527833,705.1792189,784.70102,78.05883263,12.45033746,96.61894218,-0.000118657,0.266666667,0.008408897,2
707.9369519,37.59168405,266.1254222,823.2500873,59.53400523,8.604338535,49.22883133,-0.777303571,0,0.006397339,3
3249.388069,61.52830519,1999.293408,703.3608189,35.09807164,20.46293319,72.02211305,0.578920019,0.8,0.016297701,2
4371.546922,46.75602285,2043.961478,1088.230191,53.20800142,22.14794876,95.0049594,-0.223648739,1.666666667,0.008462363,2
6262.70702,14.85139365,930.0992727,861.4751109,83.67396532,18.12313081,260.6002243,0.768163763,2.8,0.015175277,2
2603.396361,37.56265626,977.904826,795.8357658,61.61316286,13.39932932,67.15577471,0.471815106,0,0.008010793,2
2856.654013,62.3186109,1780.227099,694.2350513,33.31576319,19.42733068,69.74444606,-0.295461502,0.8,0.015971246,2
2341.349522,48.64487633,1138.946579,799.692095,49.34315932,15.84389916,72.03009664,-0.120716332,1.333333333,0.010625421,2
2094.967231,34.63323433,725.5549102,781.8251879,64.53709016,12.10117681,75.65086027,0.502708508,0,0.007227923,1
667.467058,38.93929191,259.9069461,770.2145237,56.23191637,9.310327551,40.79051365,-0.226077383,0,0.007763534,1
4921.739999,43.2070191,2126.537141,1022.438386,56.71534945,22.97686854,111.2212173,1.802697084,2.866666667,0.00965842,1
7022.522677,14.32359366,1005.877613,796.5256186,83.63079794,18.71117899,327.9436702,-0.332146048,3.4,0.019375317,2
3027.695136,68.44917743,2072.432416,686.0638431,28.39282775,19.48824927,77.88380733,0.230844203,1,0.015732777,2
2754.537965,21.06618258,580.2759969,892.5736941,78.41603449,13.45866429,73.09551091,0.447169554,0,0.007425213,3
4764.49354,40.96796027,1951.915821,1017.62938,58.95771112,22.00895734,94.4061149,-0.466934006,2.466666667,0.009111124,2
826.6512108,36.77953989,304.0385118,734.4673355,58.15540888,9.919092353,40.71491235,0.13241064,0,0.008900364,2
1132.516053,33.74998811,382.224033,742.7792597,62.25603229,11.09247143,49.48191002,0.078544562,0.2,0.009164742,2
3150.482682,27.48749633,865.9888117,896.8277446,72.19766508,13.9163913,106.0747785,-0.033694783,0.466666667,0.00645336,2
2323.680827,28.62459256,665.1441691,817.0299667,70.63993579,11.59560658,111.0938833,2.690269029,0.4,0.007040524,1
2975.269843,47.6176492,1416.753557,907.2865907,51.96464759,17.11378795,79.89035663,0.19234171,0.533333333,0.008687804,1
2239.85069,67.62111163,1514.611936,831.0322964,30.90070618,19.01189558,59.31602208,0.058070221,0.4,0.011950996,3
2670.162021,51.46067166,1374.083311,805.8390241,46.59410192,18.92130157,63.05003998,-0.585215779,0.266666667,0.013036616,2
5842.784108,12.66922637,740.235545,933.3047948,87.13392235,14.99031253,197.8132892,4.302963579,1.333333333,0.006947689,2
654.9697903,41.82795656,273.9604794,722.0469906,52.57527236,8.84419512,35.50226054,0.257266906,0,0.007747333,2
1433.878721,41.65124443,597.2283308,809.5882867,55.0635629,13.58049048,52.51093208,0.388280081,0,0.010308378,1
1511.005502,43.59856961,658.7767853,859.8003735,54.05633929,13.76652512,50.33262461,-0.052612947,0.2,0.009287411,2
2520.000528,23.18783344,584.333525,953.7185985,76.71772991,12.41304603,66.40239185,0.202735014,0.4,0.004893574,3
653.2384683,37.868293,247.3702572,720.3159281,56.13195827,9.016446309,35.62357623,0.444456353,0,0.007922043,2
2261.732498,23.93590513,541.366145,905.3565201,75.73858277,11.64543989,78.99360362,0.165288247,0,0.005788055,2
3245.82408,54.19045556,1758.926856,815.3983934,45.16523497,17.01394283,110.0658982,0.47552468,0.6,0.009010806,1
2707.309896,23.48998909,635.9467993,771.138449,75.88705909,11.44287042,110.6502277,7.891639899,0.333333333,0.006659193,2
4145.495408,47.10311956,1952.657659,817.0109091,50.44010935,21.08305343,160.8709618,-1.119994181,3,0.015214302,3
4286.741596,20.05008985,859.4955418,953.6252703,79.86355067,15.18055726,119.1472728,-0.112180655,0.133333333,0.006282142,2
8008.840474,5.479110978,438.8132576,1169.257159,94.50787277,15.96304496,235.2953611,-1.12653557,2.266666667,0.00459983,3
5838.381056,19.31651042,1127.771485,711.7235276,78.76394642,16.72900192,170.6002352,-0.384060128,2.4,0.015747438,2
2596.993501,14.45888561,375.4963195,728.567502,84.37784927,9.973313384,74.61915881,5.048669388,0,0.007582238,2
3453.896874,64.11802983,2214.570628,728.4073437,32.85760329,21.02136205,78.80919089,-0.562604566,1,0.014999423,1
2378.832244,66.38608949,1579.213703,844.0524464,32.53784551,19.67190979,59.08278976,-0.479278558,0.2,0.01215313,3
2096.320867,58.21625692,1220.399542,828.9064562,41.08176191,14.81794604,61.77980311,-0.249087565,0.133333333,0.008016975,1
4568.347091,36.65463337,1674.510877,895.7642012,62.88734862,18.07922931,112.5267251,0.561985362,2.533333333,0.009118161,3
1774.956203,22.47587864,398.9370021,765.2504664,75.94359761,9.642750805,61.66996539,0.172777935,0,0.006911863,1
6271.086613,18.86094926,1182.786464,1005.635956,81.01979737,17.84736954,153.9530586,-0.097238796,2.266666667,0.007435342,3
3098.525496,51.37716091,1591.93443,812.1405778,46.91391783,19.92299042,67.91644042,-0.416574675,0.466666667,0.013083016,2
5134.344562,2.2181408,113.8869915,1321.742241,97.70318691,12.72596792,530.402551,-1.621237131,1,0.004936253,2
1509.97689,38.45798135,580.7066308,870.615316,59.85593142,13.67955811,54.3362549,-0.283693399,0.133333333,0.00952754,3
2377.399164,32.9578027,783.538526,802.6997716,65.56659218,13.77116191,63.04546959,-0.231485431,0.533333333,0.008960621,2
768.4886564,38.97452755,299.5148231,744.0339053,57.59160236,8.573367397,62.98479756,-0.791988758,0,0.007165503,2
2200.469164,22.61931576,497.7310683,905.5726607,77.03250429,11.61078363,78.72765049,0.201397278,0,0.005771894,2
1685.362275,52.15450146,878.9922921,802.5543481,46.85590021,12.73951534,55.2004618,-0.167567077,0,0.007125951,1
2414.326456,45.92036763,1108.667584,797.296595,52.36452647,16.33758349,74.26584719,0.200888484,1.6,0.01071711,2
3136.621448,26.94438182,845.1432593,753.1881357,72.26237644,13.15154991,98.21193522,-0.14392818,0.333333333,0.00792549,2
5416.449077,23.48358352,1271.976343,730.8861063,75.39405938,16.73382022,235.6140788,1.074971334,1.666666667,0.022083782,2
3242.315168,61.47404795,1993.182381,717.4956174,35.72061532,19.09916661,82.60989293,-0.667796697,0.733333333,0.013719066,1
9335.864331,5.824724545,543.7883811,1128.291801,94.06746625,18.01484284,289.5583832,-0.730833215,2.266666667,0.007335834,2
3272.419926,42.02255827,1375.15457,809.8273185,56.47797584,16.85121835,88.75830653,-0.090356723,1.466666667,0.010894536,2
7291.722889,17.18717576,1253.241229,868.0555484,81.98576627,19.11721199,303.9466867,-0.270734703,2.533333333,0.01314559,2
1218.358107,47.43606368,577.9411275,803.2844381,48.38891509,13.9729389,50.68847396,0.099238324,0,0.011099755,1
2309.904399,27.80781726,642.3339943,891.4989076,71.92262032,11.80470726,66.14649759,-0.497869468,0,0.004820133,2
1966.964189,26.31147327,517.5372568,883.780218,73.40278356,10.97429581,60.93978338,-0.311288659,0,0.004632247,2
4590.816624,36.68083812,1683.950014,879.6858289,62.74936242,18.33148736,118.7779817,0.287956395,2.666666667,0.009957152,3
1343.086439,41.98820541,563.937893,766.0256562,55.01782941,11.24512094,63.22147481,-0.157003784,0.266666667,0.008677766,2
2900.336521,20.47386422,593.8109613,830.1026319,78.99087501,11.92854315,124.1436606,-0.88406814,0.333333333,0.006833075,2
2286.911845,27.92172636,638.5452673,952.8916343,71.94282646,12.50212551,78.25742472,-0.048728887,0,0.00553427,2
10698.71829,14.40834611,1541.50836,994.2113643,85.5137276,22.00081316,180.9037793,0.737591745,4,0.008813617,1
2523.41563,26.59822943,671.1838786,883.9002227,73.20511309,12.59453825,68.19575701,-0.61214061,0,0.005070055,2
2438.934553,26.75921628,652.6397722,846.9682388,72.17102194,13.30526959,69.24675074,-0.19570164,0.266666667,0.008363931,3
1682.461288,21.36855124,359.5176023,730.1062939,76.90153933,9.748848154,60.50863429,-0.173362771,0,0.007408535,2
2805.414553,17.13239042,480.6345741,746.8737178,82.26788942,10.23668662,109.5821361,10.56284301,0.333333333,0.006132155,2
1163.546091,63.26469261,736.1138578,783.8019883,35.29040721,10.96263137,43.82942776,-0.014587551,0,0.006642472,2
1991.256899,39.59787211,788.4953604,803.6117543,59.07598309,13.73147291,74.64480313,0.268966458,0.4,0.008982642,1
4861.002105,6.536452908,317.7371135,1081.459518,93.24779061,13.63110553,350.5059807,-1.517695492,0.733333333,0.00717671,2
2737.100019,22.20751548,607.8419103,876.2558252,77.49570838,12.87044709,91.27450559,0.308028738,0.2,0.005952224,2
1253.624994,66.44009706,832.9096627,786.1389091,30.90170118,12.60040769,44.98222,0.362922631,0.4,0.00839163,2
2317.490964,34.77339403,805.8702643,802.6592583,64.52753258,12.87978608,85.60756379,0.057212449,0,0.00741815,1
929.1832865,54.6142909,507.4668631,915.0736906,44.57933916,10.55562073,86.99224576,-0.861788582,0.2,0.005986645,3
3056.995337,27.19911424,831.4756541,860.6902596,72.0290544,13.89743065,99.13824909,0.429764447,0.4,0.008056437,3
2977.297601,21.63117218,644.0243703,890.5460558,78.23019525,12.7055868,69.97618942,-0.424407256,0,0.004578599,2
8541.734641,20.19611086,1725.098197,720.5305572,78.39160424,20.42071173,179.8233394,2.9469193,3.066666667,0.016179107,2
3150.114806,52.30410643,1647.639401,914.7573148,46.81855819,20.9197286,84.54939748,0.187138601,1.666666667,0.012556,1
5477.753151,20.39385994,1117.125305,846.3832055,76.18544627,20.69206507,227.625345,0.155041522,4.333333333,0.01756952,3
1237.609441,31.150626,385.5230885,731.26928,66.40751242,9.505070328,52.73767568,0.263152906,0,0.007396818,2
1628.290295,43.20177909,703.4503764,855.7983108,56.16506217,11.7820823,53.59201505,0.983254304,0,0.006388253,3
1573.540432,36.06143287,567.4412267,864.5118821,61.28618826,13.67024466,56.91856302,0.329717526,0,0.009488458,3
1784.913974,56.428516,1007.200468,634.9159871,39.7573811,12.54737112,61.55729772,0.677476108,0.533333333,0.010853977,1
1983.285237,58.03537663,1151.007057,831.2708012,41.24305611,14.52432746,62.32793999,-0.168084146,0.133333333,0.007855434,1
4617.782326,22.08322317,1019.755177,891.8453272,77.36260461,16.7459866,122.8483019,-0.049138672,1.6,0.009701839,2
1597.855432,36.69116387,586.2717549,840.5562006,62.52450803,11.01058438,65.28103196,0.814075706,0.4,0.006572834,1
964.4053382,34.99031781,337.4484928,780.2711332,63.79564552,8.229371889,59.795138,-0.59051499,0,0.005283108,2
4018.889765,69.63512515,2798.558917,757.4448771,27.29243831,24.50762597,78.30336191,-0.806995302,3.2,0.017586401,1
3567.788716,43.55815416,1554.062909,988.9928927,56.23875204,20.20885,104.1506448,0.151192909,0.533333333,0.009873305,1
3460.188366,44.81346391,1550.630265,1006.251249,55.05501332,20.31335293,91.01163728,-0.276170412,1.2,0.009460763,1
3155.082186,33.91245194,1069.96573,819.4691849,62.29237273,18.63364866,124.5178986,-0.544069026,2.2,0.015868696,2
6200.828449,12.87757839,798.5165441,824.4673599,86.75630435,15.32225474,144.8643221,0.241240444,1.733333333,0.008775478,2
2577.348809,34.80699381,897.0976404,812.5542143,64.34805822,13.47027452,94.03702647,0.144796098,0,0.008030811,1
2919.721989,16.46656047,480.7777868,814.9056363,82.65015209,11.27886198,83.29353106,0.953666578,0,0.007156137,2
3994.598203,70.55584022,2818.422325,759.2934375,26.94832316,23.21696607,84.94730605,-0.675037639,1.733333333,0.015666885,1
4511.102363,23.77890235,1072.690626,877.9681982,75.49232515,17.38738165,109.8434294,0.99623838,1.733333333,0.010482748,3
5722.875835,11.57220283,662.2627994,969.3249083,88.30887854,15.27741127,183.5712743,-0.884822367,0.8,0.005769203,3
3097.906976,52.18441965,1616.624777,812.3983322,46.02283353,20.01284611,67.95133482,-0.423656394,0.466666667,0.013075974,2
9645.846392,7.738911409,746.4835069,1047.008586,92.14700243,18.15347592,312.3825574,-1.129047648,2.6,0.007903055,2
2205.495682,56.3095946,1241.905677,801.4806638,43.0991707,14.08973929,77.4059842,0.823886925,0,0.007234959,1
2711.424907,23.12809762,627.1009994,925.7912498,76.7691686,12.40434918,82.61109391,-0.42075566,0,0.004799833,1
2681.251305,16.60434406,445.204192,858.4234802,82.97293391,10.9970536,113.8367847,-0.417577898,0,0.006148689,2
1309.313974,29.44826441,385.5702411,722.5420695,68.01219523,9.483619703,48.32470996,-0.008806344,0,0.007447235,2
2940.663867,30.78075156,905.158439,810.1075893,64.72093757,17.6569163,116.3419718,-0.335236986,2.066666667,0.015658426,2
764.4251524,34.6194277,264.6396129,758.5193818,60.90154363,9.430260439,40.27427544,0.414872922,0,0.008038004,1
3258.148984,65.27437122,2126.736263,721.6023283,29.90731061,22.46186924,67.97149431,-0.158573464,2.466666667,0.017632376,2
2417.411916,36.43067635,880.6795111,798.2246378,62.10363396,14.1789525,62.84024054,0.073586904,0.6,0.009161592,2
4233.231807,22.52803888,953.6641072,930.9333794,77.1086084,16.01337227,98.05979121,0.484146709,1.133333333,0.008321941,3
1594.828803,36.06377281,575.1554364,843.6608721,63.21615367,11.21905365,92.14519572,3.663077824,0.133333333,0.006158732,2
2632.009618,30.12082115,792.7829097,805.0151413,69.01267808,13.42458828,71.21337815,-0.207859143,0.333333333,0.007694537,2
3350.517672,33.63726696,1127.022574,819.9727633,62.74543912,18.61902494,125.0003937,-0.550632801,2.2,0.015847224,2
1773.322631,62.24917067,1103.878631,821.196289,36.96255007,13.58149962,55.51463179,-0.461787375,0,0.007251786,1
3791.533441,46.65762947,1769.039624,975.6015974,52.88262889,22.50908833,93.00864722,-0.120096944,2.066666667,0.012334524,1
5951.646715,15.97599414,950.8347304,694.3512773,81.6806559,16.85943386,168.0288019,-0.053135704,2.533333333,0.01643465,2
5780.483546,25.07479318,1449.444294,712.2841541,73.79235328,16.62364578,213.8300212,1.514136162,1.666666667,0.022120931,2
1112.634082,67.1297592,746.9085798,780.1675932,31.3059335,11.20681497,43.09804065,0.109292788,0,0.006675891,2
4296.756445,42.17024712,1811.952811,922.3326096,57.51938612,18.97914007,116.582335,1.08464829,2.6,0.00911871,3
836.5586854,32.00861585,267.770856,769.2374305,64.41143168,9.150374684,44.35056864,-0.123629152,0,0.007476156,1
992.9834852,38.24603688,379.77683,740.7336979,56.95929489,10.87650302,45.25549429,0.174809018,0,0.009450652,2
808.512675,39.55236041,319.7858472,782.6210758,58.20718123,9.862468851,47.59471542,-0.380907454,0,0.0071744,1
2008.758897,17.27912463,347.0959533,799.8733827,82.15588824,8.950360959,107.5718937,1.946630246,0,0.00545314,2
767.0389677,32.91484558,252.4696917,874.6412274,65.25785206,8.81524293,51.21251441,0.159276019,0,0.005988379,1
1178.985821,29.60608313,349.0515223,722.3332598,68.16126711,8.904675324,55.65118007,0.289887863,0,0.006968879,2
2966.298625,32.45585729,962.7376485,768.3449746,66.69094481,13.30189649,96.36068296,0.509850907,0.666666667,0.008382913,2
5253.160735,36.41022265,1912.68752,1028.387525,63.53645342,21.81919049,109.4762223,0.034473178,2.333333333,0.008638305,2
747.8094814,43.17314285,322.8528556,729.6331024,51.22574745,10.06900398,36.79457607,0.72608392,0,0.008838062,2
2105.037009,32.54594227,685.1041297,958.0026319,67.3356172,13.1036765,72.26786099,0.332377227,0.266666667,0.005829151,1
2367.268519,25.70957513,608.6146784,882.5987488,73.65021358,13.17756957,76.38452633,-0.21329846,0,0.007442153,3
5151.095293,21.61151563,1113.229765,1107.157794,78.380894,18.99252713,117.6780055,-0.058480297,1,0.005955532,3
2137.637075,57.92767603,1238.283479,808.2012782,41.42511184,14.22111737,65.37745607,-0.278755446,0,0.007301384,1
2315.755224,58.47660492,1354.175033,766.7569262,40.35458629,14.81047123,66.00292979,2.420106067,1.333333333,0.008857966,2
2723.321514,30.77833388,838.1929883,865.2970342,69.02178594,12.89381977,89.87336809,-0.517020646,0.2,0.00542801,2
1117.150872,38.5988196,431.2070499,805.8941126,59.37032439,10.11087092,50.16516349,-0.241495762,0,0.007033532,3
4113.957957,20.82748615,856.8340236,923.6639406,79.00987759,15.00449499,125.7299912,-0.245798959,0.4,0.006511976,2
3471.364476,44.13082507,1531.941785,941.8978642,55.2373774,20.99762224,72.99067943,0.104322069,1.466666667,0.012083932,1
659.9643225,27.56758703,181.936239,789.0183167,69.48852973,7.172046094,61.2837236,1.076136242,0,0.005875134,2
4287.737552,13.29699719,570.1403418,884.0680462,86.3610779,13.78278748,89.06759333,0.583311115,0.2,0.007273214,3
665.9516105,40.3887237,268.9693559,756.7158147,56.55157265,8.226959676,64.82489371,-0.566933998,0,0.006775804,2
3054.115708,37.47332167,1144.478604,827.6922424,60.35961516,17.16174775,110.2938552,-0.26456481,1.733333333,0.012735588,2
1073.328955,55.24122224,592.9200332,696.3824744,41.87341284,9.655222243,41.21583438,1.053866114,0,0.007372817,2
1039.777805,49.09408295,510.4693778,832.4421817,49.04348133,10.89383555,81.7124242,-0.053079778,0.2,0.007107764,3
9163.231995,18.41768936,1687.655604,863.0822657,80.26481143,21.43006728,312.4529633,-0.78301934,4,0.015688758,2
4021.381393,34.64832726,1393.341386,929.3120877,64.93564702,19.3417797,122.3368137,-0.438736689,0.933333333,0.010551938,1
3930.336489,20.1284486,791.11576,969.6577346,79.70880949,14.55214202,132.7713226,-0.380617867,0.466666667,0.005811718,3
4151.893158,16.93821977,703.2567876,659.1634403,81.16736662,13.02635282,132.663137,3.114841169,0.733333333,0.01545585,2
1431.059896,27.02741261,386.7784628,746.5465958,71.17357845,9.709682267,58.83591338,0.459601759,0,0.007189766,1
1046.97063,31.71749427,332.0728495,896.5857973,67.31052694,9.837734225,46.27736088,0.12975275,0.066666667,0.00615555,1
3605.64786,47.78731798,1723.042408,988.1924837,51.91457092,21.34074401,103.3680575,1.174686052,1.4,0.01078953,1
4005.802644,33.39298469,1337.657064,799.6311986,65.63572746,16.02467024,131.6868898,0.256959792,2.066666667,0.011039642,2
4667.856093,16.64984797,777.1909431,989.005288,82.91122702,15.33822468,330.3148589,-1.225156047,1.466666667,0.011491894,2
7715.609214,11.40552854,880.006011,763.4243041,87.2669129,16.21634208,209.6889737,0.021516895,1.533333333,0.015224841,1
957.7966782,30.63195651,293.3918619,879.4126612,68.16251106,9.133447409,46.33217601,-0.154901969,0,0.005870083,1
4683.379821,38.49136007,1802.696591,1133.896817,61.4657525,22.0596878,160.687101,0.416890054,3,0.008155043,1
5072.169951,16.05259151,814.2147228,869.3585012,83.43019559,14.53096318,242.8151397,-0.49524343,0.8,0.008369064,3
2377.473195,28.07768979,667.5395485,757.7283405,67.10672798,15.21327458,124.1658761,-0.151877189,1.2,0.015215379,3
5430.449768,16.55119594,898.8043818,646.6299211,80.95029885,14.71058245,146.3687921,2.674276937,1.266666667,0.018696467,2
1993.769005,47.2741642,942.5376331,845.4201636,52.21337621,13.37157404,61.47337632,-0.408227078,0,0.006685991,1
1357.28086,39.55864521,536.9219199,779.0010324,55.96863043,13.4409795,53.24185503,0.812684333,0.4,0.011078537,2
8819.226704,9.768770966,861.5300577,904.4280037,89.31178041,17.90004848,319.3211405,-1.077292474,2.533333333,0.014039408,2
4400.400925,24.14419536,1062.441396,875.9892425,75.09149311,16.76796315,116.048397,0.212421799,1.933333333,0.010258619,2
1897.835467,22.44587465,425.9857701,753.0435502,76.60424758,9.354061816,86.81594589,-0.920292898,0,0.006485038,2
1350.283787,43.31563797,584.8840368,781.6952122,51.74573096,13.82014448,55.76416955,0.455594046,0.4,0.011269647,2
1629.309095,16.43130452,267.7167389,635.8166171,82.38161344,6.767884012,171.5217571,4.849986796,0.266666667,0.006629051,2
4829.219975,35.33534187,1706.421388,1022.877861,64.56278492,21.12983234,128.5214123,-0.543875992,2.266666667,0.008616855,1
5406.611946,13.25990986,716.9118703,910.6733644,85.78682519,15.56874136,304.2879164,-0.787000487,1.2,0.01296384,1
3504.4495,38.94643161,1364.858028,975.8270567,60.80730646,19.17035966,106.9833059,-0.064586128,1.066666667,0.00980782,1
5799.294307,9.095350558,527.4661471,806.0907094,89.15757128,16.17613381,294.2846139,1.980518504,1.733333333,0.018169283,2
3756.312442,30.15797769,1132.827868,672.8332346,65.78930786,18.03140598,150.6737794,0.304753492,2.6,0.016787621,3
5297.201312,13.59304004,720.0506954,992.2296985,85.87793451,16.12693108,161.0455003,1.203549191,1.333333333,0.008790166,3
3037.430301,27.88476783,846.9803873,664.871151,63.74544088,17.61780235,123.0051963,-1.079339405,1.466666667,0.021748876,2
5325.853815,38.46104885,2048.379237,1053.17091,61.48268947,22.75617811,136.3304575,0.578815394,2.733333333,0.009047254,1
3497.467454,45.72892034,1599.354106,992.7008753,54.05687336,20.25454393,100.0158766,0.499226858,1.133333333,0.009970173,1
3559.747991,17.97091713,639.7193614,738.4132914,80.08629007,13.90976685,119.0074335,6.220868711,0.6,0.012978483,2
3877.777811,36.33184245,1408.868125,614.2350287,57.40672311,17.14776188,110.3709936,-0.464408721,2.6,0.021774076,2
4741.812255,10.2456174,485.8279416,866.2467995,89.35453081,13.10818957,370.3584089,-0.362182418,0.6,0.014726531,2
2774.368447,27.79592715,771.1614325,1107.841303,72.00757577,15.65317151,284.8745934,0.247212989,0.733333333,0.007869617,1
1653.941357,36.16212357,598.1003171,788.3415666,62.28049857,11.70959884,65.68855616,-0.238407486,0,0.007668267,1
3591.066461,69.65065078,2501.20116,722.8300405,26.64248332,22.3746726,72.89041972,-0.620999466,1.6,0.016601386,2
3370.16697,18.4933684,623.2573935,942.7850504,81.43578266,12.96975762,91.68527336,-0.259321213,0,0.004616631,1
6733.811995,7.987034629,537.8318958,1015.229765,91.53086716,15.93235868,366.0084315,-0.418925863,1.4,0.010225711,1
2451.730268,55.30994,1356.05054,809.8971246,42.76937651,18.84915187,61.8506629,-0.495213185,0.133333333,0.012784433,2
9680.696415,6.958450843,673.6265013,1092.264913,92.82613702,18.62281632,305.2597911,-0.694609181,2.466666667,0.008904863,3
1740.677485,61.40620478,1068.883981,815.7524822,37.83570558,13.20192485,56.19343929,-0.446675505,0,0.007011946,1
7576.443411,9.509050505,720.4478305,986.9881849,89.68896474,16.86319875,384.6158748,-0.513388592,1.6,0.012036885,1
2835.215093,64.23366098,1821.162451,830.5153926,33.58617776,21.5577107,70.99985793,-0.377048274,0.733333333,0.014084049,2
4438.308342,65.04446992,2886.874135,768.2211001,31.27864689,25.82253034,84.00482416,-0.425387429,4.466666667,0.018990861,1
1892.536148,41.29859748,781.5908857,772.1751728,54.06453723,15.93220863,67.70304325,-0.429824547,0,0.013580881,1
2555.337178,33.60203566,858.6453098,797.983161,65.00718471,14.34129401,63.95895519,-0.044893662,0.6,0.009239536,2
3751.463208,17.11237959,641.9646242,713.5551696,80.78543801,14.57318526,226.4483921,0.423062494,1.333333333,0.019724441,2
2507.984461,18.13672662,454.8662853,728.6436343,81.1430577,10.19997027,125.2498791,7.137973385,0.333333333,0.006934235,2
3404.83542,48.24986288,1642.828421,902.1266064,51.34185576,18.15845681,79.8700606,2.511743802,1.2,0.009153894,1
4299.319835,34.34558718,1476.626642,987.5515975,65.54627127,18.47629814,133.8423932,-0.344672786,1.6,0.007756242,1
2148.453819,40.89265957,878.5599064,747.6687264,57.00116286,13.21779055,104.8610617,2.676409385,0.133333333,0.009764306,3
5960.31341,11.39833129,679.3762681,898.6043867,87.31391782,16.22171259,327.1731828,-1.231018585,2,0.014801267,1
1236.556327,65.48632243,809.7752635,779.6012001,33.24738538,11.24994187,44.04678762,0.09499579,0,0.006668818,2
3463.47398,23.85204198,826.1092677,894.3158571,75.92605911,14.10148935,97.76237906,-0.106311438,0.4,0.006172714,2
800.53023,35.50339941,284.2154449,758.354436,60.10119457,9.600319719,39.64327014,0.320800791,0,0.008191297,1
3067.140564,25.91361288,794.8069323,927.1161177,74.00077176,13.37534836,82.719901,-0.432979605,0,0.004860058,1
3398.766252,65.65602241,2231.494732,717.2243019,30.5959345,21.73141061,72.2686486,-0.099723571,2.2,0.016797149,2
4879.411126,62.69269601,3059.034384,777.9082399,34.70391649,26.13138283,93.04667821,-0.761668143,3.933333333,0.018148061,1
1487.580844,38.64069804,574.811622,872.3923879,59.68217128,13.62478222,53.87391055,-0.198979578,0.133333333,0.00943955,3
4400.254158,43.15450304,1898.907814,1025.643444,56.76491994,22.09586237,100.4591477,0.205710319,2.133333333,0.009466901,1
3968.110856,42.2018609,1674.616624,1001.539402,57.69362878,21.04090914,98.34852592,0.271437174,1.6,0.00957247,1
1907.71617,31.31811008,597.4606501,949.509575,68.35262471,12.4810341,80.68846339,-0.276766222,0,0.006034256,2
2246.877734,24.99674731,561.6463495,831.0478567,74.08546382,11.89797888,74.15308591,0.089170077,0,0.007657225,2
6309.015549,13.9518268,880.222922,998.4958654,85.91450588,16.25762323,202.776135,2.319703141,1.133333333,0.00965878,3
3936.652323,45.37874348,1786.403359,983.0920149,54.44758029,21.43694551,115.0753918,-0.1166683,1.533333333,0.010365132,1
2965.902544,33.56431571,995.4848935,833.8243124,65.96271561,14.52182239,114.1285209,-0.788906526,0.133333333,0.008268667,1
1582.423244,38.08788005,602.7114672,813.598028,57.90397056,14.90281195,58.47167747,-0.151331005,0.066666667,0.011811079,1
3610.632958,30.84112325,1113.559761,1089.50892,69.1367243,17.92379611,90.62529239,0.099587777,1.333333333,0.006609533,1
2665.732764,48.17126431,1284.117175,898.1722086,51.27334607,16.52623432,84.72098282,0.32416142,0.2,0.008765934,1
1979.344954,15.32552461,303.344998,800.8955466,84.02609142,8.882260219,107.7036053,1.871957629,0,0.005366881,2
4456.162551,40.83418346,1819.637591,1032.169397,59.05912938,21.13191471,98.94327294,-0.345910249,2.333333333,0.008916967,2
2234.302539,61.51042391,1374.328963,810.3432652,35.99611297,19.33568928,62.59443583,-0.18281512,0,0.013742287,2
2363.267146,20.88913051,493.6659585,752.0303982,78.28848886,10.18132671,169.487859,3.4060847,0.2,0.006618935,2
3466.364142,25.09432961,869.8608432,942.3286939,74.79135804,14.80589391,111.4394149,-0.392904226,0.133333333,0.006075026,2
4730.047261,37.81504433,1788.669468,1021.758996,62.07898657,21.52958116,127.5585955,-0.526382458,2.6,0.008816402,1
3847.316284,58.6797465,2257.595443,895.4012981,40.47110682,22.54871779,94.32337137,-0.327449891,1.666666667,0.012981501,1
2487.86035,21.99579894,547.2247604,872.5221846,77.06639478,12.95683627,73.87208344,0.000393393,0.066666667,0.007883744,3
4167.259932,47.01041337,1959.04612,985.510659,52.74786383,22.57755458,114.1462248,-0.356828466,2.266666667,0.011474317,1
2966.926187,59.45011015,1763.840886,826.5852072,38.55226663,21.20536379,73.11028095,-0.470855681,0.733333333,0.01377389,2
1262.209617,44.52377031,561.9833106,777.5314474,48.16353683,14.62058734,60.21793819,0.333104618,0.066666667,0.012956017,1
3664.012985,18.91923562,693.2032498,774.8266935,79.68865155,13.73700201,158.948998,0.163843606,0.6,0.010190432,2
1069.01185,36.94602355,394.9573697,959.2870647,62.76439576,9.648285542,61.45131106,0.340845095,0,0.004880022,3
3192.964939,30.66338163,979.0710245,884.0089114,69.17867356,14.22851229,85.84274211,-0.474705599,0.333333333,0.005731974,2
1690.941519,58.75037878,993.4345473,815.2201567,39.01500517,17.33743488,53.3114246,0.047472373,0.066666667,0.012193211,2
3722.875031,49.05412405,1826.223736,1029.8706,50.80247125,20.70873814,126.624042,0.354859691,1.333333333,0.008761096,2
4779.184737,5.945843796,284.1628592,1095.764012,93.88352263,13.4637021,349.5671714,-1.525111823,0.733333333,0.006998818,2
4166.208487,32.37366634,1348.754435,721.48274,64.60719847,18.5107308,131.7415162,-1.08200572,2.466666667,0.017409933,2
1580.570309,59.52730907,940.8709727,789.0099988,39.37675741,12.31944405,53.111184,-0.140911673,0.133333333,0.006779186,2
791.876324,48.09466842,380.8502923,755.7762561,46.57130394,9.937383334,55.14034853,-0.794646852,0,0.008479498,2
2032.821573,37.50602136,762.4304935,800.3022578,59.8050413,15.20377332,69.86935717,-0.289648514,0.4,0.01107629,2
2503.489835,34.89228682,873.5248535,813.799107,64.29935644,13.55192624,94.62881274,0.086610606,0,0.008059202,1
2916.379716,15.21019157,443.5869416,745.5384938,83.08131129,12.07048266,132.4705547,2.418790076,0,0.009332514,2
2880.965765,64.40449371,1855.471415,695.4551551,31.30529734,19.36667578,68.532355,-0.253237584,0.8,0.015835446,2
5675.356126,13.62282717,773.1439563,724.1782089,84.13930871,15.92546841,171.389013,2.019945253,1.333333333,0.016752963,1
5914.06952,17.95648945,1061.959269,940.1972247,81.91893179,17.38138781,128.6954717,0.691678304,0.666666667,0.007701523,3
1068.851825,64.89586446,693.6406318,775.0842972,33.50680497,10.9234232,41.2687328,-0.169575218,0,0.006572708,2
1752.962977,14.49128024,254.0267775,635.5177521,83.12308762,8.301437795,102.1728499,6.20386663,0,0.008953357,2
3983.337331,21.56101133,858.8478131,951.3613699,77.82954572,14.47295318,340.5093892,-1.247049394,1.066666667,0.011646318,2
3946.740014,39.55139392,1560.99069,976.0741824,60.24404186,20.27078076,96.30923843,0.239950177,1,0.00999019,1
3415.405592,23.88393514,815.7332563,977.4757473,75.83696654,14.67987529,102.816544,0.245863451,0.4,0.007183706,3
2052.014984,62.94374826,1291.615146,803.5035976,35.07075732,18.60041603,66.05183994,0.388224755,0.6,0.012723759,2
4242.266549,18.81755019,798.2906369,1011.946355,81.06324077,14.9348947,141.7890912,-0.493805894,0.466666667,0.00567053,3
3760.446822,26.61715743,1000.924051,888.6868797,72.96741587,15.64004403,140.1009216,-0.856675548,0.533333333,0.007914081,2
1338.465324,30.01453633,401.7341609,739.5940432,68.35056988,9.467254337,50.79589595,-0.494354171,0,0.00667328,1
2603.021171,29.71400728,773.4619002,652.3099677,65.58047907,14.47960859,137.6575971,0.92502512,1.266666667,0.02055343,2
3276.83066,31.49926698,1032.177638,838.1517154,68.11742523,14.68553409,112.6251451,-0.836336984,0.133333333,0.007841586,1
2605.715147,33.62873833,876.2691284,855.088836,65.94783462,12.92240718,94.98694351,4.55692391,1.266666667,0.006918715,2
1546.382984,58.43276539,903.5943407,781.7461856,40.51898574,11.99108277,52.41908517,0.008753902,0,0.00636595,2
3763.957226,23.6595391,890.5349316,948.1763102,76.23317314,14.71004789,119.8939504,-0.145028863,0.133333333,0.005909431,2
2744.197844,37.37375156,1025.609684,828.5829357,60.42214017,17.06506201,109.8631775,-0.20906584,1.733333333,0.012742654,2
4932.885612,40.53966357,1999.775232,1016.718801,59.38131025,22.11906615,94.72268719,-0.4629589,2.466666667,0.009209541,2
1662.188056,35.65696733,592.6858522,972.6376949,64.20209688,12.24323502,62.28872973,0.49074481,0.2,0.005782843,2
2631.163911,25.54328499,672.0856965,937.373965,74.36913511,12.53372456,79.03334798,-0.401909591,0,0.004723883,1
4479.482592,2.618759189,117.306862,1317.727911,97.3008384,12.85623694,536.0602773,-1.610627373,1,0.004652456,2
1950.939012,27.28283682,532.271507,954.4720944,72.56931785,12.15798855,55.83709035,0.456357869,0.2,0.005705721,2
1405.344263,26.68521269,375.0191057,705.3426607,71.65258257,8.652970319,77.75666868,2.282714223,0,0.006917154,2
4066.439268,72.21894976,2936.739732,759.98653,25.44628404,22.99558881,84.3386874,-0.640742529,1.6,0.015509201,1
8760.418252,3.264083367,285.947355,1066.011178,96.69755072,14.91208557,260.1147699,-0.9732029,0.866666667,0.004697301,3
441.8752904,45.98645325,203.2027738,788.577439,49.10245192,7.559456032,37.38434079,1.625041026,0,0.006364828,2
1751.60786,38.00113676,665.6308982,802.1004997,59.10074775,14.49471704,63.29437338,-0.199041206,0.466666667,0.010818525,2
2766.894439,31.44849507,870.1466613,803.7240393,67.58456112,14.12626651,73.3688049,-0.336100171,0.533333333,0.008579432,2
2304.861951,28.35237521,653.4831085,903.3146452,71.16326338,13.76177703,89.6279578,-0.340384665,0.333333333,0.007608418,3
4485.605093,41.73054183,1871.86731,1037.772854,58.15759665,21.58811111,101.4171563,-0.435933382,2.333333333,0.008763874,2
2705.477242,27.94634147,756.0819084,806.7984279,71.09579266,13.75836224,107.8460558,0.23200844,0.4,0.008889053,1
1653.788941,37.03543252,612.4878871,928.4684496,62.60607889,12.02270885,71.85754353,1.000059002,0.4,0.006365981,2
2559.093099,57.31624525,1466.776077,807.8240894,40.53417077,19.20956834,64.09306482,-0.009421859,0.4,0.013307652,2
3444.973992,48.54305477,1672.295612,902.1313838,51.03805396,18.1738801,79.87034737,2.511902581,1.2,0.009156439,1
2805.089612,25.24437876,708.1274462,882.6008282,74.37875689,12.64946464,96.7050427,0.594521809,0.133333333,0.006078902,2
4174.20201,42.32644354,1766.791257,977.054572,57.43225713,21.98158233,103.5356203,-0.057241271,1.8,0.01122157,1
3230.164081,50.91356316,1644.591629,784.8860538,48.4342458,15.87300097,100.3504513,0.421212069,0.6,0.008628093,1
9235.790877,8.561374204,790.7106177,912.1015893,90.77829057,18.1861733,315.8785144,-1.060477585,2.733333333,0.013925008,2
1288.456825,46.87115413,603.9145844,792.8973331,49.29213833,13.31867673,54.47621734,-0.214337505,0,0.010340914,2
1699.21126,36.91610949,627.2826892,712.3920966,59.73095258,11.74104946,70.50652981,1.382042451,0,0.010565412,2
891.2871314,31.03976105,276.6533958,879.2494807,67.74006013,9.016585757,45.16462697,-0.15725021,0,0.005872177,1
4054.524362,69.71479236,2826.60324,756.6111196,25.80469614,25.99962632,82.36242593,-0.591743939,5.066666667,0.019165349,1
3771.768216,21.83139743,823.4297092,880.127713,77.7837744,14.74094986,103.1539638,0.446465856,0.533333333,0.007979606,3
1712.188554,40.65570224,696.1022803,832.0088139,56.63808365,14.08392256,73.69230303,0.383492629,0,0.010089092,3
3137.371145,33.355189,1046.476075,844.1103874,64.48225435,16.79390252,142.4904951,-0.79116977,1.4,0.013336856,2
1768.842093,51.57163663,912.2208167,839.7802177,47.91809249,12.97139234,59.2319351,-0.414808949,0,0.006661562,1
2881.222071,21.92972552,631.8440918,870.3290722,77.80419009,12.36915665,99.03801184,0.771750583,0.133333333,0.005718567,2
2545.730637,63.67390573,1620.966126,685.4294181,31.74500801,18.3173298,65.21419392,-0.239567428,0.466666667,0.015286334,2
5614.561783,2.279115451,127.9623451,1317.975111,97.65223359,12.64679885,535.4808081,-1.617531686,1,0.004738455,2
1371.751871,37.86216915,519.3750137,774.3178923,59.58816665,11.04756984,67.34480844,-0.406378319,0.266666667,0.008359409,2
1519.638949,23.39451226,355.5121204,718.1493796,74.51124007,9.267455441,51.45575332,0.026227582,0,0.007358905,2
811.4735974,33.50616556,271.893687,820.4807016,63.8817473,8.518003737,51.89741312,-0.59027969,0,0.006343246,3
1400.613153,59.7885227,837.4059131,793.1217811,39.0805445,11.99909952,50.90137592,-0.103881241,0.133333333,0.006699504,2
4239.238261,49.74761658,2108.919996,980.8818123,50.07575312,22.63120317,120.6670637,-0.402372502,2.266666667,0.011255149,1
2061.03898,33.71047145,694.7859569,859.1255467,65.05081747,13.66720159,60.99725668,0.167522042,0.4,0.008484916,2
4307.14223,48.70307588,2097.710748,1020.883135,51.15296671,22.22425236,95.78693985,-0.374096989,2.733333333,0.009884834,2
2616.031656,24.49655945,640.8377498,843.8892166,74.57598941,13.09523884,70.60529092,-0.058042931,0.066666667,0.007845539,3
1152.783018,54.48836535,628.1326226,749.0240048,36.21905345,14.76792514,43.48376747,-0.308243968,0.066666667,0.013849676,1
5218.609983,14.29624532,746.0652853,639.1098,84.66140243,12.52077623,167.5408426,30.98354112,1.2,0.010171801,2
5433.234639,44.14702795,2398.611615,1035.48317,55.7991739,23.7630511,111.0020081,0.033794626,3.666666667,0.009224833,2
759.9293371,33.05730228,251.2121381,870.9143592,65.52212796,8.445845467,46.10315423,-0.13542251,0,0.005711887,1
5046.392447,16.33207844,824.1807727,566.4225909,77.86663956,17.14521293,132.3850749,1.164688905,1.466666667,0.025302238,1
4843.659354,62.43026142,3023.909197,780.2428381,35.17801238,25.96760798,93.17237253,-0.777301741,3.666666667,0.017785327,1
4953.359649,36.09139836,1787.736763,1048.050273,63.8454995,22.01624732,109.581951,-0.174294041,2.333333333,0.008920773,1
1826.078173,38.20765758,697.7016955,793.3913706,60.47835388,13.67496074,65.33111286,0.034889054,0.133333333,0.009611317,2
5121.271281,10.4873813,537.0872469,1184.933856,88.86944342,16.24157865,358.7486384,-1.196378976,1.8,0.009762254,2
1989.833954,35.41302127,704.6603212,794.6181341,63.5631173,13.15765184,66.42873026,0.010176064,0.133333333,0.00869003,2
5070.254368,20.34110996,1031.346016,1052.156158,79.6141319,17.72739753,168.2699428,-0.863236952,1,0.006728759,1
2708.366249,20.06755605,543.502915,898.3182446,79.67204317,11.7962009,76.72801262,1.676919213,0.133333333,0.005469473,2
3197.021874,66.42182423,2123.52025,717.4188655,28.72480873,22.03593565,69.37151047,-0.388341321,1.866666667,0.017867034,2
694.9511958,39.41108996,273.887841,729.9719912,54.41514248,10.1536728,36.62853628,0.589057689,0,0.009162901,2
1451.767922,26.98392155,391.7439172,709.7291406,71.36787224,9.462773624,87.12263955,7.4505082,0.266666667,0.006943482,2
2849.386516,30.0107794,855.1231016,823.3693544,69.18358281,14.19463934,83.18650572,-0.301883632,0.4,0.008060155,2
867.5466756,39.66365076,344.1006836,785.8133537,57.28497241,10.81026285,56.90840144,0.563673837,0.066666667,0.008696782,1
3244.190168,37.70855227,1223.337145,797.414255,59.17637684,17.65199812,153.6556991,-1.345533992,2.066666667,0.01497573,2
2798.279012,57.26783578,1602.513829,831.923631,41.33691025,19.33795708,78.74574123,0.374518971,1.266666667,0.012357068,1
2390.98978,27.95105714,668.3069195,731.4999692,67.7955637,14.38193235,128.4151079,0.357155151,0.933333333,0.017283387,2
1687.928578,24.78181052,418.299262,734.3250852,73.49985331,9.62901293,63.27848962,-0.251736325,0,0.007225672,2
3745.851948,20.79041649,778.7782209,947.1051548,79.07422888,14.431272,103.7882065,-0.058981568,0.6,0.005686315,3
1877.409741,18.15277771,340.8020171,645.3442123,79.60706444,8.860789292,103.546186,4.885757233,0,0.009025868,2
2589.80539,21.49224103,556.6072168,766.8904919,77.90581276,10.99336796,113.6331231,7.132523477,0.333333333,0.00630388,2
2400.906838,42.41588264,1018.365827,805.6211538,56.00417402,14.29092926,64.29926175,0.13910336,0.6,0.00907953,2
2166.293866,25.75532107,557.9359405,820.7807884,71.62945834,14.44377079,101.6792859,1.639319388,0.733333333,0.011734172,3
3803.63535,46.69564198,1776.131945,1009.111258,53.13938614,20.06499716,134.5979464,-0.156402086,1.133333333,0.008692516,2
434.1946161,45.71934777,198.5109466,786.2658915,49.40631944,7.53566552,40.66543865,1.864748917,0,0.00633872,2
4766.818002,19.94128581,950.564802,1086.078959,80.01523286,18.32351244,171.2799429,-0.871203992,1.466666667,0.006908967,1
3505.053709,37.80877386,1325.21783,935.6095707,61.67008408,17.41630449,176.2911641,-1.394525264,0.6,0.008932014,3
3221.913529,27.6646542,891.3312363,899.6792652,72.05973297,14.21471263,104.9079768,0.014811301,0.466666667,0.006512346,2
4430.548872,21.78723477,965.2940843,786.3450818,77.18386518,14.82978917,193.8903586,1.199880775,0.666666667,0.009430785,3
2401.710052,25.477784,611.9024995,896.6228781,73.99372057,13.11509418,85.53956222,-0.230516119,0,0.007128513,3
4616.656941,19.43951047,897.4555096,1065.781749,80.5225022,16.6071782,157.3895736,-0.763360121,0.933333333,0.005908127,3
3348.879364,61.31081466,2053.22522,710.1832385,34.74823341,20.94593661,74.16746467,0.271042935,1.4,0.016688809,2
2954.288071,65.22357558,1926.892313,700.3363025,30.29359165,20.37913828,66.43308942,-0.263964889,1.066666667,0.016581068,2
1400.769511,29.99081124,420.1021398,769.0711398,68.67867444,9.414374864,54.81725412,-0.038716751,0,0.006029342,1
3179.01664,24.92609053,792.4045656,946.3796793,74.9048295,14.13635373,102.3721415,0.060004892,0.6,0.005569381,3
728.8448086,42.03176957,306.3463704,714.6091831,51.70655946,9.480860692,35.97160803,0.727603669,0,0.008852816,2
3286.909423,18.67191763,613.7290201,736.047971,78.59990661,14.0634904,116.8132378,7.036025952,0.6,0.013054597,2
4680.095669,34.48559872,1613.959012,877.3300981,64.95865142,17.98946994,116.6385579,0.413708312,2.666666667,0.009859349,3
3113.398276,40.55760608,1262.719809,967.0620761,59.21194744,16.93094608,171.9088494,-1.183744223,0.8,0.007498544,2
781.836868,41.07066485,321.1055998,828.3983835,56.17459454,9.161546516,48.13424919,-0.636421994,0,0.006606476,3
2412.612051,23.92751421,577.2780915,871.5200105,75.17782981,12.89277707,74.07010969,-0.044895457,0.066666667,0.00790458,3
3909.730621,52.14927281,2038.896088,998.9855464,47.62362808,23.08207572,98.50756701,1.230616701,2.533333333,0.011734071,1
1268.506652,49.93092363,633.3770878,574.0893927,46.73623085,9.182938255,52.67368369,1.946917335,0.133333333,0.00905422,3
1701.249419,26.0664104,443.4546555,790.654599,71.38084821,12.52890813,100.7937606,0.44154318,0.266666667,0.011444141,2
3069.558844,36.83067314,1130.539185,909.8300862,62.43426789,16.45550833,176.5621041,-1.336703791,0.6,0.008934055,3
5539.301558,11.78289399,652.6900305,708.1004871,86.48127382,15.38013094,166.3653095,2.321460703,1.933333333,0.014275896,2
6754.284018,30.50553498,2060.430474,994.9655636,69.42262771,22.7426869,127.412135,1.992149718,3.333333333,0.009612937,1
2532.43739,53.54605204,1356.020243,810.1348239,44.7111009,19.0126536,62.06673209,-0.509307291,0.2,0.012952179,2
3636.619155,4.691450562,170.6101898,922.4383968,94.98945045,9.655373365,503.6667392,-0.912496721,0.4,0.006057116,2
2870.080578,23.68918856,679.8988001,893.1945397,75.60989407,13.75862708,94.371965,-0.174282507,0.533333333,0.007709613,3
5167.587254,52.78825563,2727.879169,1027.010159,47.13999409,24.38705696,99.58854036,0.044424019,3.333333333,0.009904998,2
1716.40111,31.59910762,542.3674338,925.8744507,67.87299024,12.14986148,62.13871942,0.205821746,0,0.006470501,2
1520.468246,59.95909177,911.6589509,785.7186872,39.0142127,11.95779907,51.78514105,-0.146905781,0,0.006373364,2
4151.313408,75.69266996,3142.239957,788.5658927,21.40095282,26.03056982,78.40764575,-0.601381286,3.733333333,0.017978955,1
2205.894952,34.21055411,754.6488861,889.6081922,65.17658522,13.93399865,84.91368555,0.283412688,0.933333333,0.008095658,2
2918.541669,62.73921874,1831.070241,700.0273997,32.47650914,20.19329658,71.40843924,1.5706261,1.133333333,0.017026121,2
2477.190136,20.4184901,505.8048226,959.5713535,79.47195892,11.76815019,65.34326526,-0.19189106,0.2,0.004747512,3
1921.93738,25.46161003,489.3562009,1092.452418,74.53344772,11.71299383,73.78756973,0.619979728,0,0.004010647,3
1097.295048,33.75196361,370.3586253,896.7574536,65.15395618,10.01993815,56.50546945,-0.497190772,0,0.006288866,1
737.7243185,40.10346104,295.8529847,763.8403523,54.84915917,9.66341772,39.5777446,-0.084387781,0,0.008033535,1
3378.838427,30.20243347,1020.491428,587.0248535,60.13523325,19.02008705,132.0689134,0.962314465,2.4,0.024889008,2
3843.662268,29.31188943,1126.650034,1074.659909,70.66476071,17.34701128,91.73392224,-0.343329705,0.333333333,0.006519891,1
3975.461976,18.33478844,728.8925427,1021.826273,81.56955377,14.81692157,140.2236469,-0.395738159,0.466666667,0.005573077,3
2244.782104,45.15758134,1013.689304,735.2728145,51.69257521,15.3179463,85.66818314,6.099709851,1.2,0.013520811,2
806.1609824,37.85800399,305.1964569,762.0832588,57.38875122,9.840263576,38.85080836,-0.057130222,0,0.008142162,1
1684.74349,62.77224593,1057.551327,814.4046697,36.49957577,13.09117875,54.9319104,-0.417078841,0,0.006943513,1
1901.404689,21.81144493,414.7238368,729.2110179,76.40407488,9.998911091,65.64161502,-0.246628227,0.133333333,0.007983128,2
7178.186617,15.18561103,1090.051499,943.142567,84.31246267,19.11830616,169.8706455,1.606473288,2.466666667,0.010555578,3
2885.391067,10.51527214,303.406723,689.1412164,88.80827322,8.537973814,228.6426556,0.58691335,0.266666667,0.007181069,2
1676.703997,43.21248267,724.5454242,790.2482942,54.58201293,13.67839078,62.9156547,-0.155175563,0,0.009995534,2
6060.469001,11.27897494,683.5587798,1183.855728,88.71289905,17.45646793,187.4641723,-0.706471877,1.2,0.00527763,3
3242.641131,35.04615883,1136.421161,753.1521634,63.82856909,14.79870047,85.27362676,1.148004714,0.666666667,0.009473081,2
5988.650991,9.21242805,551.7001637,1165.49726,90.74608046,16.50538388,272.4183137,0.156835357,1.666666667,0.00601395,3
3125.333353,41.9581068,1311.330706,799.076064,55.78525565,17.99674772,93.14963734,0.072290248,2.333333333,0.012759667,2
4026.062389,35.6676638,1436.002397,864.0654659,63.04062723,19.63246665,89.4851699,1.014269454,2.933333333,0.013073054,1
1689.248357,25.53208298,431.3002923,756.7560849,72.75591818,9.934017383,56.83697836,0.668747922,0,0.00723842,1
3947.369648,31.28936299,1235.106818,615.2401011,62.86573645,17.20898253,111.1296866,-0.493420776,2.6,0.021787323,2
1032.700918,35.44910001,366.0831813,829.8735228,62.41946826,9.773181231,50.44583579,-0.355240871,0,0.00665471,3
2923.942077,62.15030618,1817.238953,675.1709108,33.66484565,19.14172208,76.18049877,0.668459492,1.066666667,0.017003993,2
3981.633278,41.85668093,1666.579537,860.5714772,56.40667192,20.23613076,164.5171515,-1.056589178,2.533333333,0.013535533,3
3074.773482,5.39258298,165.8097115,867.9657803,94.14287944,9.124654157,481.3710044,-0.298630523,0.4,0.006255731,2
6656.367941,17.22601371,1146.626855,769.6863061,80.89938349,18.71525451,257.7161128,0.309115709,2.8,0.018275348,2
4157.355715,37.40746457,1555.161366,863.6180726,61.15832123,19.75908708,89.9234069,0.929594405,2.933333333,0.013122337,1
2304.026242,50.59226491,1165.65906,706.4993045,44.4183722,16.99733048,73.03123664,2.614064396,1.533333333,0.01534524,2
4460.036188,12.11478308,540.3237096,806.4618172,85.88135089,15.67079145,265.8506283,2.968156235,1.133333333,0.018017654,2
2710.383148,23.75154256,643.757807,932.4798835,76.16504113,12.52526811,80.20016729,-0.406852186,0,0.004694625,1
1322.01487,55.6654284,735.9052409,778.0990344,43.34426014,10.88093669,48.27570628,-0.229867687,0,0.006178623,2
2936.263435,54.9808424,1614.382372,833.7638924,43.71998812,19.76021008,77.79080372,0.485977377,1.266666667,0.012638208,1
1735.052479,23.30028837,404.272231,723.5695595,75.16363327,9.633574691,61.26303781,-0.157198397,0,0.007411346,2
1680.786333,43.46396887,730.5364485,835.9945227,53.60996932,14.59786335,74.8477954,0.44643534,0,0.010644504,3
1372.086192,30.5529074,419.2122238,765.9409339,67.4699047,10.13287697,51.91655058,1.734688289,0.066666667,0.007587568,1
886.2693139,43.23780983,383.2034406,738.8357896,51.63221765,10.1433896,53.98097369,-0.849009975,0,0.008936894,2
5198.732236,15.16877681,788.5840897,838.6249264,84.02394037,15.28631459,117.590915,5.189627811,1.133333333,0.010855975,3
3740.357537,23.78639727,889.696303,898.936831,76.00397503,14.53784333,101.3620934,-0.301619943,0.4,0.006450751,2
1333.288697,29.77472383,396.9830273,722.8277204,67.68737323,9.47804997,48.1853204,0.017815938,0,0.007444099,2
2356.801307,29.22709127,688.824469,807.1887485,69.94927256,12.46934041,100.4233429,0.173557911,0,0.007586027,1
3377.545233,13.61969314,460.0112964,780.5736941,85.09939761,13.07157294,153.8178009,0.248045949,0.333333333,0.009514722,2
1455.291795,34.65069221,504.2686806,836.5496472,63.03007101,12.37066187,59.04792142,-0.106516689,0.133333333,0.008760177,3
2836.302763,21.21375962,601.6864502,931.0264222,78.55958812,12.75080099,88.953443,-0.195672054,0.2,0.005242889,3
6568.073773,12.34201878,810.6328988,749.0275801,86.13362558,15.62453158,195.1507107,0.884609935,1.2,0.015268907,1
4215.726251,25.58272472,1078.497642,1085.771079,74.37686425,17.90723145,141.3663,-0.161814337,0.6,0.006397948,3
4003.553192,71.70312632,2870.672803,761.6471182,25.80058449,23.28889663,82.43893483,-0.682957094,1.733333333,0.015766957,1
711.4968965,41.76472379,297.1547136,729.7601032,52.17238669,10.03456421,38.65738384,0.233183757,0,0.009505367,2
9624.938049,4.745470592,456.7486046,1191.142879,95.24670535,17.96570175,227.7445817,-1.044353478,2.466666667,0.004982211,3
2325.468998,65.83771645,1531.035685,823.0883492,32.7659893,18.69983847,59.2809114,-0.151382101,0.4,0.011647214,3
10107.18947,8.067644792,815.4121452,1046.315872,91.75096884,19.10132243,252.5771096,-0.204391961,2.8,0.009089319,3
7582.282579,4.834635671,366.5757383,1212.702371,95.15330821,15.12390421,282.0056214,-0.943742754,2.266666667,0.004429936,3
1284.090707,38.29337031,491.7216097,776.7286532,58.3122558,12.65215541,52.41863994,0.869905481,0.4,0.010199595,2
2988.395538,31.9948852,956.1337216,766.5144025,67.05833889,13.29016823,94.31748593,0.615301209,0.666666667,0.008408258,2
1203.977166,47.04514318,566.4127816,869.4865991,51.41535372,13.42139824,59.20799336,-0.013176733,0,0.008913629,2
3127.48388,49.04320866,1533.818445,748.881469,48.93580936,16.70136391,99.51327517,3.306051734,1.266666667,0.013146273,2
1111.155584,38.90082016,432.2486355,805.8173341,59.02985835,10.1121083,50.22192552,-0.249387181,0,0.007037752,3
1556.784788,59.26567287,922.6389798,813.8806045,39.83547105,12.64433869,54.41197929,-0.210885219,0,0.006765509,1
4189.462672,66.870417,2801.511159,760.1196801,30.94270305,23.68759261,84.93778827,-0.611345753,2.4,0.016374003,1
4084.141026,44.84900466,1831.696599,1003.16796,54.93224811,22.68020652,90.76227178,0.315946532,2.133333333,0.011589613,1
4455.017768,49.24844911,2194.027158,1029.000745,50.67465395,22.42144123,93.9264522,-0.384629847,1.666666667,0.009171148,2
1821.013111,56.22531962,1023.870442,634.2301877,39.97547863,12.73564862,63.82163147,0.57068783,0.533333333,0.01102494,1
5389.287272,9.532267422,513.7212749,1183.950303,90.41052678,15.06060094,291.8231701,-0.742302881,1.533333333,0.005466321,1
6086.26185,12.69511846,772.6581514,967.2582749,86.96130075,17.15028048,238.960969,-0.557671262,1.866666667,0.009424132,3
807.2039688,39.51674573,318.9807398,775.6202307,58.91131204,8.166569937,63.6776725,-0.518766784,0,0.005428751,2
1506.409585,28.54727656,430.0389102,764.1600102,70.03305883,10.42194989,63.52218754,0.564777842,0.2,0.006982417,1
5811.002754,41.87607117,2433.419649,1036.238518,58.08254695,23.84768277,110.559738,0.084462601,3.666666667,0.009300987,2
3882.961311,46.14764149,1791.895065,975.6500184,53.40351548,22.46258719,93.22362952,-0.138221535,2,0.012205832,1
1752.8963,24.25161903,425.1057326,736.5758837,74.31532229,9.946362484,79.25788102,1.635878548,0.133333333,0.007632737,1
2148.037568,22.40493549,481.2664313,1106.89087,77.59212314,12.17076695,73.81139259,0.576705352,0,0.004090178,3
2676.782258,27.10824013,725.6285622,857.3328028,71.8848435,13.75895185,77.3033304,0.012309083,0.533333333,0.008524669,1
3749.403876,27.61839578,1035.525202,1104.176907,72.36816363,17.55197674,86.51639546,-0.082588514,1.2,0.006511169,1
1392.984274,43.92217953,611.8290536,575.1030282,53.13665629,9.154783046,52.78204112,1.814427701,0.133333333,0.008970262,3
8339.538618,10.49885502,875.5560684,907.5052593,89.30154705,16.20540811,227.5628058,2.087539159,1.733333333,0.00773457,2
5151.951249,14.76390163,760.6290147,836.8924757,84.43960144,14.97493655,117.0164985,5.377456824,1.133333333,0.010608051,3
4605.453162,22.48112247,1035.357566,928.5823165,76.86899491,16.39480243,144.5157478,0.787399386,1.266666667,0.009428334,2
2467.072797,24.88008035,613.8096941,967.2249281,75.04055564,12.54595571,68.30483236,0.182916502,0.2,0.005257823,2
3368.4885,22.39885764,754.5029435,948.39255,77.48126123,14.24987647,103.3150743,-0.03807354,0.6,0.005667261,3
2182.362386,28.7715314,627.899079,775.8682546,69.56780195,11.99853146,62.97581598,0.024106944,0.133333333,0.008180239,2
5252.106312,25.40599448,1334.349839,723.8751185,73.38472566,16.69642686,226.9595251,1.390042674,1.666666667,0.022098021,2
2002.59516,42.09415269,842.9754642,778.5781013,56.44497906,14.07884444,71.16144196,4.135261333,0.666666667,0.00878493,2
6793.136395,5.017524807,340.8473038,1217.311329,94.84031699,16.13946919,331.9253168,-0.02822038,1.333333333,0.010248077,3
7216.060346,19.08990661,1377.539181,1068.591023,80.78246231,21.07946247,256.9858616,1.329131635,3.533333333,0.009164521,3
2895.088278,28.26546643,818.3102052,684.3885962,65.98970267,16.39762235,131.430677,-0.246267211,1.533333333,0.020819909,2
2375.130548,26.06958711,619.1867271,887.4463985,73.72230766,11.845512,67.17613472,-0.484682092,0,0.004877462,2
9006.334516,10.07314661,907.2212796,1058.069124,89.84060333,18.37888524,196.4875413,0.153323085,2.4,0.007035412,1
1524.831494,23.94060066,365.0538186,741.2081172,74.7766254,9.179609197,82.83124413,-0.701573231,0,0.006655013,2
4349.981684,30.6330829,1332.533495,889.7972628,68.68038643,17.84022886,109.3919933,1.246716677,2.133333333,0.01060867,3
2456.622943,66.99783657,1645.884225,827.7588104,31.4561739,18.64912208,62.25257124,-0.233310372,0.333333333,0.01135558,3
1902.176877,66.46592226,1264.299405,807.5758362,31.03198896,18.45168526,55.8157645,-0.278565686,0.2,0.012745033,2
1588.010731,56.19857034,892.4393274,779.217179,42.85153858,11.82732606,50.65837955,0.034903756,0,0.006414036,2
6197.743765,13.542768,839.3460592,825.732834,86.08023219,15.32951197,146.328153,0.22449894,1.733333333,0.008772376,2
3892.18674,70.16639372,2731.007072,760.0737714,26.38475909,23.90815057,82.97439584,-0.729702866,2.333333333,0.017182696,1
2435.679556,34.55301106,841.6006261,800.080503,63.94728707,14.24142724,63.80719492,-0.008196024,0.6,0.009253391,2
2357.37002,47.03361472,1108.756333,828.6512726,52.5632428,14.24462111,67.20235415,0.08483215,0.2,0.007287989,1
1540.518658,32.23742592,496.623561,745.3445842,66.32770707,9.982638633,57.15960132,0.175126317,0,0.00687182,1
3982.21729,19.32431667,769.5362795,730.4673812,77.35875675,15.66598915,126.4683521,5.084124327,0.933333333,0.015743414,2
1577.762712,39.27963205,619.7393878,801.672016,57.1912418,13.87369904,50.99694479,0.131213553,0,0.01084883,1
4449.208426,68.82883754,3062.338439,756.7182995,28.64175063,24.90060668,91.94912833,-0.621793107,3.266666667,0.017780252,1
761.4916335,41.60881098,316.8476144,760.9090227,53.9150397,9.494586236,56.7466972,-0.827523623,0,0.008131105,2
3196.015202,39.13164355,1250.653276,974.0660917,60.56335952,18.21533884,93.79999612,0.389659584,1.266666667,0.009101899,3
5508.166341,14.45853302,796.4000493,864.2175753,84.67800198,15.65369898,282.8383976,0.031171222,1,0.013029231,1
4443.132693,69.84286784,3103.211295,760.8306282,27.58220989,25.18887765,86.76985234,-0.929222481,3.933333333,0.017305018,1
2889.909874,14.61795192,422.4456359,927.863831,85.23120583,11.23948128,72.98388352,-0.078646224,0,0.004938131,2
2571.563767,63.38892701,1630.086679,674.8899497,32.09002019,18.41901053,82.26773115,0.222033339,0.933333333,0.016133308,2
651.685066,39.52905965,257.6049785,770.8642347,55.38556705,9.223667236,41.38629683,-0.283010664,0,0.007648994,1
695.6068571,40.77390577,283.6260844,729.4589581,52.48029753,10.01535615,38.55775368,0.262864815,0,0.009466213,2
3447.572046,50.71133267,1748.30973,990.7106779,48.95353485,21.31456959,98.29749612,0.748914921,1.133333333,0.011171844,1
4613.148067,13.54031533,624.634795,930.4394984,85.81500394,14.12465227,369.3501309,-0.864626213,1.266666667,0.008840064,2
4566.197918,22.14465766,1011.168897,891.0450549,77.13386042,16.53957163,122.4183723,-0.024239315,1.6,0.009778361,2
1458.852202,58.89035443,859.1232321,793.7999076,40.20973867,12.13209366,48.80684644,-0.22331705,0.133333333,0.006630555,2
2555.19285,32.57090837,832.2495216,772.2732153,66.68991485,12.49318072,79.93754292,-0.361354713,0.2,0.007395756,1
3363.504217,38.62568943,1299.176693,985.190508,61.13212344,18.69940948,117.20905,0.160667318,1.066666667,0.009472876,1
2093.102566,20.72223597,433.7376528,1040.369917,79.24340846,11.00544215,75.8570453,0.894657311,0,0.00401905,3
2972.841844,42.37078305,1259.616368,984.9699469,57.25139378,18.66246435,85.99583921,0.860926733,1.4,0.009346707,3
3260.255793,31.3231474,1021.214728,795.9849483,67.84137485,14.73893667,90.85088862,-0.588434026,0.8,0.008940107,1
1591.560235,39.71585462,632.1017491,864.5614411,57.3817193,14.00389826,57.81268233,0.560913637,0,0.009848693,3
4129.380981,18.17872664,750.6688806,837.7874179,80.67082073,15.41067555,310.7629795,0.813884774,2.133333333,0.013407265,2
839.3970143,56.0635682,470.5959176,694.8878851,40.73365123,9.079992664,38.21102157,0.721452511,0,0.006939887,2
7128.155718,17.91168486,1276.772789,1007.312709,81.89320175,18.2693291,307.4155665,-0.148145106,2.866666667,0.008600999,1
4419.579611,37.04673847,1637.3101,894.1748347,62.51614427,18.30572368,127.4067161,-0.194336152,2.666666667,0.009261155,3
3144.623754,51.26799195,1612.185453,989.6155642,48.42705206,20.87110675,83.5569313,0.893285497,2,0.01080045,3
2788.415962,16.04956091,447.5285184,966.9817535,83.45203798,12.50058714,336.7461462,-0.790273375,0.6,0.007750953,2
1371.826076,29.89111211,410.0540703,723.1877957,67.67451247,9.492613257,48.7540815,-0.031640653,0,0.007437184,2
2226.382628,37.41122446,832.9170023,834.3360025,61.92110953,13.88949014,81.00311554,-0.05154466,0,0.007861428,1
3836.161774,37.44338412,1436.388788,866.8448887,61.6898245,17.75742348,88.43770888,1.203100072,1.6,0.011128646,1
3140.031806,36.35922753,1141.691309,626.530893,55.78244188,18.17920188,126.2009647,0.46770338,2.2,0.023699009,2
4134.417245,34.50981845,1426.779885,1168.610231,65.45388654,21.15436236,146.4298475,-0.33912113,2.4,0.007449388,1
4181.420699,71.08075314,2972.185325,745.9266341,25.96916113,24.49902329,78.0824078,-0.588014502,3.533333333,0.017673921,1
6127.276141,10.12916,620.6416039,1163.201979,89.81949319,16.83832759,273.0528649,0.162366921,1.8,0.006274734,3
2461.74797,29.22447131,719.4328291,776.263324,69.059898,12.85415381,98.48757666,2.28021541,0.266666667,0.009243488,2
1956.211176,26.53278432,519.0372922,881.8690683,73.17511661,10.87410284,59.09163698,-0.349732953,0,0.00461588,2
4549.422312,25.40510096,1155.785331,888.6207068,73.84963903,17.80848483,111.206715,1.048464886,2.066666667,0.010509925,3
3750.270873,58.95579261,2211.001918,908.7029067,40.29127165,22.49146887,90.15753447,-0.324841822,1.4,0.012660096,1
1516.039538,40.09578207,607.8679093,858.650238,56.73768196,13.83097014,55.16380691,-0.116689793,0,0.009939327,3
6529.579221,20.78008002,1356.851787,894.2719261,78.96351241,16.67687048,151.2277538,3.635901094,1.333333333,0.010336268,3
3435.055452,32.31031702,1109.877306,785.9311349,66.93820449,14.07670333,76.34883658,0.645340416,0.2,0.007847502,2
2759.679797,33.0633307,912.4420577,825.2802414,66.10549953,14.18041058,83.20850924,-0.289782205,0.4,0.007994654,2
781.7841337,37.66408208,294.4518178,733.2967244,56.95727702,9.89443991,40.02684046,0.22035902,0,0.008957839,2
6263.508701,8.429778114,527.9998856,1157.049169,91.54716606,15.94468739,282.4659964,-0.039012443,1.733333333,0.005148057,3
1588.000302,21.88098859,347.470165,896.8041875,77.52894714,10.02634118,59.86469933,0.11349367,0,0.005311189,2
2514.72533,47.69439438,1199.383016,839.1822952,50.63137699,18.20725511,69.0520523,0.57233045,0.6,0.012168992,1
1547.719523,38.72515869,599.3568412,851.4766618,58.78476455,13.27066831,53.01973676,0.759247301,0.133333333,0.009082076,2
3327.558106,21.44609729,713.6313489,879.2160095,78.31435319,12.7701884,100.9527755,0.382159806,0.133333333,0.00572236,2
3532.364987,29.25105992,1033.254199,1102.899489,70.73446164,17.25411104,93.96609402,-0.580707099,0.8,0.006426026,1
1846.079743,51.5036156,950.7978147,830.1260638,47.97719286,13.61523809,61.94503018,-0.142336813,0.133333333,0.00708744,1
1639.384936,24.1984659,396.7060048,736.3745881,74.09871011,9.677253768,62.61320142,-0.22514086,0,0.007217211,2
5079.436032,10.88838576,553.0685895,1182.784856,88.40786956,16.27015838,360.2169703,-1.206867931,1.8,0.009787915,2
1886.990983,30.39370981,573.5265635,910.199755,69.4623698,11.11775629,107.5049474,-0.89945514,0,0.004443299,2
3425.677521,20.86910684,714.9083019,882.5919866,78.70543841,13.79955964,100.9347858,-0.029984456,0,0.007524649,2
5774.723603,11.38904425,657.6858267,813.0621122,86.9643995,16.48393522,293.8103886,1.869417978,1.733333333,0.018259339,2
1890.102961,33.60716541,635.2100284,815.0510105,65.45737118,11.3903471,77.6855945,-0.216239171,0.4,0.007116432,1
2809.796486,43.1507636,1212.448639,781.5890053,55.98035284,13.94298349,71.05361603,0.36585431,0.2,0.008261094,2
1990.388096,69.43371989,1382.000496,814.9072374,28.51394776,19.48313726,54.63706924,-0.11998346,0.266666667,0.013375963,2
1270.198527,56.36590609,715.958909,779.3129426,42.59698052,10.95165689,48.82350406,-0.272969189,0,0.006116189,2
5519.134142,19.71314127,1087.99471,1108.79093,80.27950749,19.55813601,119.4931298,-0.19080729,0.666666667,0.006062236,3
1110.837407,52.7335317,585.7837959,700.0930423,43.83407036,10.36157591,42.79298408,0.612677143,0.133333333,0.008447604,2
1218.506142,48.02268431,585.159358,803.8323669,47.95603857,13.9658595,50.0373359,0.177209714,0,0.011091887,1
3575.154964,46.91803285,1677.392381,1008.082483,52.86368725,21.321622,83.14123586,0.229552898,1.133333333,0.010592074,1
3648.221364,49.54610528,1807.551598,782.4564041,48.17614011,19.17227259,116.1189806,-0.110661553,3.066666667,0.013404637,2
1473.356544,58.6640418,864.330499,791.6726256,40.20536455,12.11007643,51.02083484,-0.050209764,0.266666667,0.006880625,2
726.0667603,31.94820954,231.96533,876.378294,66.68811477,8.299520969,45.79381006,-0.340696528,0,0.005357846,1
2926.557744,27.94444939,817.8104475,743.4248748,71.12922612,12.46442526,92.83090451,-0.120246882,0.2,0.008179317,2
4871.975852,15.52726198,756.484454,837.3386962,83.80991781,14.47313516,105.3674058,7.73304905,1,0.008599173,3
1498.758387,58.06007702,870.1802735,788.419224,40.96201107,11.91913839,50.01374838,-0.199110537,0.133333333,0.006655902,2
1212.832439,35.92203134,435.674049,784.4760568,60.31678983,11.85424934,54.41143572,-0.095148898,0,0.009669823,1
1268.074908,47.46287164,601.8647658,733.4054786,47.02894027,12.64924246,63.10545556,-0.464246882,0.066666667,0.01149314,2
2426.304927,27.32627639,663.0187905,800.8571648,71.91188344,12.24967017,100.0998363,0.220623992,0,0.00743551,1
3421.154372,23.81073207,814.6019011,947.8138126,76.01634241,14.2120597,102.5388137,0.03440186,0.6,0.005652181,3
1558.086917,42.43226279,661.131535,861.8189169,56.96792057,11.75495844,56.85616568,0.889111159,0,0.006159868,3
3442.642433,25.39819166,874.3689235,777.4131325,72.69853959,14.94607609,107.666591,-0.443105185,1,0.012345963,2
4202.435007,67.47545831,2835.612281,764.5970624,30.00124781,23.78117245,84.95731564,-0.636307376,2.466666667,0.016243436,1
4753.681881,35.09710096,1668.404529,895.5869918,64.52107365,18.49319902,129.5832413,-0.245462704,2.666666667,0.009273637,3
9328.058664,7.614022715,710.2405056,1038.815771,92.25122982,17.6912029,314.2919417,-1.141198773,2.6,0.007937253,2
3164.669619,17.74041839,561.4256312,815.143937,81.67487196,12.57111734,123.0441557,-0.053283753,0.8,0.008098048,2
4328.639515,23.85335567,1032.525779,931.0590156,76.04580961,15.45761816,102.694205,-0.535182519,0.6,0.006214542,2
4803.625283,18.78060109,902.1497024,957.4953138,81.03986328,15.98676716,159.9028491,-0.787631771,1.2,0.00631031,3
11458.21123,12.66630253,1451.331699,1016.112729,87.24794958,21.31240426,211.1658247,0.048905309,3.933333333,0.008044429,1
4057.849687,54.13766617,2196.825117,885.1586307,44.90566789,21.95018564,98.5811664,0.032978582,1.2,0.012609119,1
3748.897115,49.60059298,1859.475199,965.5110224,49.89404191,22.94869147,86.1066295,0.271628038,2.2,0.012693582,1
7504.340445,4.098969671,307.6006389,1115.868178,95.85882466,14.68071036,275.9894153,-0.912487953,0.866666667,0.00472144,3
4360.267155,71.28170858,3108.072927,760.198698,25.95635748,25.63822429,89.20091261,-0.603024897,3.666666667,0.018330861,1
2199.577362,28.00737333,616.0438435,774.3720028,70.53580046,11.82541988,59.39078779,0.263286321,0.2,0.008249891,2
1175.012532,35.66931708,419.1189459,783.2461653,60.45215146,11.7728941,53.15004885,-0.023214392,0,0.009662588,1
3496.748724,51.19124992,1790.029378,958.2858281,48.2394274,22.64622617,76.32209506,-0.269014148,2,0.012774432,1
3613.066731,37.13218547,1341.61064,975.1889342,62.51101245,17.7560694,163.0899972,-1.034240209,0.6,0.008457276,3
2264.871653,26.19523761,593.2885109,950.2948051,73.69191945,12.30980574,76.52139816,0.090949244,0,0.00535259,2
3224.525159,28.33215728,913.5775396,815.9602053,71.13151858,13.97025872,107.189452,-0.447463451,0.133333333,0.00796736,1
4442.730309,10.53993339,468.2608155,1227.101819,89.42094223,15.03587016,286.0988546,-0.638603399,0.666666667,0.005750903,1
721.3779567,35.82227975,258.4140297,824.7696851,61.25012195,8.735062091,49.4174145,-0.813273372,0,0.006517982,3
4491.271694,49.77115418,2235.357759,1027.178304,50.1501948,22.79753387,94.18921964,-0.40378992,1.666666667,0.009313573,2
8726.445912,8.870192935,774.0525887,1060.826339,91.02682679,18.0360057,323.2901615,-0.891746183,1.933333333,0.008530592,3
2526.116042,59.40298064,1500.588223,799.465318,38.19032676,19.65492617,70.52134931,-0.147102572,0.666666667,0.013671869,2
5001.543485,10.71099311,535.714978,1225.036092,89.27406057,15.50054208,289.7887235,-0.609987747,0.866666667,0.005414831,1
4030.929437,30.56939976,1232.230934,1070.080887,69.40903494,17.87226487,90.92347541,-0.268798302,0.733333333,0.006643916,1
5332.042967,15.02561554,801.1722763,989.9079442,84.60784418,16.79271362,163.2037909,1.083719542,1.466666667,0.008819893,3
1298.579988,38.98301951,506.2256901,781.3416972,56.26919878,13.60358178,54.5080985,0.596669701,0.4,0.01122832,2
4483.3145,54.00907216,2421.396563,1019.403506,45.89243885,23.22844321,99.65503344,-0.151633691,2.133333333,0.009644923,2
4223.899088,68.91298759,2910.815054,761.23317,28.15042034,25.64479225,89.5397559,-0.625418463,3.6,0.018354467,1
4634.046211,21.75584506,1008.175914,1082.69951,78.16566592,17.7271113,162.0640419,-0.689289286,0.533333333,0.006528877,3
3523.510427,71.76136759,2528.519269,728.7373447,24.80220865,22.91598648,74.07871316,-0.391999339,1.533333333,0.016947475,1
1079.714208,33.82256781,365.1870702,909.8464455,65.50585064,9.538437953,81.00675771,0.412151701,0,0.005421238,3
5350.011622,33.20350156,1776.391192,1046.964062,66.73612551,21.70483997,110.7437852,-0.212058331,2.533333333,0.008567875,1
1604.217705,36.82039442,590.6792864,729.9229153,60.35505743,11.31679382,71.59950872,2.07195297,0,0.009534536,2
422.9203032,50.03405337,211.6041702,792.8758165,45.32259514,7.519389848,31.91737832,-0.266866833,0,0.00600856,2
1856.230964,16.55311323,307.2640133,815.5883495,82.89348042,8.547457948,99.95101061,2.447656966,0,0.005151362,2
2812.880442,47.12509291,1325.572522,742.9075694,50.4807025,16.38597869,94.9425361,3.992993561,1.266666667,0.013435302,2
732.6675764,38.5186446,282.2136198,757.9299272,57.15888108,9.501681493,40.27633385,0.188075606,0,0.007969151,1
2414.11923,22.93262144,553.6208241,924.257583,76.91242873,11.92910673,83.64812132,-0.647574114,0.133333333,0.004849291,3
1069.832246,32.66104909,349.4184352,829.1451372,65.2189158,9.696469287,49.84347317,-0.409399799,0,0.00689652,3
4154.56938,11.51976014,478.5964272,1204.470218,88.41708684,14.95541392,301.1526219,-0.78023707,0.733333333,0.006459322,1
2788.823302,32.9592001,919.1738525,797.1193203,66.22485567,13.23813071,66.87238627,0.511470624,0,0.007916974,2
1911.716898,42.55497854,813.5307159,766.8714252,52.58196321,16.30036337,63.58684492,-0.503107594,0,0.013835157,1
4082.201915,17.26966771,704.9827061,775.3017845,81.60396566,13.94519309,160.0938055,0.101472927,0.6,0.010204431,2
6566.62346,15.66940622,1028.950905,1139.033555,84.18438407,18.28289575,314.616529,-0.930487721,2.933333333,0.008028402,1
2989.208322,21.11081964,631.0463776,688.2665618,77.1032905,11.63493256,105.0646148,1.090315058,0.266666667,0.009577354,2
5143.763714,15.37512921,790.8603174,631.8476351,80.73298426,16.78572403,149.4815379,3.984414855,2.333333333,0.021648422,2
1832.799353,16.86261071,309.0578202,817.5131577,82.57472406,8.571504375,99.5694967,2.420478551,0,0.005082194,2
2896.971132,63.43987953,1837.834997,674.5891281,32.34469917,19.12854153,76.36633274,0.669750159,1.066666667,0.01701821,2
2030.757902,30.14857738,612.2446175,953.1158937,69.69316091,12.43929021,76.10455214,0.058318209,0,0.005633879,2
4810.587183,48.89371235,2352.07466,994.1249802,50.9042104,22.90392434,121.6653298,-0.545883985,2,0.009851636,2
3009.956397,34.28472524,1031.95528,909.9744452,65.29632444,16.53877803,99.912778,-0.381981051,0.733333333,0.009273106,2
2819.602498,32.1967196,907.8195101,825.7338199,66.95699655,15.55318994,83.89959863,-0.279312079,0.866666667,0.009343356,2
2134.243224,25.47204778,543.6354536,794.0755259,73.72391918,11.37678488,95.64102795,0.639974711,0,0.006926328,1
4967.102298,31.65728408,1572.449685,1156.265541,68.3109905,21.80884546,161.6723827,0.689630423,2.866666667,0.007904561,1
3434.024568,60.65024073,2082.744167,717.0634797,36.46474423,20.17124283,84.13911955,-0.667349538,1.4,0.014488446,1
2846.024739,26.19380395,745.4821407,861.8780083,72.01401725,15.29592209,70.97034387,2.524764208,0.733333333,0.010355466,2
1281.6196,49.82062131,638.5108476,575.1860914,47.19832122,8.973254845,51.9747584,2.001723748,0.133333333,0.008753857,3
4785.915903,44.70922208,2139.745769,1050.744572,55.20085259,22.66765,94.16170521,-0.316047262,2.933333333,0.009191477,2
4458.10366,71.10818099,3170.07642,785.4497456,26.16653354,26.36318723,81.14029746,-0.607506216,4,0.018284827,1
2324.989667,68.81427135,1599.924699,831.4607505,29.8337612,18.99547693,59.43416489,0.048863546,0.4,0.011941919,3
1307.455497,46.66359977,610.1058003,793.011346,50.38891155,13.26149378,54.62105341,-0.235212442,0,0.009961484,2
745.4014835,37.1679272,277.0502808,769.5330941,58.46001778,9.456140517,43.3053571,-0.182466433,0,0.007786715,1
6005.65426,9.648509724,579.4561353,1001.432909,89.6119612,17.20454144,372.671077,-0.42696611,1.8,0.011605843,1
797.0725272,31.35451453,249.9182214,773.9921846,64.9839842,9.042926439,46.35193282,-0.194272527,0,0.007369881,1
1841.512099,22.60458234,416.2661186,613.3279437,75.58346732,8.592808382,70.95217676,6.769498219,0.2,0.007518823,2
721.6572886,41.38529928,298.6600286,727.8980327,53.19092802,9.920685725,36.88763813,0.448952229,0,0.00903831,2
2994.234295,32.66084022,977.942079,750.7081706,66.37505179,13.19763033,82.04819804,0.698197197,0.4,0.008179272,2
2567.907111,36.05571399,925.8772436,837.7553359,63.42976379,14.19713176,80.49227841,-0.12161651,0,0.007723332,1
2078.868912,38.99983598,810.755466,697.9965578,49.91217757,18.49584541,75.33247125,1.115574237,2.466666667,0.019697784,2
3972.981489,19.98846434,794.137988,924.772392,79.93001298,14.17822756,91.41839315,-0.348404039,0,0.004916758,1
3673.13934,67.60672944,2483.289375,725.5432099,29.08185793,22.63503048,73.9149631,-0.679069366,1.733333333,0.016764629,2
2642.21407,38.08324277,1006.240799,854.5473222,60.38289218,15.66889157,74.16287262,1.038259741,0.6,0.009852047,2
6676.450611,11.03361297,736.6537202,995.5847619,88.61132301,17.74430554,220.4599602,1.610750409,1.933333333,0.011599639,3
1235.846771,32.64532009,403.4461341,730.9441831,64.82881002,9.427642497,52.39647369,0.267684173,0,0.00733177,2
1068.087515,68.00712145,726.3755734,779.3077344,30.45810361,10.97723891,41.47444428,0.022001829,0,0.006623941,2
9676.480556,7.842126473,758.8418433,832.9357764,91.3762682,17.51755116,254.4527279,0.058118396,1.866666667,0.014325384,1
3851.181777,36.67327954,1412.354659,866.0440132,62.43482889,17.84114467,88.47794635,1.159846636,1.6,0.01114368,1
1114.626021,49.49548494,551.6895542,785.5955182,45.96255773,13.02426287,49.44509861,-0.377348801,0,0.01032778,2
2046.844224,30.50649679,624.4204674,732.5142094,68.55692538,10.52521252,78.39306304,-0.724263104,0,0.006417676,2
1598.756855,64.63603936,1033.37311,816.3914459,34.58982912,12.95612736,54.02879221,-0.346964001,0,0.006879148,1
1737.933579,62.22154569,1081.369136,816.3140667,37.00066456,13.20605139,56.4025096,-0.473988165,0,0.007005759,1
8932.239614,7.951919971,710.2845457,1103.415633,91.81358532,18.94469764,291.494661,-0.446389818,2.8,0.009003176,3
3496.460114,41.80591296,1461.727072,942.356579,57.63501144,21.04368661,73.49173979,0.08637007,1.466666667,0.012085412,1
4766.464324,45.21884333,2155.340035,1049.451845,54.69058232,22.90302,97.27281833,-0.341297244,3,0.009375162,2
1876.05434,50.25570169,942.8242725,780.4041235,48.35493853,13.74236243,67.11444969,-0.170335491,0.6,0.008337007,2
1864.905246,22.08701368,411.9018769,730.5439309,76.46272589,9.919230402,61.97694175,-0.10787864,0,0.007335904,2
2084.899941,25.71228523,536.0754194,828.1703134,73.07950265,11.97021824,67.30547635,0.605736101,0,0.007586023,2
3008.922033,44.31040271,1333.26547,814.3085937,55.0188699,15.56776254,81.51766137,1.952119138,0.133333333,0.008352549,2
2130.323657,40.63105209,865.5729148,643.1957848,53.73700821,14.61359503,113.6762963,-0.027569421,1.266666667,0.020678012,2
4501.129228,24.36574729,1096.733773,882.0728089,74.92088332,17.49298126,107.4136456,1.326079682,1.733333333,0.010497641,3
1698.516863,57.25462423,972.4794474,804.0576047,41.83972565,13.01235324,55.48613642,-0.196954892,0,0.007147032,1
2415.393683,14.83886259,358.4169495,729.7989342,84.07192869,9.465668618,74.85764678,4.761413063,0,0.00719868,2
3784.823778,40.56271718,1535.227365,977.6623951,59.2460182,20.34374363,97.63070958,0.212879362,0.933333333,0.010046124,1
3559.740313,32.54241734,1158.425549,926.8894948,67.2044375,15.85701966,134.1793041,-0.899719423,0.4,0.007647456,2
2598.577284,42.30217423,1099.25469,976.0748927,57.51670752,15.65105769,86.67208615,-0.161451367,0.4,0.007250776,2
1245.921241,51.38385415,640.2023534,617.084486,43.60203636,10.63737438,46.37655181,6.958868524,0.6,0.010111891,2
1964.530491,27.07824687,531.9604162,706.7137071,72.01216878,10.06084341,68.86743392,-0.283768309,0,0.00707206,2
12715.1983,5.342625173,679.3253851,925.4403946,94.13168089,19.424873,330.1714292,0.24962057,2.466666667,0.013270712,1
5767.967626,13.66611597,788.2571447,740.7859935,84.33462758,15.84383278,191.6870991,1.257911651,1.333333333,0.016651447,1
9281.082766,11.56430064,1073.292314,871.2612116,88.10685972,17.07680829,282.3748999,0.306469789,2.066666667,0.010462232,1
1220.066897,29.67387397,362.0411132,767.2152338,68.51660033,9.177358272,45.98322052,0.721456108,0.066666667,0.006427799,1
3174.079309,24.31783242,771.8672872,804.4709596,74.5243553,13.24207661,174.1056576,1.650601717,0.133333333,0.008621904,3
4055.250289,76.40773527,3098.524906,786.4056581,20.57729937,26.03848043,78.28818771,-0.608023261,3.666666667,0.018009285,1
2994.902215,16.8547692,504.783856,812.1084973,82.04502437,11.79957816,74.36841472,0.205256751,0,0.007621709,2
3087.794975,28.03606257,865.6961312,1004.804867,71.70632447,14.99828964,98.36372713,1.724353514,0.4,0.007109141,3
4814.279805,8.752805701,421.3845572,925.2874256,90.92067276,13.49682524,371.1771636,-0.851063954,0.933333333,0.00762313,2
2527.178937,29.89190431,755.4219098,806.0985255,69.06965962,13.23014034,68.38374996,-0.299223978,0.266666667,0.007907695,2
4912.426728,63.23314206,3106.281771,770.3508855,34.04685632,26.12166169,93.61900024,-0.689675216,4,0.018683011,1
2719.583036,24.96150388,678.8488251,716.7657604,71.91227339,14.26403192,66.26070894,11.94961182,0.666666667,0.01236152,2
672.331568,43.02645417,289.280434,716.7657013,50.69603315,9.28944737,34.0407859,0.788954744,0,0.008479973,2
3758.280797,73.32632154,2755.809062,759.0827709,23.67826185,23.19732684,81.79530408,-0.718949288,2,0.01618071,1
2455.646944,40.6875005,999.1413625,802.9743382,57.78661145,14.17530252,63.92094246,0.171387157,0.6,0.009061562,2
5271.838471,18.43816149,972.0300906,989.0857139,81.21451807,17.88181068,210.3653222,1.722690367,1.933333333,0.011966651,3
4077.945561,51.50726501,2100.438227,879.7901252,47.72459964,21.22248494,99.41672689,-0.045183043,1.2,0.012077409,1
2969.590098,24.99022142,742.1071407,855.5290799,74.12401089,14.10632045,85.57023075,-0.325391093,0.533333333,0.008618542,1
901.3220379,33.96610876,306.1440237,886.5623332,64.79638211,9.050547001,52.82939713,-0.193193594,0,0.005888851,1
3615.745082,33.4894899,1210.894584,783.5846961,63.6663536,18.09186175,153.0259337,-1.353621819,2.266666667,0.015365382,2
4760.509677,17.54295023,835.1338433,924.666291,82.22575526,14.77566644,147.4750781,0.681760535,0.733333333,0.007277333,2
3527.318483,69.92995815,2466.652339,727.3117155,25.9454053,22.84532065,70.42135195,-0.367406514,2.266666667,0.017591668,2
1228.042912,49.00378687,601.7875315,731.0847849,45.05529407,12.86927128,61.7034667,-0.42972822,0.066666667,0.011859639,2
786.7527546,44.81652249,352.5952252,725.0504469,50.03454327,9.88258713,37.61059497,0.812154965,0,0.008637934,2
6969.576407,10.96536959,764.2398118,749.908977,87.73431925,15.55744832,195.1767149,0.86611849,1.2,0.015268087,1
5745.683545,13.59493102,781.1217147,723.5946798,84.22645246,15.92725685,170.6736768,2.066081242,1.333333333,0.016760125,1
3296.405214,57.41993611,1892.793768,867.1823429,41.53634146,21.25830793,91.85988583,-0.007893553,0.933333333,0.012806176,1
1236.803176,72.56530325,897.4899753,796.2508787,25.4261804,12.95114202,42.47661068,0.282007205,0.4,0.008489894,2
1054.413298,38.69865543,408.0437689,739.3538463,57.05723733,10.90040762,46.41868258,0.211291192,0,0.00958521,2
2162.570944,26.47425038,572.5244465,774.875812,71.81890592,11.91843132,59.3598966,0.330932691,0.2,0.008206225,2
1787.187711,62.48552731,1116.733665,821.3970671,36.72367917,13.59528896,55.36543726,-0.450574017,0,0.007257646,1
5964.467076,19.50631167,1163.447537,1004.805492,80.36166751,17.97290959,154.0818975,-0.100913252,2.266666667,0.007559762,3
4947.579054,14.20387622,702.7480046,822.2877912,84.69383501,17.57921188,285.8314107,2.488876479,2.066666667,0.013459163,2
1255.346173,49.25199715,618.2830612,575.4414537,47.6978838,9.059071687,52.9532123,1.715896518,0.133333333,0.008731408,3
986.7410258,58.88773488,581.0694392,571.8228465,37.2607608,8.895587174,46.38436168,2.41221324,0.133333333,0.008838624,3
2241.056947,35.44414849,794.3235518,806.3411723,63.86883802,13.06020911,82.30914883,0.20851745,0,0.007592325,1
4610.886046,43.74693467,2017.121306,982.3758063,56.03944007,23.23789164,107.285364,-0.071776191,2.666666667,0.011626884,1
7324.262906,17.00661424,1245.609139,1140.272951,82.92604082,20.73520908,276.7758038,0.3962322,3.533333333,0.008491774,3
1694.702324,21.67074411,367.2546041,889.6995467,77.72445321,10.26182063,67.5240521,0.197007236,0,0.00546691,2
2102.519688,36.80014673,773.7303301,787.7211158,62.18157684,12.40329979,67.46856034,-0.049624764,0,0.007732731,1
1002.656622,31.67829731,317.6245457,883.1274863,67.40633241,9.121155431,46.14456467,-0.135069147,0,0.005773375,1
3604.232214,19.77320185,712.672111,938.0342666,80.07268714,14.2619987,113.5862669,-0.195128595,0.466666667,0.005810143,3
2452.559736,35.73741128,876.4813599,934.787926,63.867432,14.96386975,85.91566721,1.866330853,0.6,0.008021576,3
1515.572724,37.16495521,563.261924,872.9111475,61.26432462,13.4710649,53.45239122,-0.147166428,0.133333333,0.009264073,3
5593.534638,12.91196321,722.2351344,631.782086,83.1292492,16.96075651,191.1794485,0.573988053,1.466666667,0.023200267,1
522.6208027,47.19218133,246.6361569,707.7860465,44.00432691,9.203250982,31.15911292,0.814177364,0,0.009173098,2
1891.658356,16.45414289,311.2561688,817.7396229,83.02578523,8.565031485,99.4738644,2.42785422,0,0.005102277,2
2076.790506,28.10812579,583.7468879,708.9139485,71.09325348,10.08279,70.40069353,-0.367445052,0,0.006981331,2
2905.912705,24.35230111,707.6566118,939.9106374,75.57512814,12.97928941,81.34541529,-0.412499274,0,0.004754659,1
4562.239785,35.97535439,1641.281931,903.2825254,63.57916601,18.05870782,112.7765681,0.642370321,2.533333333,0.009104758,3
1345.816796,56.76033389,763.890107,774.8793529,42.11314246,11.06156258,45.29420306,-0.080466447,0,0.006167519,2
3475.445983,28.48171671,989.866679,738.3278759,70.40435258,13.79678616,91.0910704,0.100268592,0.6,0.008979842,2
1083.084516,34.40628409,372.6491354,780.4552114,62.46868441,11.03887599,51.05328028,1.407382179,0.266666667,0.008811595,1
1111.778921,48.88694561,543.5147566,567.5015618,47.8146869,8.355266845,46.24351329,2.129759505,0,0.008748027,3
3143.92048,53.58661409,1684.720535,833.0152101,45.20574455,19.77662715,78.47007022,0.409274983,1.266666667,0.012649867,1
1358.030076,61.22387604,831.4386502,791.8811116,37.60201961,11.55929674,48.18659996,-0.013551968,0.133333333,0.006671034,2
2236.814526,55.43831162,1240.052207,702.7019328,39.30982878,16.73535179,69.66906368,3.226313568,1.466666667,0.01486985,2
1273.367704,18.95377436,241.3512414,841.1140278,79.52847108,8.630068308,52.88754625,1.175387332,0,0.00590859,2
6446.999309,13.01518984,839.0891993,1145.106721,86.9219916,18.53097798,271.9109018,0.489408086,2.533333333,0.007330729,3
689.1769956,38.97428228,268.6017877,753.8274015,57.74248259,8.159770921,64.51378743,-0.647842336,0,0.006727204,2
7922.356808,12.81663142,1015.379272,1131.354891,86.71043287,19.4889081,378.4606623,-0.766045961,2.666666667,0.011331706,2
2372.834209,36.76751283,872.4321222,868.4640343,62.38291222,14.3385348,96.82456728,0.818186602,1.066666667,0.008441252,2
3305.776782,21.48299836,710.1799719,714.5846587,75.44694283,14.305076,73.55906956,8.278391014,0.933333333,0.012280951,2
1261.898969,31.11842944,392.6831403,732.1590331,66.43301323,9.483438192,52.51939533,0.256475495,0,0.00738343,2
1072.552486,37.70156856,404.3691109,959.2315298,62.01084136,9.654363967,61.43629539,0.341775316,0,0.004878319,3
3401.293878,49.09644914,1669.914519,757.90231,49.18314971,17.63323865,106.5710439,2.440459017,1.333333333,0.013374491,2
1814.5206,42.18852994,765.5195665,792.3057805,55.85078264,14.25767545,66.25890157,-0.075900607,0.133333333,0.010190193,2
1927.537279,26.01165026,501.3842557,882.6838761,73.70274044,10.93326339,59.71136831,-0.358353042,0,0.004626757,2
4277.594334,26.07275314,1115.286611,1086.333216,73.8881466,17.92730664,141.1217008,-0.135163666,0.6,0.006419956,3
6849.969108,14.14701855,969.0664006,948.1367486,85.73780415,16.93450021,159.5171108,1.131256892,2,0.006957473,3
5614.486839,10.25865845,575.9710288,1180.312378,89.68145194,15.03894186,292.9182191,-0.770393009,1.533333333,0.005466756,1
2093.967593,29.09115788,609.1594184,957.7233029,70.74174946,12.62692429,79.82512975,-0.175937574,0,0.005775584,2
3540.719778,60.04639319,2126.074519,724.7796904,37.74476368,19.73505766,83.46762675,-0.695802898,0.733333333,0.013779178,1
1535.649767,29.32962604,450.4003338,751.0693967,69.37518656,9.918877316,71.90540674,-0.139298529,0,0.00701044,2
1025.67932,48.62694536,498.7565223,563.6493845,48.01160749,8.318672209,45.42473927,2.831835728,0,0.009154524,3
3564.417989,69.89083302,2491.201425,731.3003525,26.87935056,22.13298155,75.21142412,-0.53611614,1.133333333,0.015981384,1
2888.753865,22.77106212,657.799937,870.4969755,76.9376231,12.57524974,89.35124145,0.52403114,0,0.005860681,2
6580.428534,12.61524482,830.1371695,983.113709,87.29332671,16.39565592,172.2231794,0.921239154,2.066666667,0.006649044,3
2566.765505,23.95089965,614.7634303,839.8646567,74.68494377,13.08156984,67.14484136,-0.129109511,0.266666667,0.008411629,3
1625.998356,28.18230416,458.2438025,743.4295277,70.68473778,9.630517662,58.14247353,-0.335350986,0,0.00630691,1
1771.245748,57.81689242,1024.079248,807.8227659,41.30343307,13.10462857,56.4931128,-0.340042034,0,0.00708218,1
7149.6342,14.46625131,1034.284051,959.5013968,85.4115699,16.79849166,217.1092541,1.741461817,1.266666667,0.009906135,3
7550.287121,10.71868296,809.2913391,917.4777434,89.04966329,15.53064304,215.0746017,2.77818774,1.466666667,0.007409281,2
1882.614037,66.66258761,1254.999232,809.4098314,30.676974,18.13051083,55.00091977,-0.320976474,0.133333333,0.012496841,2
8330.453299,9.6669892,805.3040207,906.7327402,90.15568023,16.32019986,227.8814996,2.074962689,1.733333333,0.007775373,2
4413.826921,21.18154831,934.9168814,1094.587216,78.78069218,17.40088211,145.8151406,-0.23894863,0.933333333,0.005948987,3
12565.24121,6.841958068,859.7085348,982.4402633,92.84918776,18.97401312,348.3819662,-0.673798073,2,0.01120483,1
2519.500704,54.54620392,1374.291992,810.6549796,43.51059736,18.93393229,62.18202475,-0.503509073,0.133333333,0.012831314,2
3979.476726,53.54856156,2130.952545,879.9393324,45.60907597,21.23365184,99.39451891,-0.042227283,1.2,0.012100143,1
2775.032917,29.26322793,812.0642076,711.2857078,65.74429505,15.36531631,127.7121381,0.1318926,1.2,0.018487048,2
906.5634562,47.80555633,433.3877037,878.743325,50.8713028,10.08366769,63.63461661,1.128487126,0,0.006324821,3
5567.868508,13.79738498,768.220253,812.1416376,85.74311767,14.26387791,135.5159764,0.685066124,1.333333333,0.008597866,2
2932.432319,25.12532352,736.7831071,861.6012587,73.21003214,15.18974314,69.96842016,2.756956872,0.733333333,0.010252219,2
2549.34837,24.33054177,620.2702698,854.2308043,74.71023374,13.24511959,70.3015703,-0.156742201,0.266666667,0.008212295,3
1126.723748,56.69743478,638.8234621,751.2028018,34.50467619,14.76952093,43.41995772,-0.220961142,0.066666667,0.013688241,1
3651.56443,72.52869962,2648.432197,756.8661167,24.42598092,23.22633016,81.30144545,-0.690967515,2,0.016375391,1
2294.167585,52.61059806,1206.975287,742.7943627,44.4533431,16.01492938,92.02336842,4.756072105,1.2,0.013636262,2
2875.622933,26.85570857,772.2689147,899.6227943,73.06426748,12.93780029,74.19347554,-0.302690437,0.133333333,0.004734838,2
1371.649183,28.17429117,386.4524348,750.9613077,70.15933686,9.517883886,55.6494089,0.341168501,0,0.006629565,1
4184.980726,46.5759635,1949.195095,979.3701594,53.2458285,21.89762074,118.81986,-0.303490824,2,0.010782573,1
768.9339712,36.87428908,283.5389353,727.8283657,58.480626,9.338846245,43.63480112,0.057547496,0,0.007919258,2
1573.996624,45.56718815,717.226003,841.4746362,52.43779151,13.51727028,53.21387119,2.060015662,0.266666667,0.00902128,2
1941.11701,55.51873976,1077.683701,787.844772,43.6071052,13.13453627,63.76628668,0.90585732,0.533333333,0.00735957,2
2374.975652,35.1414349,834.6005227,915.2977959,64.50769058,13.67660497,156.4602121,-0.328632215,0.4,0.006577891,2
3421.495684,48.29639319,1652.459009,1029.266369,51.41472165,20.9389315,98.15991001,-0.847585926,1.533333333,0.010440787,1
4691.977118,40.33499237,1892.508612,768.9180984,56.88882632,21.41115775,154.7813859,-0.901413023,3.266666667,0.016293991,3
3110.686657,34.79084868,1082.234288,828.0840714,63.5203255,17.08407827,109.7542727,-0.209362422,1.733333333,0.012747807,2
1869.57432,23.28874297,435.400358,707.6546683,75.24807078,9.204547991,81.33166845,1.830729162,0,0.007137715,2
2722.326876,29.81465064,811.6522474,884.9747725,69.66349603,14.05558133,86.37217312,-0.380305018,0.4,0.00756431,3
1828.615635,39.93922847,730.3349763,794.7184617,58.37377297,13.90124264,64.67364743,0.067558253,0.133333333,0.0097924,2
5189.731985,50.32678115,2611.825058,1021.498311,49.60671671,24.2961894,103.6369157,-0.150619549,3.333333333,0.009959443,2
3065.543781,43.61682883,1337.092984,985.2514694,56.02041568,18.78472677,86.25364146,0.839392926,1.466666667,0.00940087,3
8473.756183,19.75336165,1673.851705,730.3027899,78.84936841,20.52199364,178.1002021,2.857926349,3.066666667,0.016100474,2
5278.452955,28.08527122,1482.467828,752.7116928,68.37196585,20.86948422,254.1673105,2.998709662,3.533333333,0.018803866,2
4800.128336,8.280113949,397.4560959,1207.094353,91.65519688,14.36513929,310.9750538,-1.066190775,1,0.005243047,2
4568.334704,41.52141352,1896.837143,1025.487176,58.36652539,21.2155212,100.430879,-0.325624489,2.4,0.008980136,2
2783.44695,19.85969554,552.7840898,924.4301989,80.03718447,12.09001758,97.67488158,-0.692982609,0,0.004596723,1
3151.934856,49.69697948,1566.416419,938.1247396,49.72795696,20.73987782,74.47855923,0.134139334,1.2,0.011890329,1
2915.249626,41.67402441,1214.901841,670.635291,52.44367952,16.43109449,92.78746373,1.333223045,2.333333333,0.017229463,2
2321.52904,33.31977862,773.5283369,810.5435621,64.98200375,14.02954739,82.66956364,0.597325921,0.866666667,0.009744589,1
1208.740967,30.56282341,369.4253673,766.6853791,67.59247539,9.198771297,46.28957349,0.662093387,0.066666667,0.00648634,1
5087.678716,9.592624533,488.0419167,841.5411042,89.623736,14.83435328,270.8795238,2.721604019,1.2,0.011061418,2
3161.297061,16.11835782,509.5491721,818.4014317,82.89676668,11.8057424,82.98546578,0.877291939,0,0.007409892,2
2141.252245,31.81273563,681.1909158,877.8295382,67.48703074,13.43038136,80.27769194,0.159120149,0.133333333,0.008013705,2
2249.223393,21.76774697,489.6052568,840.0400019,76.58867982,13.38437912,72.48734004,2.339933782,0.266666667,0.009843936,3
8553.783555,13.7871214,1179.320523,902.9221675,85.88197056,17.82145552,215.7149929,3.115818241,2.4,0.009086779,2
2827.02429,21.50643525,607.9921486,888.4006451,78.34979269,12.60612793,69.42823431,-0.375336652,0,0.004556265,2
1887.940987,22.92186889,432.7513577,1032.366893,77.0388686,10.95713368,78.65673671,0.445620503,0,0.004065234,3
2829.550227,38.97658881,1102.862157,787.3726517,60.17383336,14.07971577,70.96391991,0.393608672,0.2,0.008002057,2
1447.155477,30.11026248,435.7423127,719.280451,67.72902117,9.678317555,52.33203123,-0.188261418,0,0.007443927,2
4319.99552,45.58559863,1969.295819,790.7366281,51.4931574,21.56435459,159.3694572,-1.117147474,3.266666667,0.016315458,3
1993.076335,43.91398442,875.2392314,842.5498111,54.75539631,14.66714314,85.18168526,0.972789931,0.4,0.009378871,2
667.2074094,38.84720858,259.191454,769.5926782,55.92198684,9.372807458,40.33567339,-0.170145677,0,0.00782483,1
4050.442554,27.76331503,1124.537126,933.3286751,72.0969594,16.42997327,128.7731472,-0.631711167,1.066666667,0.006792633,2
5963.845934,21.62393617,1289.618238,964.8698378,78.25644962,18.66039024,135.9079836,0.208296744,0.866666667,0.008220248,3
3392.51686,19.50291875,661.6398068,811.8194998,79.62027226,13.06124542,98.05354389,0.56029549,0.333333333,0.007959851,2
2190.040202,31.79049761,696.224678,816.26352,67.30161937,12.63842506,91.75791794,0.58847612,0,0.007663651,1
2497.51681,20.64204842,515.5386293,897.6543039,79.05035764,11.88106957,76.54439805,1.694176036,0.133333333,0.005538708,2
4306.908461,46.31943765,1994.935779,982.5806079,53.49228977,22.56770334,118.2612128,-0.242477235,2.2,0.01117175,1
3380.678707,48.74942043,1648.061276,909.3742531,50.87003248,18.04978697,80.64571751,2.708739813,1.2,0.009012,1
3497.63348,58.4114434,2043.0182,859.0428057,40.41180361,22.27377638,90.5188311,0.049309793,1.333333333,0.013735072,1
635.2279548,30.35927004,192.8505702,781.8822345,66.54364808,7.243992774,53.07670033,1.801831086,0,0.005977909,2
2213.427655,56.4925064,1250.42076,804.3488018,41.01320868,18.5301671,67.74278434,-0.160285235,0.266666667,0.013273102,2
4079.233112,26.07770537,1063.770392,1031.804717,73.83164827,17.2114753,169.8311501,-0.822883318,0.866666667,0.007207963,1
3000.792624,21.20380164,636.2821155,872.1362095,78.17494381,13.87042618,95.48438587,-0.49213046,0.533333333,0.008207619,2
2818.185771,31.50427088,887.8488792,669.2089151,56.55299508,19.52641829,96.75904751,1.415990897,2.933333333,0.024468849,2
1773.86976,58.08599201,1030.369847,813.1547832,41.10308566,13.20272889,55.55408286,-0.354600814,0,0.007068148,1
1857.554962,25.76211314,478.5454111,851.0559631,73.56310519,10.47603867,68.28533868,1.047311806,0,0.005695377,2
2884.876556,33.9577099,979.6380117,745.088421,65.15889151,13.26342228,87.23375134,0.202971198,0.4,0.008079678,2
5865.778537,13.45907391,789.4794687,971.2327999,86.42479642,15.67948213,183.6003251,-0.89018348,1,0.005817128,3
4818.898017,21.85352467,1053.099067,890.0407476,77.82172563,15.88658548,107.6110636,-0.522607367,0.866666667,0.008123052,2
3032.248525,32.15865636,975.1303831,647.0035685,62.52391909,15.0779827,133.3454574,0.401713867,1.533333333,0.014268483,3
3376.701573,23.91522512,807.5457831,876.9675226,75.43703021,13.58860946,104.9384011,0.310538926,0.4,0.007772948,3
999.6479454,56.26336034,562.4355257,786.2035588,39.27156474,12.80150633,47.12710025,-0.396602206,0,0.010080728,2
1786.215993,65.2180978,1164.936093,817.1587564,32.60344113,18.40986829,52.8615489,-0.024578575,0,0.012754165,2
2713.130981,21.92427598,594.8343239,929.2314265,77.87451151,12.48761616,82.90317794,-0.562535667,0.133333333,0.005216383,3
1904.591079,34.2695194,652.6942093,790.9484264,62.05670431,15.01982906,71.52013211,-0.382939971,0.066666667,0.01225404,1
5841.181104,10.25153442,598.8106915,817.8012895,88.04352678,16.55895726,293.1962123,1.815471272,1.733333333,0.018236525,2
1699.234727,22.82755309,387.8937094,752.43529,76.12489428,9.368385361,86.93169372,-0.923365115,0,0.006463306,2
1542.316345,44.76364172,690.396963,845.6631856,53.42171335,13.74141258,54.70694494,1.954370763,0.266666667,0.009115169,2
2163.131346,27.24986331,589.4503349,732.6733787,68.70174431,14.12762884,127.4344191,0.458774229,0.8,0.016965419,2
3287.142571,30.74449183,1010.615279,891.2942305,68.80458593,15.52939908,99.38644193,-0.37081032,0.133333333,0.00832695,2
2852.246329,63.71634311,1817.347058,669.7170092,32.0396326,18.97147272,78.50500181,0.63483966,1.066666667,0.016993493,2
661.9584393,46.48101991,307.685034,719.1179536,47.47336078,9.536222653,38.0266097,1.015797301,0,0.00869108,2
8231.511061,21.60364304,1778.306267,742.4477883,76.74464982,20.62063346,184.6413795,1.889709228,3.066666667,0.015962773,2
1594.314187,24.70742864,393.9140402,739.5134277,73.59815294,9.570003776,60.94216824,-0.075867591,0,0.006913971,2
6508.267719,13.62639408,886.8422073,813.5589533,83.98455797,18.13765225,339.5344474,-0.715324382,3.066666667,0.019079952,2
3795.118486,46.88344268,1779.2822,995.4910894,52.95707695,21.20986213,107.054262,0.150670883,1.6,0.010252076,1
6931.249633,7.145149031,495.248116,1000.657399,91.92493615,16.77360604,385.655451,-0.655305333,1.866666667,0.012477725,1
3381.922364,29.67803643,1003.688151,741.1467143,69.30775374,13.9139355,92.29390849,0.129536256,0.6,0.008996941,2
4620.7858,37.4994994,1732.771543,1019.978714,62.39171607,21.45181105,100.8736153,-0.335673053,2.266666667,0.009316053,2
2788.844059,29.34262301,818.3199987,1003.008966,70.42004524,14.85453623,97.68600982,1.752801715,0.4,0.006923627,3
1729.421797,25.66322838,443.8254653,708.0442518,72.80614118,9.157378474,81.46736254,1.823044634,0,0.007117347,2
10115.60877,4.065424521,411.2424393,1200.062999,95.92634819,17.08161098,297.7057614,-0.889000857,2.6,0.004607139,3
2999.097328,29.45395788,883.3528637,900.9518763,69.65119102,14.9824137,115.6588049,-0.738782149,0.733333333,0.008545156,3
2090.091604,32.41565022,677.5167836,754.8531173,66.48956157,11.46408198,72.16762154,-0.247182625,0.2,0.007419894,1
6110.971971,19.8657778,1213.992113,1014.320531,80.00367192,18.56213179,161.2851874,-0.324967778,2.666666667,0.007731477,3
1819.546976,52.87399761,962.0672247,833.5133734,46.50624128,13.32320623,61.30239744,-0.149801236,0.133333333,0.006909112,1
2180.242697,19.74907438,430.5777518,715.9760904,78.85889061,9.755068245,131.2554863,5.273376561,0.2,0.007241511,2
3000.336526,62.79603549,1884.09239,705.7579085,33.60536841,20.39961519,68.90893212,0.788283524,0.8,0.016135498,2
2835.952327,48.15267372,1365.586871,991.4869755,51.49102821,19.53538956,79.06539774,1.199144228,1.533333333,0.009880772,3
2045.521375,24.36684616,498.4290466,846.7335553,74.14472045,13.55751401,66.92317056,1.742893665,0.133333333,0.0095752,3
2762.42078,21.64808657,598.0112419,947.9703461,78.3087644,12.22354677,68.3728998,-0.059227104,0.2,0.004320695,3
2174.849017,61.93404179,1346.971899,820.5019241,36.365364,19.3258994,56.08827901,-0.311006052,0.333333333,0.013099375,2
5673.529537,18.91815045,1073.326854,857.2796824,80.35022997,17.60694973,128.5823181,4.782844925,1.666666667,0.010567594,3
2405.742762,14.23982833,342.5736395,728.4013976,84.70470616,9.193256342,74.29649128,5.070081666,0,0.006878974,2
2790.887497,43.52650839,1214.775881,786.6459713,55.35170663,14.14642278,75.71214316,0.642512101,0.4,0.008791459,2
4225.197691,19.12795134,808.1937584,570.2009632,75.05203136,18.65563735,127.2545497,1.655174748,2.266666667,0.025528419,1
7863.561527,23.81154409,1872.43542,715.890797,74.25358973,20.20501099,179.1444297,3.169088799,3.066666667,0.016234062,2
3831.251586,65.31163042,2502.252876,728.277783,32.33898282,21.12901398,82.96572462,-0.61002715,1,0.014913355,1
683.7718917,24.63579676,168.4526535,792.6096635,72.9342,7.138441412,63.86814608,0.7592072,0,0.005852333,2
1906.680747,38.66404491,737.1999001,902.3001226,60.74325975,13.13654841,77.88624433,0.427913435,0.666666667,0.007377966,2
1151.627051,48.293677,556.1630482,717.0180336,44.1613417,12.86592472,69.93915917,-0.286579434,0.066666667,0.012811405,2
1588.519712,61.37014317,974.8768217,787.1672803,37.69693928,12.00117646,52.06729523,-0.268030143,0,0.006369853,2
5993.163401,15.82741618,948.5629139,954.8210723,83.65506877,17.23146547,232.5236746,-0.27443609,1.866666667,0.009522769,3
1749.757632,32.2981579,565.1394827,956.9536808,67.54102839,12.07351197,53.74076122,0.491489663,0.2,0.005711754,2
3850.303683,40.90481135,1574.959458,976.0348398,58.8928411,20.21785981,95.14842167,0.314840671,1,0.009940888,1
3336.874999,53.30123664,1778.59564,814.4632574,44.92902414,20.66635744,67.74522635,-0.393077534,0.533333333,0.013502378,2
5628.806107,17.94177297,1009.907613,891.3049041,81.53363116,16.91255345,140.6856205,-0.028259962,1.6,0.009421195,2
4542.874739,47.2061651,2144.51695,983.5046644,52.51209171,21.98343834,123.8343862,-0.630831446,1.666666667,0.00951438,2
1351.682847,42.92107183,580.1567659,807.1062001,53.64643526,13.69203741,52.32596424,0.214755676,0,0.010631176,1
1733.065561,36.44430223,631.6036508,786.599101,62.09777025,11.80533469,66.16357598,-0.201486719,0,0.007726681,1
3264.310106,31.48396299,1027.734186,746.8413984,67.4256099,13.98514375,90.96521139,0.317973914,0.6,0.008936282,2
1163.289234,31.52104554,366.6809294,814.4203443,66.57455985,9.671443017,52.36903566,-0.411589243,0,0.006917844,3
1058.219226,34.63278719,366.4908126,781.0935907,62.50080839,11.23324177,56.34353946,0.477493145,0.266666667,0.008903242,1
2334.213459,30.7444638,717.641412,662.8835851,64.39485279,14.22805559,149.247748,-0.376471046,0.733333333,0.018654259,2
1767.069912,56.57620856,999.7411586,806.5216952,42.53830541,13.1041992,55.97049805,-0.273695866,0,0.007130682,1
1756.285734,35.78705987,628.5230271,805.3462768,60.33659498,15.12430341,68.0223744,0.064109243,0.066666667,0.012036661,1
3483.184475,44.40814069,1546.817462,1035.064177,55.36803201,20.36584338,98.87046363,-0.858790941,1.533333333,0.01006257,1
788.7766007,38.10297567,300.5473562,759.1746212,57.18766011,9.809158362,39.17813114,0.092935228,0,0.008233878,1
1960.414373,27.39192904,536.9953139,886.8724842,72.38207908,11.12208584,63.70162483,-0.335418124,0,0.004464725,2
3326.331092,30.98458317,1030.649824,834.175241,68.66966857,14.74605302,117.5159308,-0.88310877,0.133333333,0.007701394,1
4921.605668,44.32556942,2181.529737,1050.878316,55.59035036,22.93568434,98.72518772,-0.366270309,3.133333333,0.009115488,2
4059.972594,18.07637304,733.8957915,965.4131436,81.33604807,14.66763349,337.9964464,-1.270533253,1.066666667,0.011646789,2
2256.811744,24.29765693,548.3523749,838.8433244,73.57750179,14.39639042,75.20412255,1.88095906,0.666666667,0.010783531,3
6763.563746,11.92858471,806.7974311,862.6028031,86.82473091,17.33648509,318.3094097,-0.820237344,2.466666667,0.014945582,2
2418.5396,55.1890757,1334.769651,803.790161,42.46447146,18.45505408,68.85644341,-0.183544316,0.266666667,0.012827038,2
7404.800623,11.85439864,877.7945841,963.9714599,87.806191,18.14120932,326.3938131,-0.530995377,2.4,0.010370119,3
8299.515765,11.85378567,983.8068104,766.3102263,87.06922757,17.35600576,210.3503806,-0.049810906,2,0.01568475,1
2171.754796,23.55579989,511.5742139,836.8442914,75.21815413,12.01649787,62.08881932,-0.191207689,0,0.007646916,3
5281.719222,7.915861943,418.0936018,1190.622069,92.03301754,15.04303671,290.6470827,-0.703976674,1.533333333,0.005456549,1
1850.10678,25.19391717,466.1143697,760.353699,73.53064523,10.03830653,60.74230237,0.421295746,0,0.006983212,1
3444.707404,14.1890755,488.7721345,723.8098894,82.07726752,13.90370503,153.239709,3.189166016,1.666666667,0.013340214,2
3098.403312,36.41038257,1128.140499,760.7921534,62.00772473,14.50463821,137.5426629,2.221436739,0.6,0.009982945,3
2447.934051,38.41565523,940.3899055,798.4254484,60.04918315,14.18512017,63.23696321,0.062864013,0.6,0.009139138,2
2384.318295,28.11251599,670.2918618,857.4051788,71.52466286,12.38791613,63.88644435,-0.625803528,0.133333333,0.005611806,2
3247.484696,33.60173249,1091.21112,951.3204837,66.21876525,15.83789504,118.9346698,-0.117359759,0.4,0.007394236,2
2176.476477,36.08761205,785.4383874,906.6805332,62.77611395,14.16752182,108.1028013,-0.635487573,0.733333333,0.008305801,3
5473.423171,18.57126025,1016.483662,1109.143937,81.42116171,19.47788003,118.7234181,-0.135082203,0.666666667,0.006139649,3
1613.559909,47.37167626,764.3703761,682.9720384,48.26739359,12.47395651,74.34720262,4.704403323,0.866666667,0.011520562,2
4012.333028,17.91759164,718.9134473,890.3493373,81.77430067,13.81837662,96.01022763,-0.178039709,0.133333333,0.00692453,3
2374.997348,65.21589593,1548.875799,840.8449859,33.61809905,19.37345802,61.13517511,-0.474144631,0.2,0.011945558,3
4628.089584,20.09215251,929.8828174,652.6780652,78.61667341,14.29791201,131.0653537,0.679729668,0.866666667,0.02015681,2
3097.751517,39.84237668,1234.217828,921.8881315,59.61566811,17.82554167,95.57846504,-0.25692859,0.733333333,0.009631453,2
1540.612822,26.87282199,414.0061411,707.225718,71.54464561,8.898512623,78.46235461,2.261291623,0,0.006956476,2
1527.899536,26.95946616,411.9135585,732.4050089,71.63313694,9.385146727,79.16269951,-0.493417075,0,0.006887958,2
4245.518481,25.2780909,1073.186021,1137.15204,74.68176137,18.1820484,170.44249,-0.420721885,1.2,0.006753816,1
2065.409065,25.63300937,529.4264993,746.6529609,73.24107835,10.60801173,87.74845055,-0.505552237,0,0.007513646,2
9814.341848,8.01026898,786.1551806,824.4570322,91.17493234,17.57777244,260.6837506,-0.051802995,1.866666667,0.014492002,1
2109.195771,20.40990147,430.4847787,918.6662114,79.3935123,10.65917578,60.70309965,-0.385412613,0,0.005027796,2
1011.39154,33.19273433,335.7085068,837.3808023,65.07719923,9.389222602,46.86226884,-0.195701303,0,0.006330918,3
8681.602003,5.037905329,437.37089,1205.861267,94.9510963,16.89092963,225.3669277,-1.044715483,2.266666667,0.004732708,3
3907.322843,30.66925991,1198.346998,954.7198593,68.23889775,18.13305893,182.2191708,-1.124007394,1.533333333,0.011328889,1
2408.698019,23.75383679,572.1581963,952.0461223,76.17292641,12.48142889,66.26522853,0.287811719,0.4,0.004985552,3
9715.986999,8.000963728,777.3725956,815.8713703,91.10691033,17.72419144,266.2022982,-0.10073104,1.933333333,0.014667997,1
2122.610928,56.8377786,1206.4449,762.2103895,41.70873266,14.19158993,64.21202908,2.5820666,1.066666667,0.009008167,2
1060.880861,56.9769116,604.4571504,753.245579,34.01182957,14.65948105,43.5405383,-0.083668416,0,0.013405145,1
12367.10087,6.403633705,791.9438394,922.4810097,93.09124899,18.95160036,332.5235396,0.216821161,2,0.011852236,1
2384.300749,24.60780353,586.7240439,859.6384637,74.33799257,13.13002816,74.08058528,-0.268699414,0.066666667,0.008265295,3
3805.389661,42.57166398,1620.0177,988.9707185,57.24885977,20.62010569,92.81875384,0.682041558,1.2,0.009976022,1
3434.727465,28.99599962,995.9335627,738.265965,69.81437929,13.78233965,91.06336556,0.102301762,0.6,0.008974123,2
5209.319895,9.406617584,490.0208013,1159.463022,90.44553707,16.96418894,334.6567404,-1.050357265,1.8,0.007467808,2
3323.372958,48.00709465,1595.454802,756.0083288,50.07383425,17.05539455,104.0869201,2.813506896,1.333333333,0.013259423,2
6653.196848,13.80585261,918.5305508,912.0620586,85.01173224,18.20825706,258.0619476,0.104155096,2.8,0.01424758,2
4820.586934,21.17441245,1020.73096,897.398225,78.65083856,15.7760906,134.3548278,2.861758157,0.733333333,0.00728824,3
1794.902647,23.9445054,429.7805613,760.6354386,74.61660841,10.01039246,59.88506498,0.536946212,0,0.007049673,1
2355.532512,54.11731938,1274.751053,702.8913282,41.08283074,17.43901598,70.80688923,2.981885923,1.8,0.015907296,2
5223.69892,13.98904807,730.7457527,628.0074806,81.59156897,16.91095374,194.0198738,0.514455656,1.4,0.023725126,1
2507.679813,24.84299672,622.9828137,884.1887376,74.96785069,11.92153864,63.8886819,-0.237993416,0,0.004575991,2
2253.666303,37.15960549,837.4535072,806.2724154,62.14321649,13.0341866,82.29804874,0.208310083,0,0.007560131,1
3188.969004,19.49270369,621.6162785,884.4855813,80.06473849,12.98200774,97.52259183,0.268335062,0,0.007053229,2
1524.309194,23.23669894,354.1991384,768.8952832,75.46978681,8.981116649,52.92101476,0.337842986,0,0.006088464,1
6625.702939,18.60911274,1232.98453,1022.688448,81.27514716,18.7375684,164.4374406,-0.360404256,2.666666667,0.007729972,3
5105.586613,14.83755962,757.5444577,990.9280564,84.80017921,16.21919486,160.7725889,1.250289028,1.333333333,0.008799073,3
3122.770022,27.80716956,868.3539549,654.9614644,63.8959581,17.57038478,122.312624,-1.078591695,1.466666667,0.021776965,2
4032.662511,16.72415062,674.4285524,658.8710155,81.45673292,12.92410177,132.4167644,3.166319354,0.733333333,0.015420544,2
2529.13746,29.89994548,756.2107216,867.066263,69.85174153,12.30914889,101.8631635,-0.853898927,0.2,0.005273131,2
5109.077826,15.78557447,806.497285,621.7354974,80.30410247,16.71791518,133.2734047,5.346891426,2.333333333,0.021718307,2
829.7365834,56.2773878,466.9540748,694.9902569,40.44468968,9.133931139,38.0590336,0.698390609,0,0.007024694,2
3514.182318,25.03343532,879.7205576,769.717496,73.34067514,14.86144056,111.6975777,-0.693956897,1,0.012335541,2
1694.305668,25.73671442,436.0586111,770.2124401,73.34464394,9.61163739,57.0608852,-0.452180898,0,0.005882708,1
878.530196,39.07447722,343.2810813,785.8422575,57.81844009,10.77035433,56.89522668,0.568210186,0.066666667,0.008679991,1
2607.273581,48.39762686,1261.858539,836.0224346,49.76528189,19.06685294,69.17682995,0.461215168,0.6,0.012931874,1
2623.4305,14.62842287,383.7665071,730.2877965,84.18225199,9.887008516,74.13815119,5.067557783,0,0.007415718,2
1520.212653,34.30005933,521.4338418,934.4921364,65.15392808,12.28458079,64.71531166,-0.081899701,0,0.00649061,2
2693.733462,31.37710068,845.2154603,894.6991365,67.79923219,14.206341,102.2361691,-0.306014019,0.733333333,0.008280315,3
4012.589914,42.74711403,1715.266386,983.4565824,56.94710392,21.62771565,107.6363453,0.521020637,1.333333333,0.011415544,1
1058.558603,36.34746088,384.7591743,784.7306269,60.60260868,11.19088735,54.92899733,0.908744209,0.266666667,0.008929512,1
6599.387133,7.074019045,466.8419026,1048.879711,92.3417606,15.41643667,384.1122825,-0.820123259,1.2,0.011054098,1
3301.65483,43.06558256,1421.876887,913.0938859,56.02244942,19.07860827,97.42223774,-0.341040698,1.533333333,0.011452909,2
3144.923505,29.46268217,926.5788167,900.6775055,69.851501,15.08508864,116.3124896,-0.746832547,0.733333333,0.008426674,3
2670.930467,31.6543233,845.4649651,772.241581,67.64305726,12.59555633,80.26169373,-0.394906438,0.2,0.007438972,1
672.6787373,41.35919481,278.2145094,729.2842311,52.12074217,10.09638173,35.25745909,0.59458545,0,0.009280412,2
5920.705687,14.27734336,845.3194804,1009.645989,85.42547734,16.46930492,226.7403913,-0.751884785,1.866666667,0.008197665,3
1298.589744,48.71053704,632.550038,792.7807764,48.22439602,13.37681344,54.58177521,-0.226596477,0,0.010409522,2
3002.770861,26.60548801,798.9018414,742.7446136,72.4283309,12.4467254,92.56055717,-0.109350423,0.2,0.008175097,2
1631.603204,23.85630996,389.2403177,738.7033856,74.43731661,9.541083966,61.52843919,-0.144209489,0,0.006950244,2
2071.613642,46.65519842,966.5154553,609.2368349,47.99178938,14.4884696,90.61106581,0.420321806,1.333333333,0.013518934,3
1862.364004,35.9627481,669.7572752,756.9430552,62.97825085,12.03498383,70.85339261,-0.085788505,0.2,0.007696345,1
4032.099336,22.42299987,904.1176289,880.7955818,77.01681349,15.05518928,106.6446204,0.311571764,0.666666667,0.008222852,3
1627.484978,25.38685566,413.1672622,765.2536807,73.78696228,9.317140327,62.0199964,-0.015748005,0,0.005711741,1
2947.173781,17.25234863,508.4566953,829.8468308,82.20281706,11.92780393,121.8375095,-0.777833096,0.533333333,0.007026541,2
3608.016797,22.65746969,817.4853121,901.9566211,77.14084673,14.59600595,98.89109668,-0.302248433,0.4,0.006437709,2
8036.881207,24.1217031,1938.632623,743.6737545,74.06810471,20.60853605,184.8572706,1.839601437,3.066666667,0.015962616,2
3189.994174,35.20688367,1123.097538,827.1880557,63.09659308,17.17043313,110.1227651,-0.259995694,1.733333333,0.012750121,2
6696.129502,15.58446289,1043.555818,843.2742381,83.99934924,15.41250728,168.1894968,-0.02329126,1.733333333,0.008685846,2
2048.419017,33.57537301,687.7643256,980.8441035,66.28872164,13.42568968,71.31828033,0.472967967,0.2,0.006328759,2
2881.236413,61.12137621,1761.051348,670.4174153,34.43792723,18.92820858,78.17234802,0.651773716,1.066666667,0.016951006,2
3026.669054,65.67712645,1987.829262,684.517091,30.99887557,19.40239704,78.56078379,0.224379481,1,0.015680014,2
1081.611324,56.40465529,610.0791392,752.6695928,35.55056036,14.5896245,42.56478899,-0.165858347,0,0.013154216,1
3457.390449,59.49964163,2057.134927,853.2001903,39.31616675,22.01664107,90.24967613,0.067038036,1.266666667,0.013629843,1
967.3856404,39.87018996,385.6984925,773.5335214,57.02967899,11.09867641,52.27941832,-0.038782714,0.066666667,0.008742572,2
2820.49073,17.86856359,503.9811797,767.5289829,81.32748919,10.4056291,126.5704871,2.153477533,0.266666667,0.007141117,1
9107.764137,5.261261094,479.1832511,1062.645222,94.61968922,16.78562385,302.9840374,-1.076306689,1.866666667,0.007420829,2
1398.062925,36.18515773,505.8912747,766.1544115,60.10596361,12.59036048,56.36656231,0.170806095,0.466666667,0.010141236,2
4478.881989,24.81490726,1111.430412,936.01257,75.06743111,16.06284995,120.7566364,-0.416825297,0.733333333,0.006552051,2
2330.092335,25.6352026,597.3238909,879.4143134,73.69493777,13.59550108,85.72764161,-0.003549764,0.333333333,0.00813102,2
2466.731907,26.28162387,648.2972016,939.999833,73.64028029,12.35604964,76.99093833,-0.27073942,0,0.004645679,1
1250.410501,61.70068919,771.5118968,782.4096298,37.02435891,11.05495826,44.68145163,-0.015988827,0,0.006616543,2
4536.359776,18.70691533,848.6129822,1019.947874,81.17726668,16.34711341,146.3967129,-0.880516818,1.133333333,0.006170233,3
1756.452796,51.91678588,911.8938372,837.8840155,47.52595188,13.36943545,61.90924,-0.109728779,0.133333333,0.006921127,1
787.4635807,36.41253625,286.7354618,821.7462635,60.94221855,8.834011743,48.64294845,-0.619227035,0,0.006553937,3
10875.25045,13.1542751,1430.560362,1006.488242,86.77550158,22.10555224,192.9124183,0.35858911,4.133333333,0.008631488,1
1491.320752,28.70392462,428.0675845,752.4942189,69.97676985,9.571299189,57.64125109,-0.35354151,0,0.006292376,1
690.8712907,40.80832659,281.9330127,728.3724598,52.70715521,9.952675168,38.43500729,0.329070228,0,0.009396855,2
1536.462319,59.47344702,913.7871032,812.9911149,39.61864497,12.58755863,53.51889161,-0.177001615,0,0.00674699,1
2435.939685,26.1652806,637.3704539,847.4786438,72.75415286,13.52240443,70.21872004,-0.266157769,0.266666667,0.008440028,3
3306.241791,61.73602394,2041.142224,854.1121609,37.2241075,22.06841116,90.04439322,0.084253435,1.266666667,0.013626702,1
1345.39981,29.24054605,393.4022509,765.9282167,68.68763569,10.11647799,51.73467129,1.788088597,0.066666667,0.007552902,1
2379.749945,24.21665022,576.2957204,861.5955412,74.7882927,13.0728498,74.33002567,-0.262810989,0.066666667,0.008205875,3
1833.789921,37.73859323,692.046519,794.1967003,60.90845395,13.57649166,65.16394187,0.05344633,0.133333333,0.009370804,2
6667.87146,17.19645319,1146.637394,908.4548926,82.6378532,16.95472611,173.5499559,3.564166369,1.333333333,0.010304788,3
6876.162479,12.36575971,850.2897296,868.1383726,86.43240822,17.6046036,315.8356031,-0.815643341,2.466666667,0.015003372,2
3555.229172,48.86379757,1737.219986,992.8020977,50.67514669,21.31099969,102.3664895,-0.460342338,1.533333333,0.011158775,1
1561.830974,37.92928903,592.3913841,967.6250617,61.88818555,12.42518192,53.71306656,0.166090277,0.2,0.006185372,2
888.4905531,32.91763094,292.4700412,766.3113454,63.26419779,9.459586543,44.42413349,-0.034733489,0,0.007800463,1
1262.026344,64.75654562,817.2446654,786.2369259,32.50883636,12.66140804,45.87166847,0.344148774,0.4,0.008337045,2
828.9320596,44.24801631,366.785993,788.8718653,52.90834491,11.14185439,48.18638087,0.033572764,0.2,0.008426719,1
1714.588474,36.72397033,629.6649625,813.3298429,59.52076516,14.96673265,58.93027606,-0.191383162,0.066666667,0.011859993,1
1848.305996,15.62098274,288.7235605,809.1835407,83.65659469,8.686312184,103.976975,2.087284945,0,0.005841243,2
1058.307918,54.47066038,576.467312,694.1974084,42.71174089,9.751814721,42.59334998,0.672481486,0,0.007310943,2
2371.966786,25.66869848,608.8530023,882.4713356,73.68383726,13.16268915,76.43254398,-0.220536718,0,0.007458225,3
2049.067617,37.29058899,764.1093831,866.6473419,61.98884129,12.81075104,76.17077457,2.703684394,0.266666667,0.007250447,3
1487.290607,62.21929319,925.3817031,790.1362465,36.5215936,12.30052106,53.12402503,-0.14234879,0.133333333,0.006778796,2
2157.155242,71.59741997,1544.467498,837.4561714,27.13804164,19.18093003,58.08823867,-0.528075402,0.266666667,0.012056051,3
2139.030156,22.30653237,477.1434541,842.2553166,76.03321579,13.48363131,70.84547957,2.689409929,0.266666667,0.009936563,3
3728.344713,31.24606648,1164.961068,1089.088364,68.73592139,17.8973503,90.85900599,0.100568561,1.333333333,0.006671672,1
2798.479898,16.28563848,455.7503189,812.976164,82.77710497,11.16590965,81.89697269,1.197317112,0,0.007299296,2
3833.285275,57.68027299,2211.049411,904.9756912,41.54601308,22.27407812,95.78140942,0.428953399,1.4,0.012435787,1
2879.196337,66.851569,1924.787926,677.5316818,29.18251201,19.17704841,76.13427314,0.561438463,1.066666667,0.016712437,2
3546.701585,28.18171976,999.5215014,762.0933354,69.29608574,15.8721575,116.5808213,-0.815132245,1.466666667,0.01354925,2
3635.578092,54.55906012,1983.537237,809.2648367,44.88166188,16.79722893,110.5829994,0.268316223,0.6,0.008766952,1
4011.531692,17.41790812,698.7249042,775.2664489,81.37423593,13.98204439,160.1159364,0.10079319,0.6,0.010238149,2
3317.887342,42.55819822,1412.033072,988.5626358,57.17686109,19.7445345,99.23453946,0.254411076,0.933333333,0.009945282,1
2100.204091,61.61879268,1294.120405,826.6186697,37.65922885,14.94901718,61.08900489,-0.228631388,0.133333333,0.008005802,1
5219.74586,26.89631829,1403.91946,741.4530833,70.53007497,17.66366955,313.7815082,3.119663547,2.733333333,0.017051972,2
1531.085439,37.23972722,570.1720411,845.5661963,61.96982176,10.99351008,63.48293139,1.32609964,0.4,0.006544333,1
2552.990864,14.74930384,376.5483795,727.5602427,83.94334939,9.876070137,73.60002078,5.488705843,0,0.007769517,2
6316.615576,18.80280865,1187.70114,666.4224477,79.14680294,17.13746071,156.1451387,-0.619396966,1.666666667,0.01722686,2
3898.215425,20.34248076,792.9937227,660.8954621,76.74424351,14.8859167,158.7450932,1.33239955,1.2,0.018680982,2
4105.57184,23.87929296,980.3815276,1087.199423,76.07996596,17.58148922,141.9451001,-0.162792854,0.6,0.006258595,3
2227.134309,34.85711219,776.3147046,891.6759969,64.56974523,13.94235321,84.48857611,0.312165896,0.933333333,0.008095798,2
2963.38714,44.06924093,1305.942218,800.663453,54.36738822,16.84717834,78.14101944,0.737829051,1.466666667,0.01135015,2
1748.081427,18.98040971,331.7930169,789.5648509,80.32670312,8.643716771,90.38363094,3.579821412,0,0.005486045,2
4501.941043,35.84781144,1613.847336,1020.86788,64.04993809,20.87390099,126.6083434,-0.498637794,2.2,0.008568116,1
5176.215299,19.48900028,1008.792614,1116.379684,80.50410268,18.97634211,116.5015551,-0.045969937,0.466666667,0.005720025,3
959.7852506,38.33644906,367.9475837,795.1149585,59.40480391,10.75809844,43.50032173,-0.047117729,0.266666667,0.007838307,1
7245.837574,13.69778647,992.519359,847.3020706,85.92216417,15.81892275,171.7003342,-0.231411849,1.733333333,0.0087243,2
5088.96582,16.47387257,838.3497443,991.7355109,83.13832176,15.33313323,330.5968321,-1.235343201,1.466666667,0.011441682,2
2154.872864,20.20202904,435.3280416,715.9657108,78.76828963,9.308889092,131.3419296,5.252574277,0.133333333,0.006525303,2
3635.929985,26.90542114,978.262275,826.9863043,72.58115797,14.73477677,87.84941086,-0.255359087,1.066666667,0.007987585,1
759.2613522,37.3168297,283.3322658,758.0794969,58.40026523,9.505369354,39.66812059,0.267858256,0,0.008009298,1
3697.54365,53.1715906,1966.042772,997.8785556,46.65897932,22.13365938,106.1691391,1.168436756,1.933333333,0.010725899,1
4197.917882,50.36019262,2114.079531,1014.188724,49.4243329,23.8686561,94.08238635,0.257438592,3.066666667,0.011878132,1
678.9322235,46.65141868,316.7315141,720.7539615,47.51016698,9.825200375,37.6735849,0.690797286,0,0.008915678,2
3380.597047,68.31822622,2309.563938,723.5853885,27.90971191,22.22780661,73.73285925,-0.377489664,2.4,0.016781542,2
4679.025419,42.02912828,1966.553596,767.5016517,55.26274881,21.38686214,154.146734,-0.87964697,3.266666667,0.016290657,3
3512.47899,18.76403711,659.082861,847.1049207,80.65878985,12.52519714,103.4985953,1.675088728,0.933333333,0.007761409,2
4292.798292,45.17029868,1939.06981,992.8985045,54.60196242,21.76343581,107.6246294,0.931520435,1.733333333,0.010710676,1
4111.830648,34.47371584,1417.500813,957.1353839,65.32133765,18.49694791,145.5640962,-0.865481091,1.533333333,0.00761174,2
1858.946981,56.53810739,1051.01344,806.865042,42.45347473,13.78655218,62.40295322,-0.350652768,0,0.007526814,1
1421.563204,34.32358384,487.9314382,959.9412278,65.55530836,10.60112273,78.81154189,-0.120870983,0,0.004810074,2
1084.810169,40.84991013,443.143979,683.1941915,56.64960167,9.133449574,57.19528025,19.32346603,0.133333333,0.007278285,2
4610.181928,25.2063513,1162.058652,646.8746158,71.72348576,16.52453872,129.1865458,2.171987993,2.133333333,0.019967456,2
2448.763225,23.90765791,585.4419348,951.9213111,76.01733208,11.92371144,65.65901364,0.318465171,0.2,0.004390824,3
1755.733346,30.40694685,533.8649054,874.4550605,68.68846885,11.89796684,87.14585829,0.143064464,0,0.007430741,2
962.3615906,36.47629099,351.0338141,836.7093374,61.39374216,9.360801866,46.74503819,-0.19634974,0,0.006310286,3
769.6094784,35.30635642,271.7210655,873.9685809,62.84063985,8.833673758,51.16613806,0.197411489,0,0.00600718,1
3299.715835,29.8938208,986.4111386,835.8416017,69.69994887,14.59343443,111.6728021,-0.806082134,0.133333333,0.007971978,1
1335.529561,29.30307705,391.3512562,767.0738606,68.5468001,10.09231662,51.20481579,1.894211941,0.066666667,0.007561807,1
2132.42523,32.18174357,686.2516195,880.3427493,67.13436672,13.46616813,76.92511733,0.228669709,0.133333333,0.008001011,2
3231.163821,28.15172467,909.6283426,750.158777,71.06751958,13.65906323,97.20003612,-0.157839843,0.6,0.008844193,2
6324.249598,9.154508164,578.9539457,1082.171137,90.60616951,15.83884992,278.6521784,-0.481554468,1.4,0.010162026,1
8565.987253,3.27082708,280.1786307,1068.751882,96.69404821,14.46218548,256.2702365,-0.890727674,0.666666667,0.004421152,3
3982.05106,42.17088421,1679.266142,982.5786253,57.51535056,21.5068581,107.3628357,0.522509716,1.333333333,0.011278354,1
6668.368222,6.813691758,454.3620559,1030.938524,92.51890355,15.29425339,392.1306878,-0.866445197,1.2,0.011194258,1
4823.263564,39.55782001,1907.977919,1016.483921,60.35953848,22.02542403,94.81858436,-0.472515493,2.466666667,0.009155305,2
6030.527847,19.48331083,1174.946485,996.1070266,80.17411361,20.90804177,174.9841306,0.052761853,2.866666667,0.011668461,2
3908.360887,36.1306843,1412.117533,928.1568208,63.45949162,19.17017943,122.8282436,-0.442983609,0.8,0.010506833,1
5256.991202,14.07943203,740.1545033,630.9041474,81.14930335,17.0140281,191.5917016,0.569261463,1.466666667,0.023581265,1
3167.462076,69.52864719,2202.293532,717.3190875,25.79399744,22.17019421,69.38598374,-0.386654471,1.866666667,0.018154601,2
1214.19096,64.71339741,785.7442215,781.476993,34.01655363,11.07056242,43.28872063,0.204205961,0,0.006594986,2
1758.481562,36.14177142,635.5463864,806.8826769,63.00523692,11.49560999,80.13235361,-0.487793796,0.4,0.007207469,1
2990.754353,47.83450982,1430.612685,671.7728322,47.08255918,16.49428514,90.07814881,1.594540496,2.333333333,0.017255575,2
2409.536176,38.21871239,920.8937012,869.1506557,60.40652664,15.57186554,74.09614812,1.676957112,0.4,0.009704269,2
2003.535808,24.82660369,497.4098949,882.7764428,74.915801,10.92690609,61.34239593,-0.345350773,0,0.004571374,2
3461.956611,22.79655711,789.2069161,804.1889237,76.21187355,13.28452303,174.256028,1.645726991,0.133333333,0.008634048,3
1634.236428,23.69454939,387.2249576,731.7434928,74.46040333,9.587410402,63.4925027,-0.228067682,0,0.007266707,2
8172.226538,11.27859107,921.7120125,929.1267329,88.54965273,16.38949716,210.9534679,2.989632716,1.733333333,0.007674796,2
3186.900774,28.73650822,915.8040031,810.6760893,70.74575206,13.35188076,104.9053846,-0.275540326,0,0.007622118,1
3675.01856,51.98528141,1910.46874,954.8977905,47.40450326,21.87133558,102.7318637,-0.424388485,1.866666667,0.011989416,1
1570.853335,26.62256347,418.201426,754.1822237,71.61364141,9.856994538,56.46220508,0.717060117,0,0.007164074,1
1739.755538,57.27249546,996.4014117,805.4953277,41.8482253,13.10709075,56.10094314,-0.259938618,0,0.007121376,1
3304.058164,30.38947092,1004.085795,741.6952472,68.61547778,13.97101835,91.94575136,0.175021424,0.6,0.009000701,2
2234.536966,30.39646633,679.2202765,881.4647306,68.9787381,13.47239407,76.26223718,0.308018779,0.133333333,0.007996279,2
1432.281874,37.76419878,540.8897739,929.8213162,61.66225926,12.02083008,67.61841167,0.255403141,0,0.00638943,2
2061.342921,46.48154723,958.1440837,854.5646195,52.06412771,15.79774747,68.17379017,1.923904314,0.6,0.009953163,2
1764.546895,38.03663615,671.1742821,975.7767741,61.8046189,12.84767844,62.35169925,0.492349456,0.2,0.005990686,2
979.0164499,35.87547165,351.2267689,831.3256289,61.91943118,9.700500618,49.55989261,-0.284678868,0,0.006629873,3
5444.606799,7.803998126,424.8970126,1166.100461,92.14624329,15.03997404,297.9553556,-0.829324861,1.533333333,0.005505354,1
781.8225249,40.97923268,320.3848716,640.5364272,52.40419275,9.119115912,48.84567019,0.886660979,0,0.009950751,2
2876.032849,48.70425584,1400.750397,993.1044272,50.91836489,19.5401934,78.78718994,1.234561345,1.533333333,0.009859727,3
1255.055651,56.71651044,711.8237692,762.642251,41.79244057,10.82050929,51.61771097,-0.543698103,0,0.006493282,3
4541.472107,32.17496391,1461.217012,1005.113993,67.71814046,19.47642311,126.8550622,-0.627642592,1.6,0.008209635,1
1159.821905,32.77371682,380.1167469,768.1066055,65.28369233,9.272422066,45.87944315,0.739865464,0.066666667,0.006587928,1
2914.287862,26.91897702,784.4964797,894.9362415,72.46848604,14.43164377,105.8847198,-0.456786734,0.4,0.007774959,3
1123.155403,55.70500363,625.6537581,694.5119102,41.67214138,9.805891513,42.8719586,0.635503554,0,0.007339656,2
3440.286852,32.62825828,1122.50568,914.0972718,66.88469739,16.45497331,97.9464191,0.829244282,1.4,0.00910091,3
4543.51469,18.57382811,843.9046089,565.9324938,74.56604331,17.02367491,130.9694745,1.209937096,1.466666667,0.025321603,1
3357.521466,55.46431901,1862.226417,801.3272671,43.90376906,16.62638219,107.3636542,0.362882118,0.6,0.008654767,1
4160.772176,18.63461536,775.3438908,732.8000885,78.86728923,15.65199856,126.7642887,4.896232629,0.933333333,0.015723087,2
3936.991191,53.33800406,2099.912521,880.8380814,45.76895013,21.34147041,99.39888695,-0.039348248,1.2,0.012141459,1
1398.150935,27.72633184,387.6559678,762.9799659,70.52051499,9.507522455,52.25024268,1.145027851,0.066666667,0.007004672,1
4144.849547,41.93604153,1738.185827,1031.653873,57.97754107,21.38558175,90.59273883,-0.342600043,1.4,0.009370741,1
1861.222118,30.42439267,566.2655255,753.6744258,68.13793849,10.88368856,68.68387259,-0.064799865,0.2,0.007379078,1
1581.141316,39.43444593,623.5143174,725.9373481,56.43307992,12.7553377,77.30608176,1.095864218,0.066666667,0.011576922,2
1629.84225,60.85663185,991.8670981,815.8749611,38.424544,12.88977179,54.7968917,-0.268287553,0,0.006800488,1
7125.142927,7.522732188,536.0054204,1024.792661,91.92113165,16.12035207,370.6042723,-0.578420906,1.533333333,0.011152622,1
3927.550157,71.4039735,2804.426874,760.4368859,26.04246499,23.29385858,82.63122667,-0.684479826,1.866666667,0.015877432,1
3356.93148,41.40759247,1390.024507,937.8586873,58.05662273,19.55644035,71.67072619,0.352988782,0.933333333,0.011093794,1
903.6599686,41.53561932,375.3407645,739.217198,53.37987284,10.10221355,54.71238734,-0.850442747,0,0.009050712,2
2609.365268,42.42608665,1107.05157,886.8439816,56.59089218,16.6463113,77.87744009,1.040610212,0.466666667,0.010001951,2
3713.114941,48.03532769,1783.60693,999.1880361,51.71300628,22.21350711,82.25839933,0.012797016,1.933333333,0.011192525,1
2829.128784,23.70889457,670.7551607,904.4645567,76.22994491,12.58960552,73.44569754,-0.348857859,0.133333333,0.004430196,2
1526.455968,40.03348875,611.0935783,970.2483699,59.7850819,12.31299287,53.29353349,0.165617595,0.2,0.00605549,2
4269.326669,67.79600381,2894.432871,757.6331807,29.34124014,25.00952709,91.31297154,-0.592308944,3.266666667,0.017741304,1
986.4037454,41.30802805,407.4639359,752.1229533,55.39544778,9.929023568,64.72641745,-0.612097104,0,0.007724739,2
2439.881361,29.83705624,727.9887736,794.6627611,69.1940142,12.66355226,77.62477846,0.18436159,0,0.007884958,1
6438.607696,8.502500017,547.4426205,1013.175863,90.8936976,15.6389622,363.9893784,-0.351436068,1.333333333,0.010182628,1
3591.179756,39.66246244,1424.350322,879.3871154,59.94485145,16.94985485,91.8542149,1.460674005,1.066666667,0.008726566,1
4373.228959,46.4229208,2030.180616,989.048908,53.37348996,23.02351665,115.2085586,-0.374935043,2.4,0.011432147,1
1673.727543,21.96883873,367.6985047,612.9180796,76.10666503,8.732844793,71.59221375,6.499743023,0.2,0.007607432,2
1002.023468,45.8792453,459.7208049,747.2938523,50.85514622,10.31346667,62.68864593,-0.502110013,0,0.008009326,2
2600.487552,28.2036515,733.4324466,853.7078205,69.58493434,15.16446854,68.71423175,3.204625024,0.733333333,0.010533321,2
1331.542889,30.91343766,411.6256811,739.7904668,67.41187139,9.245706526,50.54513023,-0.479560331,0,0.006562135,1
814.6615155,34.28939972,279.3425434,732.4124546,60.39764933,9.613773507,41.85203206,0.048798019,0,0.008557585,2
783.6483584,34.94834765,273.8721527,729.8810472,59.4592599,9.986998469,38.61902372,0.316661665,0,0.009146294,2
2541.581473,25.64920229,651.8953732,842.1550728,73.3787873,13.06631562,71.87502088,-0.127517757,0.066666667,0.007913837,3
3712.083336,18.12853944,672.9464918,714.2669163,79.70619964,14.52835154,226.3493105,0.417221041,1.333333333,0.019716205,2
5181.969707,33.73712627,1748.247663,1144.14181,66.22282866,22.03667468,164.7721918,0.360244019,2.866666667,0.007940966,1
6600.264489,16.34516488,1078.824113,839.1597738,82.06964298,18.91612384,279.1963424,-0.796079164,2.866666667,0.017300653,2
1960.615227,58.6081744,1149.080792,840.6822372,40.76483492,14.27739398,61.24015847,-0.034663188,0.133333333,0.00750974,1
3522.810518,20.13033737,709.1536422,820.8401373,79.05939143,13.18551724,107.3044512,0.850214753,0.333333333,0.007963917,2
2078.454694,20.90894366,434.5829209,1047.984868,79.05815329,11.27663667,80.40454608,0.842928739,0,0.004144183,3
1910.951124,41.69829262,796.8339917,772.9875836,53.5470941,15.94190787,67.98067661,-0.454485147,0,0.013514423,1
3327.575883,56.74689804,1888.296094,821.0212343,41.53737753,20.88028864,70.68262104,-0.494671527,0.666666667,0.013580836,2
1181.228356,47.89259063,565.7208609,714.8381468,44.52254563,12.75291233,70.2208666,-0.290511664,0.066666667,0.012796119,2
3992.976651,76.69664083,3062.478961,783.1735698,20.36027375,26.12423883,78.93823316,-0.648694895,3.866666667,0.018195475,1
3801.68603,31.79839234,1208.875039,928.5919691,67.88761476,17.91453237,113.763232,-0.266750029,0.933333333,0.009552762,1
539.8611005,45.5483396,245.8977674,777.9456633,51.42188145,7.472460431,49.04905584,0.182908497,0,0.005746569,2
3550.123725,26.06343124,925.2840561,775.4814112,72.49358982,15.00233336,107.8658765,-0.483994814,1,0.0123671,2
4008.822022,77.00930364,3087.165923,783.465173,19.94830406,26.09016892,79.02214841,-0.655940008,3.866666667,0.01810358,1
4463.30998,38.72366905,1728.357385,1012.33011,61.18558332,21.30691854,91.45251277,-0.403261901,2.333333333,0.009074279,2
1694.017126,23.0540545,390.5396315,726.3132036,75.10908909,9.624775972,59.21483941,-0.427163505,0.133333333,0.00779255,2
5605.158428,15.49924559,868.7572707,923.5551812,84.33507681,14.79951072,154.695545,0.183922813,0.733333333,0.00709815,2
2060.85696,41.14684925,847.9777066,679.5487971,54.88980011,15.0525055,80.05193512,2.931087074,1.6,0.013587335,2
3539.563032,9.362209595,331.3813098,750.3923721,90.02351872,10.72815266,357.0229282,3.502818184,0.6,0.007773272,2
1430.765891,30.70484727,439.3144817,761.0257604,67.88155359,9.671098053,57.10705157,-0.382294076,0,0.006211391,1
1879.981043,29.39840825,552.6845021,879.5073159,70.28858498,10.94901626,58.92285178,-0.427627044,0,0.004586904,2
3557.771661,65.34265843,2324.742584,727.2229318,32.39815053,20.24960603,80.93126697,-0.507510927,0.666666667,0.014203399,1
2093.089814,34.13205908,714.4146519,861.2671637,64.51785321,14.21923264,61.23122497,0.14734808,0.466666667,0.009339386,2
1196.610035,32.13228848,384.4981885,723.4216821,65.54998708,9.156916079,55.83129046,0.293129713,0,0.007234551,2
3044.977194,28.17423116,857.8989136,665.2222756,63.2393111,17.61570755,122.9404115,-1.074769608,1.466666667,0.021741781,2
3211.234632,25.37790902,814.9442033,734.7239666,73.81496981,12.32326537,90.32116696,-0.085128923,0.2,0.008237439,2
4836.11684,15.96935631,772.29673,1075.883497,83.71962055,15.26059055,348.3363669,-1.255762509,1.466666667,0.011103881,2
8944.573415,7.740655408,692.3686057,1066.83609,92.14748048,18.23854904,304.5792513,-1.103625265,2.6,0.007937623,2
956.5016843,28.97984042,277.1926617,765.73517,67.09500567,9.606439934,45.14066718,-0.087110808,0,0.007920046,1
7327.52064,7.803301291,571.7885127,1022.80866,91.52471948,16.01113793,386.5884996,-0.743195935,1.466666667,0.010872249,1
2939.557834,17.04915097,501.169653,769.7202099,82.20991489,10.30860086,180.2051433,1.677226252,0.2,0.006332141,2
4017.029943,76.86338969,3087.625379,788.5745534,20.18070682,25.90993473,78.66787681,-0.60160578,3.666666667,0.017869568,1
4304.678713,45.74894107,1969.344928,842.0218376,52.26746189,21.28074151,167.0249042,-1.2559823,3,0.014951127,3
3471.340391,66.59190983,2311.631863,723.3091738,29.72707873,22.23467221,73.54469026,-0.373462855,2.533333333,0.016901162,2
2646.10854,24.98760785,661.1992251,878.1723476,74.57777975,12.55180335,94.49107721,0.920681251,0.133333333,0.006159041,2
6237.901305,28.9170908,1803.819584,977.8500487,70.74654873,21.91525089,266.2225842,5.7945019,3.733333333,0.011307185,3
1392.31243,40.74099817,567.2419818,774.6040033,56.99056648,11.01963344,67.55126552,-0.424759207,0.266666667,0.008304948,2
2286.113681,35.45878351,810.628101,884.1379419,63.70729419,13.82169518,83.38858532,0.437686022,0.933333333,0.008097392,2
1545.430691,45.96560279,710.3665327,845.4460111,52.19598588,13.74358117,54.62953213,1.967637297,0.266666667,0.009124287,2
1862.749765,25.94715711,483.3306081,1092.388542,74.0473996,11.69399147,73.775717,0.621563207,0,0.004003075,3
2947.576327,36.81294103,1085.089535,785.9586145,61.97810765,14.38808306,76.55500115,0.50730925,0.4,0.008844307,2
2984.828001,15.33141031,457.6162278,949.5427097,84.23739459,12.73652191,329.1753697,-0.455460675,0.6,0.007996402,2
2975.973058,22.61262759,672.9457048,899.8543264,77.30921324,12.54505061,70.68063356,-0.458533971,0,0.00428238,2
1415.669784,33.78919109,478.3433685,738.3691661,64.59166074,9.66708735,50.88423225,-0.552843149,0,0.006834005,1
845.1674303,38.54529192,325.7722532,779.1473711,59.97136757,8.20921769,59.16446626,-0.632919448,0,0.005429795,2
1672.256263,24.51411179,409.9387697,713.4260997,73.59790396,9.741870302,63.95819547,-0.193979877,0,0.007751066,2
552.1987527,52.76071009,291.343983,713.8264555,39.96440256,9.451654647,33.95239397,0.733633378,0,0.008901382,2
2964.757827,27.36075092,811.1800042,894.4062128,72.0039488,14.55475573,106.0114445,-0.462771437,0.4,0.007803141,3
5997.813911,21.24341609,1274.140566,896.0167494,77.91825306,18.11640925,314.0287781,0.029522981,1.933333333,0.011867813,3
5248.499848,22.51693021,1181.801048,845.1581349,74.70270709,20.57204022,228.0812604,0.146611886,4.333333333,0.017557849,3
3844.610009,17.98715677,691.5360297,1137.24075,81.88571026,16.1887395,303.6121523,-0.31288119,0.933333333,0.007603885,1
4231.463935,49.53981616,2096.259455,1020.623876,50.32541359,22.14361516,95.49934531,-0.355019813,2.733333333,0.009859587,2
1847.292047,35.29626073,652.0250174,899.0088195,63.9164504,12.63647963,94.61843524,0.189542347,0,0.007444131,2
9941.10638,9.581872315,952.54412,1071.615061,90.21678715,19.56526442,316.3458829,-0.838917323,2.8,0.009602246,3
2065.623188,54.94200554,1134.894807,782.4403002,44.10269003,13.86627872,65.02604355,1.196402104,0.866666667,0.00798548,2
5085.411898,19.63371346,998.4552,1117.738901,80.35912887,18.53386784,113.0226994,0.061181479,0.266666667,0.005510861,3
1855.964297,27.54763749,511.2743164,839.8597102,70.76561184,13.52856875,61.30908866,2.26767044,0.133333333,0.009632464,3
1465.477628,56.80485156,832.4623912,788.0029987,42.23142257,11.86586625,49.54899989,-0.139915195,0.133333333,0.006677409,2
4528.826212,13.37316991,605.6476244,1153.70786,86.6239939,16.15947064,100.1106633,-0.544779011,0,0.004335331,3
3166.306155,41.03676482,1299.34961,977.3750152,58.7225379,17.55197276,169.0048551,-1.151837178,0.933333333,0.007789582,2
4660.377507,13.79706928,642.9955132,1082.965151,85.91490991,15.26540264,348.1532713,-1.241233761,1.466666667,0.011093016,2
3218.141906,44.48856483,1431.705148,990.5208447,55.25250579,20.11564186,99.21765306,0.510946604,1.133333333,0.010037447,1
4704.104839,18.17681748,855.0565506,658.9426346,80.45038253,12.99351442,132.5315614,3.143891204,0.733333333,0.015448199,2
2092.579367,60.14646652,1258.612549,762.7280933,38.64981917,14.13016498,63.90871093,2.715444574,1.066666667,0.008669095,2
4460.878263,26.17382657,1167.58254,855.1492878,70.65805271,21.12907457,222.4132869,0.298153639,4.266666667,0.017723877,3
1517.903413,58.84923053,893.2744785,786.8206832,40.16122655,12.00520891,51.99249056,-0.243069365,0,0.006388003,2
1346.882885,37.18248613,500.8045418,955.5368444,62.67107051,10.61716398,75.70629123,0.058382948,0,0.004822257,2
3634.262134,18.43398341,669.9392788,774.9119991,80.21106517,13.75206469,158.9339055,0.162788903,0.6,0.010194428,2
2544.126912,24.92455829,634.112395,908.9836964,75.01100367,11.91118747,67.64330735,-0.296962865,0,0.004008032,2
4055.54936,29.2706808,1187.086908,1068.425309,70.70565441,17.82114969,90.46729926,-0.25316631,0.733333333,0.00652654,1
590.1833338,42.83116836,252.7824173,762.9681125,53.92195751,7.644336404,63.55034251,-0.179874531,0,0.006336738,2
2531.627485,28.67392092,725.9168631,775.0399064,69.83141352,13.05912386,97.94500474,2.323010976,0.333333333,0.009310043,2
4931.57441,10.42047261,513.8933605,741.0711259,89.28103303,11.00412929,241.6687719,-0.870571917,0.8,0.006446801,2
5790.177863,20.73941595,1200.849072,752.2509137,76.76300827,18.99104398,254.8293378,0.630085457,2.866666667,0.019375378,2
4311.354995,32.90920115,1418.832488,1170.559687,67.06225078,20.71131803,145.3311425,-0.344649553,2.066666667,0.007382768,1
1807.236418,46.16298555,834.2742863,854.3499444,52.42225636,15.39916902,66.46939858,2.113385104,0.6,0.009573064,2
1699.580431,22.43855867,381.3613522,769.73454,75.96389392,9.556256511,59.53044086,0.197639694,0,0.006837178,1
6615.482267,12.46636416,824.7101105,940.7816033,87.44892385,15.25424555,152.1643416,1.439429858,1.066666667,0.005839243,3
4333.146962,46.25094088,2004.12124,1085.327033,53.71326885,21.71037169,97.03350387,-0.332227071,1.533333333,0.008221453,2
2923.205538,19.89474696,581.564345,937.1754132,80.01347518,12.43322574,91.06142745,-0.323380404,0,0.004599678,1
8716.177408,9.556583149,832.9687414,1128.930329,90.2328942,20.44384809,381.1972862,-0.803013801,3.266666667,0.012146268,2
1795.081071,59.20374421,1062.755206,817.6977875,40.05592601,13.36339844,56.54890079,-0.522290205,0,0.007078658,1
1733.353259,20.68744203,358.5864507,615.7558799,77.44770437,8.872647327,72.18320027,5.87811815,0.2,0.007507978,2
5314.600574,39.43764169,2095.953132,1113.280609,60.53869636,23.2428158,149.6161308,0.578449154,3.066666667,0.008455356,1
4672.743268,13.82238466,645.8845486,933.7034678,85.83112896,14.29538722,367.2358186,-0.855507524,1.266666667,0.008685942,2
3444.226158,37.6767252,1297.671625,916.3741819,61.70389946,17.96665532,96.5860333,-0.368482399,1,0.009966955,2
646.7642753,28.90186012,186.9269062,781.9805753,68.13263752,7.249930342,53.1937761,1.780581727,0,0.005980617,2
1720.390344,35.33134221,607.8369997,730.2865465,63.53507063,10.32486391,75.97856421,-0.79885118,0,0.006571674,2
2958.935404,28.12423478,832.17794,888.2337169,71.76443483,13.23269905,77.89928116,-0.429305159,0.133333333,0.005034463,2
2379.966739,22.28882752,530.4666815,871.4125625,76.61850817,12.90735068,73.99652147,-0.033547343,0.066666667,0.007943137,3
4833.649193,19.39590038,937.5297822,557.4422349,74.09294886,17.65393851,126.1434844,2.046024646,1.533333333,0.026325908,1
1958.60035,29.43839904,576.5805867,708.9602528,69.2030004,10.46876233,109.607495,11.25972883,0.2,0.007142787,2
2328.245988,65.16551872,1517.213575,825.8188851,33.56437127,18.5910469,59.9449522,-0.170718364,0.4,0.011472844,3
2049.756063,20.31039847,416.313624,715.9280848,78.63058457,9.304110263,131.3488247,5.253687767,0.133333333,0.006518554,2
3328.278824,32.28602091,1074.568797,895.6646394,67.29627471,16.37254868,92.72646549,-0.305664513,0.466666667,0.009212721,2
2461.158777,22.77597779,560.5529764,960.3396092,77.11778118,12.13178201,64.17629672,0.256242383,0.4,0.004858921,3
3567.937432,43.40505089,1548.665058,891.1514596,56.22041803,17.52332695,90.36547555,1.644743463,1,0.008915494,1
6145.589928,15.2615948,937.9150329,1110.366681,84.73213401,18.53376739,135.5030587,1.040631871,0.733333333,0.005707548,3
3676.085987,29.18977252,1073.041137,881.3222506,70.37806065,16.2232035,94.56145005,-0.646684114,0.2,0.008824321,2
1582.843635,27.38800753,433.5093339,769.9615385,71.6926637,9.616329276,56.69751074,-0.414374282,0,0.005984928,1
3245.206744,48.34520247,1568.901771,755.8233063,49.86382874,17.26451899,104.4622222,2.729253399,1.333333333,0.013324736,2
3821.793692,56.92472456,2175.545532,903.6654103,42.24643641,22.31431285,96.08736871,0.380091668,1.4,0.012406035,1
3838.10482,72.21971929,2771.868527,755.9516753,24.52073946,24.48626017,78.2635392,-0.802941082,3.2,0.017643047,1
2415.492053,43.51539829,1051.110987,870.858458,54.82988025,16.98402227,68.90660762,2.608597728,0.733333333,0.010846262,2
1449.503514,28.49044326,412.9699762,756.5876886,70.17983406,9.577804899,56.43915228,-0.299722079,0,0.006164563,1
2898.960096,36.18341572,1048.942783,816.6797688,62.85211154,15.40871739,105.1648291,-0.365628986,1.533333333,0.009472323,2
3745.206714,27.06685947,1013.709838,898.1587168,72.55409561,15.58830899,137.4118492,-0.906441052,0.4,0.007647034,2
1852.670289,26.29775012,487.2106032,855.8526155,72.59827222,11.53495471,79.47581743,0.133373778,0,0.007563942,2
6538.079454,9.5289311,623.0090864,1156.418262,90.34862104,16.26761376,270.2924515,-0.909725979,1.866666667,0.006654138,3
3538.722793,17.97974192,636.2532253,876.6865709,81.58797355,13.26357087,93.75120445,-0.255984721,0.133333333,0.007155497,3
576.7696384,43.69984741,252.0474519,763.1896282,53.07226466,7.633546107,63.56737914,-0.170232619,0,0.006335663,2
2461.361617,27.8972656,686.6525877,867.6832412,71.88144205,12.36171005,101.9192784,-0.853170009,0.2,0.005366909,2
3520.404314,19.54727841,688.1432326,845.4489554,79.84375781,12.63877284,103.4791967,1.650414527,0.933333333,0.007781223,2
4851.157394,63.48159681,3079.592178,781.6482633,33.99629775,26.22421753,86.67373131,-0.762403784,3.733333333,0.018171503,1
3231.323002,17.33596325,560.1809682,716.9327167,80.54373812,13.60246008,225.1336913,0.429926625,1,0.018394751,2
1825.976371,27.09353758,494.7215943,733.596381,71.89304279,9.781950904,70.77895054,-0.087243007,0,0.006815416,2
2965.929387,27.19148612,806.4802776,890.5703431,72.33274143,14.19886031,93.41109392,-0.292632127,0.4,0.0074543,3
5481.740335,7.106948932,389.5844862,1039.17715,92.38475189,13.98326663,359.2216959,-1.005004281,1.266666667,0.010356656,1
2628.474868,26.11184087,686.3431748,890.6037986,73.62305702,12.61465559,90.12751569,0.408200211,1,0.006283917,2
1245.369245,26.80290379,333.7951206,726.8811439,70.70204019,9.134520662,51.72588997,-0.216363882,0.133333333,0.007384336,2
808.5775775,44.32507286,358.4026004,730.6834426,50.75393477,10.23566146,41.2372509,0.783552965,0,0.009155759,2
1878.635047,41.57897579,781.1172112,680.57706,54.56070877,12.95983265,83.76610113,5.066771314,0.933333333,0.014668493,2
1550.70772,28.44660982,441.1237746,748.6865197,69.87617676,9.651829635,58.4905399,0.502593247,0,0.007128347,1
4338.243635,41.61293269,1805.270404,972.9805877,57.95781866,21.43731108,148.6814952,-0.876735768,3.733333333,0.01109791,3
3410.841242,31.9519277,1089.829528,828.3580033,67.14531708,15.29005613,134.7399983,0.778872372,1.8,0.01068172,2
1719.852395,23.32682216,401.1869096,718.511425,75.07079096,9.77569986,63.24525021,-0.205736941,0,0.007682841,2
1137.668839,63.67812802,724.4462199,785.9409813,34.89805977,11.01297521,43.52305915,0.081452521,0,0.006606123,2
1159.180092,37.8712575,438.9960776,805.0874661,60.07174432,10.06049966,48.78511011,-0.268355912,0,0.007038969,3
1227.597933,49.07678852,602.4656413,818.5416089,49.21555743,11.41252447,67.4264642,1.161419999,0.2,0.007497552,3
3067.03718,52.38051072,1606.529739,912.7160851,46.5976076,20.81151048,84.2392056,0.207810134,1.533333333,0.012463303,1
2910.314024,28.37569504,825.8218319,811.2912777,70.94557577,13.29606659,103.6060767,-0.210277516,0,0.007747767,1
3646.377458,30.18607595,1100.698269,884.2557553,69.455816,16.05500418,93.85657082,-0.561863264,0.2,0.008654867,2
1773.656429,37.42161878,663.7309473,806.3799299,59.16504453,14.38826759,57.61338591,0.015731059,0.066666667,0.011274538,1
875.0428685,28.25330251,247.2285087,780.8943997,68.08013931,9.051572684,44.79993325,0.277525592,0,0.007364349,1
2070.783918,26.09931329,540.4603824,828.3015197,72.73981005,11.97033858,67.46211563,0.579655477,0,0.00760078,2
1430.841302,34.38051698,491.9306369,738.2971174,64.00997623,9.704419117,50.90637404,-0.557064151,0,0.006843702,1
1553.589798,27.43544,426.234197,667.3125847,70.02692381,9.654629302,49.65438499,3.953551493,0.2,0.00869039,2
3481.033719,67.28240725,2342.123283,726.9136165,28.77887966,22.46859258,70.16363518,-0.088919636,2.4,0.017382517,2
2001.301534,44.71376695,894.8573039,739.9138364,52.15073071,14.1387643,84.74815629,6.741975494,0.866666667,0.012622048,2
2063.733278,41.27591887,851.8248735,701.3194518,47.77358036,17.93925326,71.9663633,1.73245493,2.2,0.018756146,2
3220.876829,18.69162128,602.0340986,883.4593833,80.81434788,12.94854221,98.38600802,0.195192417,0,0.007043185,2
3287.021135,30.19895551,992.64605,835.7900096,69.40157934,14.60711471,111.756813,-0.804816118,0.133333333,0.007978853,1
3500.835281,71.71100212,2510.484062,723.9811879,24.49314524,22.861874,72.75749068,-0.608383792,1.666666667,0.016946465,2
2733.279525,23.34851579,638.1802014,770.2279069,76.02476538,11.45584462,111.2014851,7.760151155,0.333333333,0.006653301,2
6381.79156,12.68914605,809.7948515,964.2518819,87.21177857,16.2822578,178.5349379,-0.729423565,1,0.006415856,3
3409.843824,9.46461267,322.7285106,766.3107782,89.92978442,10.01753629,376.698501,2.573809956,0.4,0.007099178,2
3731.629691,29.4302496,1098.227932,1105.738832,70.55702394,17.6387237,93.36991098,-0.18148161,1.066666667,0.006551995,1
5040.757523,9.640941286,485.9764731,842.1399824,89.6703236,14.86692845,270.1921508,2.743208198,1.2,0.011111498,2
1337.256654,43.08744415,576.1897138,573.6489925,54.00099534,8.809572592,52.45672505,1.985402776,0.133333333,0.008733719,3
1655.762595,27.00212453,447.0910778,743.020307,71.30976241,10.16486681,76.86615114,2.371387857,0.133333333,0.007885547,1
1100.915328,39.43031141,434.0943421,740.9321621,56.34734191,10.85282858,45.5817153,0.074971467,0,0.009312096,2
1591.473582,34.92877961,555.8822999,934.2184031,64.57433065,12.02165748,63.73007303,-0.081596955,0,0.006414662,2
2501.579825,23.93354232,598.716666,885.0837464,75.90404377,11.92854892,63.92886996,-0.240524659,0,0.004567825,2
887.9103472,48.63929831,431.8733625,788.2688495,48.50488729,10.99935319,48.49212823,0.142480636,0.2,0.008368699,1
8109.22501,4.007800478,325.0015588,1125.665139,95.95788637,14.90089221,263.1669122,-0.288699543,0.8,0.004408328,3
3341.465511,53.92473227,1801.876331,815.3900564,44.36199293,20.72842107,67.80318925,-0.393168634,0.666666667,0.013485131,2
1988.718077,24.07372959,478.7586122,849.8318077,74.83415645,11.5849212,79.93351555,-0.06466869,0,0.007529736,2
1579.217927,28.1754958,444.9524808,744.3793472,70.54582711,9.546583194,58.30828015,-0.382576073,0,0.006376425,1
1416.406638,45.15852011,639.6282765,787.8111272,52.43296201,13.4043438,59.92916991,-0.123699805,0,0.010140878,2
5366.927901,22.38410357,1201.3387,843.7414117,74.17900076,20.76529344,228.4275098,0.146669513,4.333333333,0.0175143,3
3866.072964,30.14411467,1165.393467,1083.745449,69.83792983,17.61895127,90.61281242,-0.308173628,0.466666667,0.006613897,1
3709.442853,49.47547079,1835.264315,933.9629393,49.80426601,21.83894613,98.90265905,-0.367868616,1.933333333,0.012225538,1
8356.298728,9.658919747,807.128188,1059.495131,90.18701053,18.33691993,324.3891811,-0.907493619,2.2,0.009076353,3
2880.174092,25.19790545,725.7435446,901.8365767,74.58133127,12.9395366,88.22299771,0.245166648,1,0.006324584,2
4361.407572,36.65478044,1598.66437,1036.674002,63.23178939,20.02561777,133.0420167,0.479524717,1.133333333,0.008565985,3
1654.016208,22.17376716,366.7577027,889.4352719,77.22242835,10.02593169,66.84278013,0.237713129,0,0.005399784,2
1457.098824,23.19811163,338.0194117,665.2138917,74.12020189,9.220787762,47.54545438,4.819677399,0.2,0.008648994,2
4209.981082,32.9346178,1386.541179,717.1655287,63.55175319,18.55915867,129.7711416,-0.966718967,2.466666667,0.017602947,2
5888.051282,13.5153994,795.7936475,1018.684615,86.21017553,16.43112844,221.2381172,-0.787973078,1.866666667,0.008015186,3
5194.209716,50.00650711,2597.442851,1026.186633,49.93738359,24.15196766,104.2717711,0.249548547,3.466666667,0.009662752,2
2840.100644,21.08714439,598.8961234,931.2118165,78.68372189,13.21752102,88.95182983,-0.193725183,0.4,0.005290027,3
5910.203982,12.47845683,737.5022524,704.5239149,85.27198645,15.20692683,168.6946309,2.233512386,1.8,0.014178103,2
2059.027322,48.88224555,1006.498792,782.7793798,49.78883765,13.03887663,65.0838639,-0.21019175,0.4,0.007947569,2
897.6669376,49.25224067,442.1210805,788.9900576,47.88778074,11.01530555,47.82680427,0.283547797,0.2,0.008409752,1
1972.955784,58.49327731,1154.046498,840.618965,40.90985512,14.38661131,61.07594399,-0.070193223,0.133333333,0.007619217,1
2039.031495,40.50379901,825.8852187,798.3497332,57.95794955,14.66760099,75.88107641,0.592251991,0.866666667,0.010450567,1
1992.526691,28.47530477,567.378048,769.5773664,69.94818419,11.34945644,56.62338956,0.539216264,0.2,0.007919893,2
6418.072055,6.244950164,400.8054013,1151.199287,93.11706663,16.55432069,389.2531973,-0.611092292,1.666666667,0.014189417,3
2526.552887,30.11639889,760.9067456,820.5459323,65.97865744,16.87090702,107.690984,0.472325431,1.666666667,0.014239226,2
4567.976735,42.56102136,1944.177554,1145.949595,57.41594436,22.68611097,152.2627366,1.04257505,3.133333333,0.008092257,1
5764.559285,13.7556074,792.9501436,944.7758756,85.50428937,16.40451343,304.2270157,-1.017989175,1.533333333,0.012950706,1
2373.801109,25.87183508,614.1459081,799.1770386,73.45316254,11.90269469,99.21118798,0.315679101,0,0.00713024,1
2136.715013,26.12811753,558.2834099,834.319297,72.86668343,11.8774038,75.11097732,0.055550332,0,0.007668434,2
5119.617685,24.05118025,1231.328478,841.0263964,73.8535009,19.58019308,230.0200905,0.113743778,3.666666667,0.015444989,3
1613.017932,17.02219204,274.57101,633.979796,81.76526724,6.768642277,169.1809628,5.166365545,0.266666667,0.006629947,2
1667.96756,55.10609021,919.1517084,800.2841743,43.84124538,12.56738293,53.47646465,-0.234783459,0,0.007091348,1
2909.631905,35.3507181,1028.575773,752.7245189,63.67964592,13.33992853,83.64211012,0.617335529,0.4,0.008100623,2
1389.457097,27.89030093,387.5237655,771.3999025,69.86796453,10.28276367,51.95091113,1.646557851,0.066666667,0.0077802,1
3257.123184,34.5103054,1124.043158,811.9917106,61.81964817,18.69825884,127.4455401,-0.726394034,2.333333333,0.015879036,2
6123.271399,12.39692138,759.097141,840.0368533,86.40502,16.42941689,292.797862,-1.238246194,2.2,0.015078537,1
3539.584802,69.79812934,2470.563978,723.1999821,26.31606886,22.67584158,72.81574339,-0.620889099,1.666666667,0.016814871,2
7081.876446,11.83155519,837.8961204,1000.212183,87.8291763,17.84305512,319.1903284,-0.661674921,2.266666667,0.009152763,3
3964.151407,41.5979523,1649.005811,983.0865235,58.07002257,21.58534172,107.5271231,0.520099051,1.333333333,0.011371841,1
1939.381481,66.04852296,1280.932823,809.5773723,31.14749607,19.22181165,60.06811506,-0.1577277,0,0.013822654,2
2436.088342,20.81032424,506.9578827,939.4013865,79.04934019,11.50187081,71.17276307,-0.208850734,0.2,0.005065604,3
2169.0445,41.30299783,895.8804027,697.9622712,47.4423846,18.84046127,74.32021632,1.29012862,2.466666667,0.020178471,2
804.1178914,34.90942938,280.7129674,731.918301,59.70542434,9.67580179,41.94068678,0.034648734,0,0.008700311,2
4746.168274,35.4139834,1680.807245,1033.848643,64.48988183,21.16458788,118.4853388,-0.209827806,2.333333333,0.008683754,1
2485.404866,11.70455499,290.9055793,689.0859689,87.45022502,8.505781391,228.6493526,0.587956439,0.266666667,0.007147108,2
4020.723304,40.03363863,1609.641838,980.718695,59.77383327,20.43460022,95.91765858,0.418187583,1.2,0.009877097,1
2059.549622,19.57349566,403.1258558,741.2911481,79.20054311,10.0230883,87.74197525,1.476376464,0.266666667,0.007395844,1
2679.625501,42.50313508,1138.924846,795.8705392,55.73055218,16.41052212,77.23199974,0.684490037,1.466666667,0.011352634,2
1864.403955,29.37021137,547.5793825,954.7549933,70.49593976,11.95634211,55.29042954,0.588736873,0.2,0.005587019,2
2536.1352,23.45122532,594.75478,837.02515,75.25810457,12.82362707,64.0761032,-0.207460235,0.266666667,0.008243126,3
3761.056315,46.92050458,1764.706601,975.8443463,52.60677314,22.4888885,92.95061038,-0.119678444,2.066666667,0.01233279,1
9717.166297,8.459919043,822.064402,837.7507103,90.72715869,17.95923297,270.9789186,-0.471517521,2.133333333,0.014649593,1
2261.691658,30.47915179,689.3444333,867.6195455,69.15984438,12.06959815,65.07034342,-0.643148403,0,0.005465751,2
2199.554646,71.69777139,1577.031662,818.4589221,26.58205505,20.62154811,55.85503456,-0.066866054,0.533333333,0.013952937,2
4876.187667,34.83170124,1698.45912,903.7809907,64.79700039,18.51983257,121.0714594,0.187695296,2.666666667,0.009221221,3
3028.100322,37.41459621,1132.951508,939.8439882,62.12946759,18.46940408,134.2244062,3.382268977,1.4,0.010217865,2
4043.322282,48.63413261,1966.43472,1007.316486,51.13562486,23.26307739,91.17108006,0.354049624,2.333333333,0.011886903,1
1253.060474,18.74290489,234.8599327,835.9478998,79.74860091,8.529003296,52.57700781,0.981879747,0,0.005828891,2
2267.244848,23.19877884,525.9731182,906.1265927,76.47087078,11.67880872,79.03757228,0.158132421,0,0.005796543,2
4007.529454,43.19425606,1731.022534,996.1082031,56.57404503,21.93212789,89.59145945,0.066543268,1.333333333,0.011083667,1
1515.477169,34.64385998,525.0197885,959.4593231,65.18439751,12.16023847,54.94789311,0.436079765,0.2,0.005847914,2
2526.742621,31.28960983,790.6079075,864.4020017,68.50207947,12.89716621,90.87372601,-0.540804775,0.2,0.005520512,2
9344.646736,5.317014141,496.8561883,1189.966193,94.67353483,17.97201423,228.602137,-1.062116368,2.466666667,0.00495816,3
1546.17439,27.0951871,418.9388438,737.8769155,71.7256783,9.201008412,59.15701427,0.36081304,0,0.006287271,2
441.9301699,48.68160054,215.13868,781.3112276,47.60786625,7.396220053,47.17899052,0.788904101,0,0.005793451,2
1970.569179,25.36138863,499.7637078,749.4538692,73.58740602,10.29329258,82.81294804,-0.437471548,0,0.007217003,2
607.7647427,39.63184129,240.8683583,725.4113235,54.31918567,8.852748469,37.45836269,0.394560648,0,0.007691766,2
8959.836493,8.952710597,802.1482312,885.6709096,90.81660369,17.19324294,228.8457268,2.383024803,2.133333333,0.008979494,2
2758.641865,16.89348709,466.0308072,725.6624132,82.30761041,10.17265372,125.4049508,7.266204628,0.333333333,0.006915367,2
2362.367778,23.86337546,563.7406924,885.6210369,75.53144063,13.63113744,76.46207828,-0.153991749,0.133333333,0.007718674,3
1213.432321,18.45905008,223.9880799,845.1522835,79.9825132,8.849999467,56.37222709,0.956158973,0,0.005912853,2
3447.133515,28.37305812,978.0571957,1103.24027,71.61045371,17.54084932,95.10820401,-0.282230279,1.066666667,0.006471125,1
1100.385233,68.03465514,748.6432987,778.1755322,30.45432856,10.86204759,40.93907525,-0.090106088,0,0.00654402,2
1457.286215,29.04915488,423.3293296,769.3400591,69.5991997,9.538499016,55.74151965,-0.142092846,0,0.006095324,1
2672.107647,50.35526767,1345.546958,905.1770281,49.15897769,16.88238771,79.921512,0.174806455,0.266666667,0.008802711,1
3278.664603,55.37484259,1815.555363,709.6861952,41.2654469,19.8559614,77.35123062,1.22222162,1,0.015659412,2
4750.054997,48.18843418,2288.977126,992.109892,51.57445776,22.68102305,123.0203032,-0.606425203,2,0.009727189,2
2415.642933,67.366056,1627.323371,824.7073178,31.41230196,20.6795178,58.2333087,-0.124271362,0.466666667,0.013653121,2
3704.616959,39.91344079,1478.640096,631.7370554,55.04505073,16.5104254,113.4534136,-0.327875424,2.333333333,0.018353504,2
1870.624866,58.40427045,1092.524806,816.0337419,39.62019839,17.67667782,51.69355965,-0.204734523,0.066666667,0.01226019,2
2231.746342,30.90936624,689.8186504,813.6638109,68.23356062,12.57791548,94.69402094,0.433890525,0,0.007551132,1
2230.232515,36.95756095,824.2395411,833.454323,62.39357174,13.97818347,80.8651558,-0.041976695,0,0.007947468,1
5358.959173,37.93569118,2032.958202,1035.565588,61.99617363,22.63855586,123.323603,1.158670173,2.6,0.009439754,1
3607.269542,68.61223506,2475.028257,728.517666,27.75877635,22.90386125,75.55289834,-0.631354474,2.266666667,0.016841514,2
3411.704093,36.93893106,1260.247023,641.9869215,60.42444996,14.7138557,91.29028156,0.869200155,1.666666667,0.014611143,2
1298.850775,34.58856467,449.2538402,744.530775,61.98654887,11.00928587,52.50488788,0.143819861,0.2,0.009029394,2
2079.44078,34.10449157,709.1827054,862.2427736,64.51241145,14.25416623,60.93852117,0.183643473,0.466666667,0.009354985,2
4717.877376,35.70445437,1684.492375,883.6852603,63.84031427,18.10817722,121.4422443,0.187706176,2.533333333,0.009235595,3
1635.311704,24.10314049,394.1614774,731.3134765,74.47535351,9.385573339,78.64278917,-0.41649251,0,0.00692242,2
2009.33216,32.56222741,654.2833075,855.7708786,66.06328082,13.39754157,61.2718509,0.165907647,0.133333333,0.008353741,2
1390.39079,60.47032345,840.7738082,588.2220899,35.89178269,11.15807024,71.53220344,1.695923177,0.333333333,0.009961768,3
4085.68517,52.44339252,2142.671911,881.7405105,46.68357426,21.4842021,99.46928543,-0.043649413,1.333333333,0.012325612,1
1756.760836,62.36910778,1095.676059,817.4821556,35.50355756,18.15325528,52.83300069,0.061824321,0.066666667,0.012654605,2
1631.153718,26.06255421,425.1203221,736.0863849,72.871448,9.212856678,61.52851041,0.589004837,0,0.006220549,2
4583.001463,44.9262389,2058.970186,982.7986631,54.85857096,23.35692229,107.9422645,-0.076031758,2.666666667,0.011674246,1
5287.96586,11.72082703,619.7933318,726.4085227,87.45076547,12.73432058,346.4873578,5.419757419,1.2,0.009701409,2
4066.605028,20.00829853,813.658474,922.4116192,79.9108616,14.22411151,90.12183221,-0.416259324,0,0.004952879,1
2944.603212,48.48293459,1427.630049,805.1763601,50.6135198,14.84600889,79.69847456,3.400370427,0.133333333,0.008562069,2
436.3776883,40.63055099,177.3026592,577.8542345,54.01435625,5.632602996,27.24435665,1.566417823,0,0.006815955,2
3509.404481,66.38752836,2329.806895,723.4556854,29.03893899,22.5018735,78.38696781,-0.515857992,1.8,0.017504443,1
3565.674894,20.40442847,727.5555834,1070.030533,79.55742017,14.67820613,124.6671044,0.948400572,0.466666667,0.005053185,3
2043.368125,38.00392999,776.5601915,790.7318022,60.91130137,12.54139938,66.26744655,0.005111225,0,0.007818629,1
1483.437581,31.28900866,464.1529131,815.1274747,66.86996444,12.15653509,80.15444753,-0.120217539,0.066666667,0.008619204,2
4206.045885,40.2788301,1694.146076,1032.368521,59.66457289,20.44180561,115.910335,1.142968535,0.8,0.008577058,3
6079.175715,11.3707932,691.2504987,972.3755151,88.52187096,15.6422857,184.5172938,-0.89447242,0.8,0.005932916,3
1094.535632,52.66412704,576.4276358,740.7000879,42.49817765,11.97036586,72.0680404,-0.250950427,0.066666667,0.010700893,2
2662.27447,25.7678774,686.0116214,892.2618328,73.97299458,12.48670432,88.11620902,0.560736778,1,0.00628526,2
3737.837973,64.29903362,2403.393695,733.7678054,33.23681898,21.13600922,80.3504362,-0.610559807,0.866666667,0.014779781,1
2867.030372,21.11010643,605.233163,812.3068198,78.3297876,12.33838195,113.976099,2.536207441,0.666666667,0.007512484,1
749.0299959,30.33835808,227.2434023,871.2265201,68.42203161,8.418488308,45.89734858,-0.119000907,0,0.005583475,1
5294.429083,12.73981307,674.5003681,897.0634175,87.0446425,13.71467888,186.8550456,7.385175164,0.933333333,0.006733046,2
5135.832891,36.47265032,1873.174371,1044.216621,63.45817098,22.18446085,108.9655645,-0.13819177,2.466666667,0.008963601,1
1892.951741,41.87963019,792.7611885,830.6757376,56.60752141,14.05848958,78.10986627,1.379505786,0.4,0.009138445,2
2724.226549,40.48236063,1102.831216,865.8883624,58.05051639,17.11791093,74.76837656,1.643312475,0.733333333,0.010827753,2
4339.717708,69.20579308,3003.336058,763.1112347,28.01359805,25.90193806,90.63454541,-0.656405979,4.066666667,0.018564408,1
2476.416981,64.04375311,1585.990377,672.9914524,31.31762649,17.81322645,61.35275375,0.28744723,0.266666667,0.01536911,2
2778.109461,28.30303112,786.2891852,636.3144104,63.35493424,18.25097612,121.6527114,-1.008762602,1.733333333,0.023150485,2
3616.651899,69.18585444,2502.211518,729.2627082,26.66194641,23.83004969,78.21775221,-0.462486035,2.266666667,0.018349367,1
2447.612213,37.63130608,921.0684436,797.8695396,60.93178936,14.18723871,62.7647524,0.1218919,0.6,0.009146469,2
3652.427281,42.90730733,1567.158198,993.066273,56.89537152,20.37150412,100.5418434,0.446138601,0.8,0.009936885,1
3277.079158,66.76204546,2187.845077,719.1689304,29.51888783,21.90175844,72.74799257,-0.1483562,2.266666667,0.016825244,2
7587.518468,14.18201402,1076.062933,952.8617034,85.31965021,19.02542078,167.9297939,1.589166449,2.4,0.010514102,3
1970.930226,63.39850434,1249.540285,834.2596775,35.94464305,14.56535979,58.55371278,-0.395619794,0,0.00764834,1
4335.186826,70.25471363,3045.67309,761.9892224,26.90563228,25.03795744,87.63611721,-0.572031096,3.133333333,0.017746472,1
2105.550998,35.8889585,755.6603239,796.3163807,61.38782148,15.2269931,71.14514944,-0.434499539,0.4,0.01125645,2
3051.311965,19.47376325,594.2052682,803.5819271,79.48619145,12.54926892,87.87906577,0.163051711,0.133333333,0.008005468,2
4402.092527,23.70764209,1043.632341,1077.244602,76.24714304,17.94369493,140.473494,-0.2407805,0.6,0.006496405,3
5065.791119,20.59110735,1043.102487,926.6360617,79.20630352,15.83133752,146.9666781,0.722762077,0.866666667,0.007864149,2
3965.581847,70.76829788,2806.374774,759.4022574,26.73418145,23.16913189,84.87399443,-0.669745999,1.733333333,0.015639618,1
1044.7443,33.46497872,349.6234575,907.8787322,65.83241973,9.518089511,79.19079927,0.553381225,0,0.005504959,3
4649.924996,20.27556537,942.7985824,724.2976265,78.06558315,15.77771755,107.5240492,0.95238582,0.533333333,0.012458776,2
2011.329461,35.3129235,710.2592338,856.3999291,63.23485288,14.26856774,61.89244041,0.291497422,0.466666667,0.0093091,2
5555.890056,41.87339068,2326.439549,1034.879363,58.07511436,23.68730274,111.277735,0.007474345,3.666666667,0.009176665,2
2344.414757,14.13492083,331.3811697,733.2430045,84.75628726,9.358584934,72.69179303,5.257508526,0,0.00714458,2
3783.76832,55.70865018,2107.886257,901.5506121,43.53477923,21.97401856,94.92405427,0.44249971,1.133333333,0.012293899,1
951.126829,39.22577723,373.0868911,784.1104043,56.36084107,11.3703156,50.52971879,0.097028096,0,0.009472237,1
3437.405685,37.82188179,1300.091515,916.2480462,61.56055594,17.96991315,96.72335951,-0.376578978,1,0.009964178,2
1777.26286,60.46494819,1074.621068,817.9588729,38.78079335,13.40501617,56.50872411,-0.517827728,0,0.007147183,1
1079.39883,38.83251029,419.1576618,783.3829454,57.31938831,11.54466451,52.32357765,-0.173106256,0,0.009445121,1
1280.092134,60.40279281,773.2113997,791.8058906,38.26363692,11.69920938,48.88925804,0.002486883,0.133333333,0.006731069,2
1407.574921,23.50770181,330.8885151,726.2477293,74.33437352,9.063444036,61.60864463,-0.063576692,0,0.007334433,2
1698.616346,58.51052633,993.8693643,810.1576876,40.64001534,13.10485124,57.23517945,-0.383554844,0,0.007076715,1
3048.989839,18.4186115,561.5815931,829.728549,80.98873722,11.92107375,121.8086232,-0.776271901,0.533333333,0.007038331,2
2196.501858,59.30029376,1302.532054,808.0052682,38.1319983,19.12868734,62.4058835,-0.209686998,0,0.013687171,2
4754.18034,3.106324064,147.680248,1071.851904,96.71164417,10.94002297,549.3802724,-1.747050345,0.6,0.005392425,2
2703.683506,39.80801609,1076.282765,968.9505743,59.97545559,15.69864902,98.37183306,0.53313056,0.4,0.007387282,2
3151.170513,34.96475835,1101.799155,905.8229268,64.30356516,16.3587333,175.9110269,-1.310182323,0.6,0.008942679,3
2505.728222,14.95900792,374.8320832,726.1371239,83.84325093,9.788419209,72.15471205,6.154909333,0,0.007556241,2
2858.932984,26.47789087,756.9851556,861.9610886,71.66040819,15.3318774,71.08124511,2.495567028,0.733333333,0.010375517,2
2806.893511,65.06575378,1826.32642,678.124654,30.93060654,18.43720872,82.46632747,0.079082543,0.933333333,0.01605918,2
1344.344979,24.89035631,334.6122554,722.5317345,73.09353433,8.830028666,54.56071502,-0.003851092,0,0.006997896,2
1957.051136,22.94002153,448.947952,1058.077676,77.02612896,11.3568591,84.37102555,0.804002779,0,0.004124208,3
1428.773142,28.55489782,407.9847107,756.8483771,70.14118932,9.547796916,56.62902803,-0.319830256,0,0.006155722,1
1408.10735,58.88172611,829.1179134,787.1846459,40.12052214,11.77685069,49.10547103,-0.171442983,0.133333333,0.006574324,2
2544.194413,20.37427194,518.3610885,898.6255197,79.34997657,11.68050779,75.69039235,1.892305673,0.133333333,0.005434259,2
2193.541286,15.0766022,330.7114938,827.7145911,84.06544109,9.759437356,75.27559534,2.033390212,0,0.006077167,2
3880.160772,70.10608019,2720.228622,760.8587515,26.80566237,23.54051608,84.14829237,-0.780959879,2.2,0.016611075,1
4505.105836,30.77828128,1386.594146,690.7659354,66.07221041,18.59541214,166.9063523,-0.320115643,1.866666667,0.02028281,1
6050.097703,10.24276754,619.6974439,1165.001541,89.72975626,16.12146907,273.1013715,0.144749923,1.466666667,0.005385427,3
1004.327441,40.67005302,408.4605027,752.2227066,56.03252426,9.910063962,64.78916595,-0.61697308,0,0.00770293,2
5559.757983,10.39742318,578.0715654,1188.435385,89.54131045,15.0504559,291.300427,-0.724821933,1.533333333,0.00546311,1
1942.362342,24.86403136,482.9495818,850.9402005,74.05561195,11.49449845,80.19453897,-0.056410055,0,0.007530709,2
4360.459387,31.48986889,1373.102944,889.5362403,67.66155663,17.85778968,109.4375319,1.233533046,2.133333333,0.010613027,3
2618.105738,28.47508278,745.5077761,856.1044654,69.39638574,14.95651146,68.38903287,3.186424493,0.733333333,0.010360745,2
5207.64553,45.39785405,2364.159317,1032.082523,54.54548404,23.63523187,107.8180826,0.16881891,3.4,0.009271059,2
7136.187456,5.757874105,410.8926896,989.4513129,93.48349496,16.35182732,396.4733801,-0.709839268,1.733333333,0.012529398,1
2518.540197,18.53943813,466.9232014,831.8889486,80.84912446,10.90127744,123.443417,-0.886347418,0,0.006626781,2
3533.389868,65.53211739,2315.505196,726.1248424,29.79454917,22.99749328,78.62714893,-0.551101389,1.666666667,0.01809888,1
1238.297165,41.20631373,510.2566149,782.1931689,55.12802368,12.90380931,55.36416751,0.417757162,0,0.009883851,2
1427.482185,39.04395,557.3454305,780.6492905,56.80766245,13.24303273,54.10354196,0.7095773,0.4,0.010768939,2
4266.539742,23.14186558,987.3568923,1015.697114,76.67042505,18.57207954,150.2044713,0.09934522,1.666666667,0.008929998,2
949.0697828,39.8486107,378.191123,775.0450804,57.00957713,11.00823039,52.18063752,-0.012695941,0.066666667,0.008768712,2
751.1857916,38.09815185,286.1879036,824.9314527,59.02305529,8.795097647,49.13517577,-0.836286109,0,0.006562945,3
3337.414136,43.55537862,1453.623363,986.1295142,56.17791066,19.87173939,98.87086976,0.245044745,0.933333333,0.010146681,1
4145.085848,45.74777885,1896.284707,953.1987272,53.86408047,19.99641477,128.5440308,-0.620701572,1.6,0.009328516,2
5265.237154,21.39430524,1126.460909,699.8058903,75.96456352,17.01651258,168.2836026,-0.208860288,2.6,0.016288214,2
2044.000224,25.7370954,526.0662876,746.9285208,73.18433391,10.59028276,87.79601456,-0.507230449,0,0.007523755,2
3450.500375,18.62911166,642.7975679,876.1775392,80.91288617,13.2869851,93.87809864,-0.276722093,0.133333333,0.007128129,3
2517.239777,20.30810207,511.2036233,954.5552458,79.5951383,11.64091569,65.24186988,-0.132099963,0.2,0.004816758,3
2358.233762,27.32901436,644.4820435,759.7795026,67.7774924,15.19977686,124.5315983,-0.16009828,1.2,0.015289302,3
4112.024515,35.03308826,1440.569178,1022.142979,64.83115687,19.04003006,153.7296801,-1.089478224,1.6,0.00754397,2
4650.671262,36.33418183,1689.783353,894.7763033,63.2190154,18.04293172,113.0155758,0.500463951,2.533333333,0.00913632,3
1093.16929,55.94411914,611.5639302,751.4122086,35.45265286,14.74941456,43.19203043,-0.20176138,0.066666667,0.01372125,1
1963.844547,26.27381575,515.9768979,829.0692235,72.53986248,11.85849853,66.57355401,0.666179216,0,0.007512827,2
2637.720066,24.57999723,648.3515193,930.5097158,75.33572327,12.56672457,81.7158886,-0.393652977,0,0.004735699,1
7913.092176,9.248268893,731.8240421,1059.75612,90.61375241,18.20721542,324.333476,-0.904748824,2,0.008695428,3
1913.304061,34.22029229,654.7382423,858.6270213,64.51318718,13.66025166,60.93698713,0.216800698,0.4,0.008469598,2
1583.9984,27.66775971,438.2568711,770.6166483,71.37360383,9.564916939,56.8540859,-0.428474377,0,0.005857174,1
931.6918575,30.20018689,281.3726822,820.8264427,67.64290932,8.55208477,51.25948146,-0.560567053,0,0.006328821,3
9387.614675,5.616616341,527.2662999,1133.748317,94.28308796,18.02859475,289.6177207,-0.709311827,2.266666667,0.007335409,2
3438.547712,28.32391877,973.9314607,1095.498166,71.65857148,17.28265617,105.2051205,0.180000689,0.8,0.006397928,1
1200.828596,24.76651164,297.403354,719.7768272,72.91129092,8.724657073,52.05027297,-0.271951627,0,0.007106546,2
2953.86964,27.04776596,798.9557469,901.3640656,72.32044368,14.23502816,112.4857172,-0.667156272,0.333333333,0.007578951,3
2115.939883,25.38179552,537.0635345,832.4192084,72.19800908,14.25899757,85.60315494,2.004414155,0.666666667,0.011056047,3
1476.114736,43.20600906,637.7702665,844.9031237,53.34499912,13.9780643,61.964185,-0.09275645,0,0.010093941,3
4563.263977,36.17044183,1650.552742,1037.57191,63.74094149,21.04396817,116.5527754,-0.171961345,2.333333333,0.008485095,1
3446.894765,27.78528588,957.7295643,890.5335721,71.92969781,15.39290718,105.2538764,1.204938692,1.2,0.007918503,3
3769.609975,18.52045413,698.1488862,812.188455,80.85139883,13.53375194,126.0754626,0.446693508,1.2,0.008214591,2
2061.794831,30.19694491,622.5990491,952.7009211,69.62798963,12.52948111,75.9349638,0.076547944,0,0.005777238,2
1772.588592,39.27410254,696.1682612,834.2793306,57.9588465,14.27899408,74.82190961,0.528907475,0,0.010345242,3
3937.259626,21.08069341,830.0016305,1024.286855,78.85375541,15.51594404,135.0605802,-0.875400738,1,0.00564858,3
5009.954019,5.58818737,279.9656177,1258.146562,94.33789423,15.04419373,297.669643,-0.656756118,1.266666667,0.005621194,2
6253.006844,13.8673896,867.1288208,998.3320088,86.00457178,16.25679029,202.7853254,2.318792974,1.133333333,0.009659403,3
990.1966885,36.51107292,361.5314351,823.4061073,61.71022343,9.362903701,51.5075455,-0.537070978,0,0.006504367,3
2247.213757,24.14934362,542.6873721,867.6594371,74.72276972,12.9028861,74.99847102,-0.137404,0.066666667,0.007946074,3
5043.827458,15.0487905,759.0350276,900.6888982,84.74802871,14.85050154,98.27839827,0.031983713,0.333333333,0.007187828,3
1954.653337,36.27648204,709.0794666,968.2374626,63.50382849,13.83595608,74.85521025,0.529437966,0.866666667,0.006762354,1
3602.927496,19.32831458,696.3851607,734.377027,78.71437159,15.28992423,122.6634499,5.715966804,0.933333333,0.015373434,2
2147.568296,54.80525719,1176.980328,701.6356497,39.52876163,16.72308542,69.81465277,3.123490983,1.466666667,0.014859499,2
1812.831211,39.23554405,711.2741884,794.3398299,59.05611212,13.91015066,65.07023513,0.043071427,0.133333333,0.009842855,2
4309.380811,27.99241159,1206.299614,947.7448899,71.90267955,17.01615005,123.2663272,-0.672991149,1.066666667,0.006897972,2
2110.685895,29.64045827,625.6169719,729.0691191,69.47615035,10.29672712,77.44220941,-0.65064957,0,0.006378055,2
9812.587054,7.736624615,759.1630254,837.8010535,91.37910241,18.14129829,271.0942113,-0.474566511,2.133333333,0.014730601,1
1663.341335,28.05684709,466.6811349,749.5736631,70.60942559,9.96360723,72.67041568,-0.1864652,0,0.007108791,2
764.1682168,34.4514945,263.2673711,758.398087,60.80099409,9.484413079,40.36010201,0.38714007,0,0.008043976,1
1638.662766,26.6156286,436.1403959,769.9800135,72.4689907,9.610308037,56.95085433,-0.43398345,0,0.005883184,1
748.5957094,37.30657202,279.2753974,873.5022784,60.72352785,8.853509827,51.1059872,0.231211531,0,0.006022378,1
3568.985279,68.77888339,2454.708223,728.5726349,27.54925064,22.92556328,79.62877896,-0.637974394,2,0.017465012,1
2500.473468,56.1538708,1404.112641,808.3759373,41.81355513,18.851332,70.06564457,-0.216128451,0.4,0.012862299,2
699.7446042,41.01842843,287.0242397,728.8186823,52.72677656,9.985491204,38.34262111,0.326152058,0,0.009480156,2
2828.119236,23.01940224,651.0161427,845.596774,75.10907584,13.63065969,194.2356294,-0.104322142,1.266666667,0.012516942,1
3268.925554,33.50788292,1095.347748,948.2043378,66.28278981,15.90719654,121.3721002,-0.302027901,0.4,0.0074833,2
588.2567991,45.58991843,268.1857949,705.5176761,46.47180397,9.338371659,32.33238781,0.789555553,0,0.009229618,2
2656.9643,25.68302746,682.3888709,781.6551347,72.97453766,12.55609869,70.04252445,0.101910995,0.133333333,0.008351723,2
3547.506388,67.55135632,2396.388681,723.308224,28.59218085,22.45206624,71.03661701,-0.12469081,2.4,0.017374474,2
1507.498113,58.31661074,879.1218065,789.9303856,40.58630518,11.99108033,52.25623215,-0.251564593,0.133333333,0.006680455,2
2820.515298,65.0533277,1834.83906,668.9164616,30.55750591,18.91304686,78.76257018,0.632532403,1.066666667,0.016936323,2
5626.517885,19.2535886,1083.306606,1007.524246,80.51839816,19.07769895,160.0306396,-0.014207748,1.866666667,0.00945435,2
751.7165349,43.7463443,328.8485035,729.5662526,50.48096375,10.19700456,39.57333178,1.037828991,0,0.009506215,2
1357.361428,29.40532527,399.1365431,765.9045318,68.50964105,10.11703387,51.72863289,1.79070871,0.066666667,0.007558909,1
3552.221263,25.39662449,902.1442952,853.6459457,73.90331384,14.76981002,134.7704764,-0.23055367,0.466666667,0.008185952,2
5040.965538,15.61192407,786.991712,1147.520828,84.38272614,17.57019619,109.9894234,-0.686863948,0.266666667,0.005057037,3
9686.292444,5.509615661,533.6774855,1100.522782,94.39274687,17.72661502,295.5980494,-0.932595085,2.2,0.007637706,2
3390.036466,22.80905051,773.23513,774.6789624,75.57564631,14.37246534,149.0108241,0.588001206,0.666666667,0.010854393,2
3002.58044,37.16901629,1116.029613,924.0051479,62.45750434,16.77376498,91.11009122,1.553120003,1.533333333,0.009008044,3
1846.847087,24.20457654,447.0215167,753.2962956,74.88339398,9.542140696,86.85115005,-0.93269472,0,0.006432378,2
1463.389349,58.9459625,862.6089369,790.4429535,40.0448163,11.9435391,50.37471104,-0.22274764,0.133333333,0.006660095,2
1100.51078,43.43863966,478.0469122,734.5534744,53.16324646,10.665709,63.67663366,-0.454331498,0,0.008655427,2
5339.664587,39.48002056,2108.100677,1060.840772,60.46754302,22.94280839,139.4579747,0.432442484,3,0.008949964,1
3740.165452,23.51810357,879.6159847,905.14396,76.32184027,14.70602769,114.8359957,0.384507903,0.8,0.005999973,2
2634.239629,34.25988056,902.4873504,796.3687925,64.97871611,13.20098045,67.08289597,0.492071548,0,0.007861532,2
3138.015018,31.33303742,983.2354198,813.9172785,67.99023856,14.63207053,86.79260181,-0.461279122,0.8,0.00824249,1
5573.169018,23.09224701,1286.969956,580.6978367,70.65361669,19.7818207,142.4934511,1.374864332,2.733333333,0.02501284,2
5225.260679,13.94647473,728.73966,628.0302945,81.65471905,16.91978989,194.0037873,0.514908932,1.4,0.02372457,1
2893.009241,21.77957382,630.0850833,848.8174673,76.22211961,13.62786463,196.7919232,-0.234369505,1.266666667,0.012513113,1
3525.144919,42.17502726,1486.73083,860.8377706,55.88055466,20.30374848,162.4900092,-1.113519627,2.533333333,0.014135582,3
1187.766188,28.02840947,332.9119707,767.1656123,70.33351984,8.911611757,51.09787219,0.654212238,0.066666667,0.006145195,1
3151.282495,26.28642798,828.3596034,1004.637791,73.48203619,15.12142112,98.89261761,1.638013635,0.4,0.007113053,3
3546.37019,53.69267852,1904.141145,810.2645695,45.76394347,16.96258606,111.1290873,0.237282711,0.6,0.008818544,1
944.5552838,46.02546781,434.7359881,889.4433805,52.74099381,10.3239078,73.03161922,0.504129382,0,0.006289173,3
1571.564379,58.88973518,925.490101,635.7849255,37.15597925,12.55332884,59.20741084,0.922974451,0.533333333,0.010922256,1
5173.785107,50.61388537,2618.653663,1019.347734,49.31086348,24.16527095,102.3308564,-0.11454704,3.2,0.009921887,2
2497.386456,60.95757722,1522.346278,808.0550112,36.83038221,20.11941073,74.23091496,-0.127399694,0.733333333,0.013815097,2
6776.582796,17.9367722,1215.500219,591.3171073,77.7491592,19.03465697,152.2908406,0.886908875,2.466666667,0.023573571,2
2440.628454,28.62845243,698.7141561,806.5228721,69.28414605,13.59803382,145.0240936,1.080025393,1.266666667,0.012577325,1
3449.450208,37.53701329,1294.820583,934.977872,61.94085605,17.34733474,176.6508662,-1.401881483,0.6,0.008942778,3
1347.978572,62.2913697,839.674316,589.0881618,33.804615,11.14758259,72.71912814,1.606440748,0.333333333,0.009971611,3
2246.607924,70.77410402,1590.016629,818.8960599,27.50630751,20.7311109,57.40507876,-0.094931371,0.533333333,0.013915482,2
6463.384157,16.54436015,1069.325553,1004.54483,83.39067169,17.72684767,181.8373329,-0.440441763,1.8,0.006849912,3
1552.889705,39.99789142,621.1231381,803.3701207,56.48065802,13.97534218,50.65096736,0.322076817,0,0.010747481,1
3360.144953,55.74368467,1873.068607,710.773113,40.60749225,20.31110116,79.24639448,0.90871864,1.2,0.016131535,2
2221.41185,29.75932938,661.0772695,868.877418,69.93053996,12.07050496,64.88521868,-0.667834586,0,0.005445248,2
3967.718014,22.86252575,907.1205525,767.9358303,76.13807297,13.804707,169.0081931,3.500346481,0.133333333,0.009266569,3
2605.413251,30.3172965,789.8908606,806.9185721,68.61675789,13.75997905,107.8635423,0.23075084,0.4,0.008910771,1
2585.283456,46.80968756,1210.163108,817.3849985,52.4644252,14.97686231,75.89107377,3.006594855,0.066666667,0.008040775,2
4901.566235,16.02705494,785.5767134,827.2377754,83.22538085,15.13738892,117.0635413,5.589043799,1.266666667,0.010365205,3
3550.919509,35.026678,1243.769143,711.3813249,61.50390526,16.78159379,174.2941932,-0.510338374,2.866666667,0.016441137,2
1180.198507,31.38731113,370.4325773,816.9179013,66.8717648,9.778995549,52.03813814,-0.362794199,0,0.006925981,3
2325.162213,71.73925943,1668.054152,820.9452437,26.57387263,21.02373994,58.10785924,-0.161373548,0.466666667,0.014067613,2
1574.222228,27.57322534,434.0638422,770.0554294,71.50314082,9.632587825,56.63365858,-0.40777737,0,0.005991997,1
3085.91959,33.22121724,1025.180051,916.0871616,66.324718,17.21805118,100.4202623,-0.354849322,1,0.009569789,2
5525.326432,2.400313414,132.6251515,1320.549723,97.52496991,12.74714162,532.0789332,-1.617944788,1,0.004929573,2
1665.145289,41.83768182,696.6581879,835.3931865,54.86187456,14.60060705,74.9196863,0.417110547,0,0.01063246,3
2476.216814,39.23763797,971.6089888,803.2278562,59.26710735,14.2976943,64.39176582,0.107934325,0.6,0.009050419,2
3022.747215,22.26327031,672.9623833,866.9726303,77.46471437,12.38207069,98.49262777,0.945345918,0.133333333,0.00579918,2
805.5627055,37.69204594,303.633065,762.3394576,57.82554277,9.831512782,39.06552946,-0.094115051,0,0.008128358,1
1398.044534,27.41629253,383.2919791,727.8563209,70.46044384,9.283944624,60.47061286,0.021877885,0,0.007283501,2
3068.249088,22.33328202,685.2407219,770.0021216,77.10806916,12.14338754,106.8838435,-0.762432046,0.066666667,0.007313776,1
5820.981965,9.946758066,578.9989932,1136.29036,89.99214856,15.36704478,316.6930594,-1.0806978,1.8,0.005615678,1
1043.110633,63.2940124,660.2265733,783.5465866,35.220818,10.93148284,43.60520405,0.006533338,0,0.006636663,2
3900.998296,30.34022111,1183.571508,1067.659638,69.63480781,17.778085,89.86439676,-0.2618588,0.733333333,0.006545271,1
2438.544635,36.06317378,879.4165893,988.2450299,63.73555328,15.20393783,99.70976856,1.867620703,0.533333333,0.00729506,3
1320.104923,57.50747712,759.1590365,781.1272138,41.49252114,11.58422337,50.12402553,-0.281796027,0.133333333,0.00651012,2
818.379693,45.04771701,368.6613682,724.5335892,50.03965096,9.927676542,38.24906424,0.628114016,0,0.008670382,2
4951.796296,5.38925486,266.8649225,1174.901951,94.59171198,12.59196067,303.1224928,-0.911852113,0.733333333,0.003507848,1
1940.099033,39.76925078,771.5628498,697.6067877,48.02292586,18.33461944,73.74569377,1.321517538,2.2,0.01962319,2
1135.103871,48.56306514,551.2412322,741.4774281,46.51865802,12.28286421,72.87578577,-0.295857841,0.066666667,0.011195609,2
5180.781306,14.81705009,767.6389612,624.9942377,80.78921566,16.92567502,195.8039109,0.473447757,1.533333333,0.023806841,1
2009.587443,33.9643622,682.5435577,889.2064059,65.56765019,12.22497443,145.4304488,0.810931418,0.2,0.006203028,2
1771.465903,21.21118943,375.7489883,907.6514455,78.41700572,9.890533118,73.67177778,2.302308028,0,0.00472582,2
3051.011093,39.37163425,1201.232928,952.9506468,60.38694176,16.18401522,169.0282029,-1.064318497,0.666666667,0.007357409,2
2011.601977,33.29423977,669.7475854,765.4969654,65.64915264,12.31285892,74.99226108,0.037612526,0.333333333,0.007864088,1
5168.448866,23.91659021,1236.116736,585.3078105,69.96087766,19.71353881,142.8334886,1.18319833,2.733333333,0.025025601,2
9104.957193,3.4464895,313.8013936,1170.61165,96.53209863,15.76501314,279.5473289,-0.066443126,1.133333333,0.004415399,3
2637.402094,49.62202384,1308.732296,835.3159793,48.5887592,19.36646165,69.58908777,0.389263857,0.733333333,0.013138364,1
4298.416708,15.09222881,648.7268848,949.3228787,83.96331597,15.88196769,321.6950146,0.466867333,0.733333333,0.010053368,2
1838.581197,55.37614514,1018.135392,808.5977512,43.73328355,13.43192054,60.88623357,-0.239708568,0,0.007359902,1
3125.629821,33.99841645,1062.664643,784.3716446,64.89768827,14.44006498,84.468613,-0.387776871,0.8,0.009052454,1
7669.888205,14.73212106,1129.937215,940.4879132,84.76059588,19.20741943,170.5761896,1.602769495,2.466666667,0.010590634,3
5429.391621,16.94647186,920.0903235,918.5690798,82.93031134,15.6721464,148.639898,0.413499904,1,0.006947075,2
1152.091652,43.59188591,502.2184786,930.5758771,55.88899814,10.88745358,73.85733884,-0.169475302,0.2,0.005950045,3
3407.647252,67.21159923,2290.334214,723.3363414,29.23205975,21.98225117,74.2443594,-0.517885415,2,0.016433111,2
859.8194363,32.17892021,276.6806104,822.9847096,65.56057132,8.672686328,49.93633912,-0.594047806,0,0.006402087,3
723.8541307,39.91944847,288.9585767,728.8114512,54.23983228,10.01530647,37.23556927,0.694596229,0,0.009040654,2
2735.97996,28.70494397,785.3615145,775.7541605,69.92191771,13.02928342,98.72896945,2.275381725,0.333333333,0.009222536,2
1911.022489,26.27348935,502.0922901,823.8826728,72.17743799,11.91010469,62.0678468,0.282478221,0,0.00779128,2
2550.080806,25.79335489,657.7513923,878.9034389,73.55838026,13.27671359,83.96986067,-0.185878547,0.333333333,0.00768628,2
3118.510798,50.83637233,1585.33776,916.4969787,48.36482377,20.87019423,85.09119274,0.154460045,1.666666667,0.012451857,1
1848.075744,34.120981,630.5815735,808.5630958,62.04549674,14.83367833,60.27723072,-0.191145827,0.066666667,0.011858259,1
3699.500397,28.83404808,1066.715723,748.4652265,68.74974736,16.79354082,118.6208876,-0.935877822,1.933333333,0.014779517,2
6426.265117,15.82632725,1017.041747,672.8018817,82.43945415,17.30620111,153.8241933,-0.556779304,1.666666667,0.017295143,2
1371.647238,50.1547119,687.9457203,610.0492747,45.16979565,10.70977137,47.69818919,7.109484931,0.6,0.010331178,2
3381.333369,18.5121105,625.9561695,735.0070472,79.17022604,14.06427755,117.1211485,7.016335718,0.6,0.0132906,2
1709.182519,25.32979217,432.9323799,766.8723606,73.81950939,9.375678654,61.87730914,0.010156506,0,0.00585405,1
1998.217603,26.89557809,537.432176,927.9451543,72.7504682,12.17330546,64.8694733,-0.028842053,0.133333333,0.006176634,2
440.2715631,45.52090319,200.415592,783.2233155,49.67182345,7.488459027,44.19718061,1.364385115,0,0.006301212,2
4181.944848,24.90146565,1041.36556,1151.854762,75.07198571,18.5558501,164.5423597,-0.050666223,1.4,0.006709889,1
1704.825621,36.12059734,615.7931977,721.9935791,60.89165224,11.53616829,70.54769586,1.825169607,0,0.009950501,2
1682.095059,22.35174023,375.9775179,718.4375595,75.71600054,9.384038836,57.53012662,-0.353523969,0.133333333,0.007623256,2
3580.468748,51.6737347,1850.161922,940.4332774,47.64412612,21.85084618,97.29233722,-0.28692192,2.066666667,0.012203051,1
2164.40044,55.08400284,1192.2384,709.4109291,39.86127495,17.20022731,73.88867589,2.588504709,1.666666667,0.015381297,2
7498.542637,21.31990961,1598.682512,992.5165888,78.47443814,21.81253582,179.7733482,1.815159097,3.8,0.010036052,3
3322.270645,58.93473957,1957.971553,712.2140198,37.61306294,20.24948516,78.36266486,0.984717231,1.133333333,0.015870047,2
5972.232059,21.55387997,1287.24773,770.7815336,76.11870697,18.29280046,337.1273859,1.523693381,2.933333333,0.017039967,2
889.3388253,42.799608,380.633531,737.9596984,51.91117591,10.19572511,53.69732779,-0.79387583,0,0.009100476,2
1364.637319,29.68064784,405.0331971,825.5453595,69.07350321,9.732731571,82.94636545,1.16507602,0.066666667,0.006639577,1
2207.076228,34.34208132,757.9559131,792.6301185,63.10053692,15.31643054,70.94582872,-0.479579884,0.4,0.011353412,2
3499.546076,43.70995337,1529.649958,809.2541498,55.24106562,16.85156966,105.9046492,-0.439279452,2.266666667,0.010449374,2
4430.148535,24.33246024,1077.964131,940.2598795,75.55301763,16.1556807,120.3575144,-0.446926418,0.733333333,0.006510108,2
2338.875051,27.50016043,643.1943912,737.3364038,68.81420114,13.93753888,125.6492178,0.693016774,0.8,0.016743939,2
1565.521102,35.3043346,552.696808,738.5758351,62.44208921,10.77443364,72.65925744,2.349150901,0,0.008799838,2
2932.450805,49.26607161,1444.703314,817.4209883,50.0645455,15.01555681,75.69359687,2.993166666,0.066666667,0.008042773,2
2254.541661,26.71625281,602.3290499,808.6766392,70.62983751,14.36068482,109.2897614,0.725079188,0.733333333,0.011724496,3
1392.624373,45.19719998,629.4272228,575.6228633,51.94124556,9.034051979,51.70785214,2.039807081,0.133333333,0.008964118,3
2313.308373,72.28882812,1672.263514,819.3251259,26.10439875,21.02715976,58.5398402,-0.20690882,0.466666667,0.014109909,2
3691.988383,68.35956725,2523.827281,728.1767955,27.51989736,23.46829899,78.99246795,-0.495655926,2,0.018018572,1
6994.099834,15.77205309,1103.113139,974.5270236,84.09512131,18.2239225,179.8067231,0.554944826,2.933333333,0.007827533,3
4874.883757,62.35164585,3039.570256,770.7756505,34.89260235,26.16903932,93.60114887,-0.694054468,4.066666667,0.01862999,1
2674.315629,26.99858882,722.0274807,857.8132461,72.01651352,13.77432957,77.01629786,0.022476081,0.533333333,0.008520369,1
2394.610501,35.26728289,844.5140597,762.5327894,62.68960229,13.07536446,110.930434,2.080407203,0.133333333,0.009387366,3
1199.8195,45.36234666,544.2662808,919.5148014,53.97024006,10.88619971,84.24811148,-0.648199123,0.2,0.006141567,3
4027.900253,19.02662873,766.3736268,957.3667363,80.38186287,14.57494922,339.7446429,-1.261872555,1.066666667,0.011645796,2
2537.575732,34.35323375,871.7393229,832.4247907,65.1311141,13.73435439,82.6305429,-0.319156608,0,0.007490002,1
3677.113349,67.52110662,2482.827625,744.0569446,29.04210684,23.356777,74.77567153,-0.79123882,2.6,0.01734972,1
4056.035331,75.76406614,3073.017291,783.6408217,21.22540422,26.08299046,78.92437496,-0.648007297,3.866666667,0.01810127,1
812.6293512,40.2697972,327.2441917,732.264992,54.70405072,10.25160371,42.46482115,0.623101303,0,0.009057985,2
3841.430888,37.89479935,1455.702527,876.3179696,61.03154413,18.88065149,93.57703062,1.181402559,1.866666667,0.011549269,1
6637.373276,27.37751677,1817.147982,995.6670599,72.34244855,22.30696211,261.2961108,5.798380809,3.933333333,0.011273123,3
6538.139516,14.36493861,939.1997278,1002.596382,85.48100959,16.03961212,202.3378517,2.360769957,1.133333333,0.009621476,3
2347.868691,49.24234047,1156.145495,680.3024225,45.81397535,15.03073621,80.19244585,2.937273517,1.6,0.013569481,2
1784.007606,22.04540975,393.2917868,906.1760879,77.58105237,10.04994364,74.07567901,2.365208492,0,0.00481382,2
5468.310696,18.92258328,1034.745645,1109.788324,81.06982614,19.51323239,118.9692211,-0.151470958,0.666666667,0.005989733,3
5176.601082,12.80112082,662.662959,887.4760057,86.93286718,14.68849568,98.95984158,-0.008018116,0.333333333,0.00742529,3
3962.312948,43.67083004,1730.374953,987.0069399,56.09310695,21.68826893,95.81213332,-0.09573176,1.266666667,0.01103954,1
4436.78713,35.76053519,1586.618823,1050.416433,64.11649476,20.23542022,118.2159727,0.483003557,1.133333333,0.008467486,3
1855.502929,14.96838701,277.7388594,811.4420745,84.39468073,8.448404292,101.1953073,2.42705569,0,0.0050448,2
4372.54306,23.89185115,1044.681479,769.9644386,74.70886842,15.83315431,278.6584413,-0.09238285,1.466666667,0.021980885,2
2270.91662,30.48839558,692.3660425,806.5676002,68.32518776,13.04640502,66.17315501,-0.170507112,0.266666667,0.008342419,2
2425.175491,58.61975297,1421.631882,678.4295765,36.71868628,17.42353776,79.65699304,0.199226779,0.733333333,0.015549032,2
2675.930029,17.66986562,472.83324,860.3145096,81.86678753,11.01423773,112.9693839,-0.358217038,0,0.006156686,2
5741.715425,18.4036245,1056.683747,892.4124642,81.09721741,16.79624895,142.2786394,-0.10199916,1.6,0.00926084,2
2572.725285,44.53445618,1145.749215,836.3320069,53.96256125,18.11999529,69.70026061,0.412324381,0.6,0.012301317,1
2921.228268,24.45271255,714.3195515,861.8930408,74.08987619,15.33367238,70.88502702,2.5106818,0.733333333,0.010352287,2
3680.951746,54.29738664,1998.660601,1002.303298,45.50736392,21.83431358,93.98291893,1.14317256,2.066666667,0.010651728,1
2122.201028,60.93571616,1293.178394,808.117389,36.49430262,18.94030346,62.76519434,-0.202114993,0,0.013456549,2
3012.500562,31.02078233,934.501242,874.5494085,68.77910849,13.95473508,85.47052744,-0.46661345,0.2,0.005704201,2
2796.693512,24.93112135,697.2470533,877.3164262,74.75596027,12.99397823,82.52515884,0.389295783,0.266666667,0.005985349,2
4418.118953,20.62354392,911.1727027,1068.022717,79.32201792,16.66528071,157.2297278,-0.734212532,0.933333333,0.005913775,3
4321.149806,24.60967423,1063.42089,1145.537206,75.36060812,18.19346432,169.8777491,-0.245964948,1.2,0.00646679,1
4083.790853,34.99274043,1429.030333,796.6604962,63.93108725,16.53206468,130.6933704,0.278875441,2.333333333,0.011489154,2
5840.559156,19.67487504,1149.122716,918.7046225,79.59438435,17.92394896,316.0691924,-0.288069072,1.933333333,0.011458551,3
1779.564306,59.19926674,1053.48902,816.6537586,40.05177845,13.3283251,56.60916367,-0.492242473,0,0.007035364,1
4569.772036,49.54791336,2264.226689,988.667197,50.1864894,22.38899822,125.2074363,-0.663572811,1.666666667,0.009638033,2
1179.348787,49.42655555,582.9114832,697.8227798,48.23857297,9.910851699,46.51723931,0.428355018,0,0.007332393,2
5223.141874,40.77109883,2129.532336,1119.101501,59.20493647,23.24451674,150.3500981,0.644193425,3.066666667,0.008408553,1
4039.534374,34.16086181,1379.939755,812.3520816,64.96966875,15.99372768,140.5514185,0.051927902,2.066666667,0.010990772,2
2062.171017,32.71613818,674.6627195,862.4694051,66.23885412,13.80087507,63.14159205,0.335981952,0.533333333,0.008565533,2
2926.68785,25.18367701,737.0476155,886.2313666,74.3189331,13.67217142,91.81392557,-0.243818281,0.066666667,0.007250492,3
1702.217274,35.28604676,600.6451834,932.6058025,64.27426334,12.24634093,71.36519342,0.082709453,0,0.006321908,2
4036.64413,29.05332498,1172.779338,914.9763537,70.61525867,17.28217548,105.8131362,-0.20519931,1.066666667,0.009249375,2
3541.877057,46.15664257,1634.811534,1006.930472,53.61667093,21.24568952,82.76082985,0.232537094,0.933333333,0.01061092,1
7521.564094,8.274255921,622.3534624,919.1279026,91.53860625,15.68217673,218.1029171,2.447267777,1.466666667,0.007383597,2
1526.208644,31.40149455,479.2523242,764.4050417,67.01508203,10.24880384,56.29220106,1.656954536,0.066666667,0.007221438,1
2251.773184,27.56130924,620.6181706,728.8450141,68.16782863,14.34182203,127.1166057,0.401399321,0.933333333,0.017238656,2
4035.735654,34.13133664,1377.450522,812.3920707,64.97546696,15.99392692,140.5670769,0.051370182,2.066666667,0.010989899,2
2549.043602,31.28078465,797.3608398,815.3955741,68.20475228,13.19545724,89.52402163,-0.156993734,0,0.00742473,1
4703.84334,25.44168983,1196.737233,959.1919426,74.46404221,17.36333802,126.3680717,-0.891380158,1.2,0.006952781,2
3197.34817,58.75796151,1878.696607,707.2458166,38.54452364,18.38329423,79.5877947,-0.587431751,0.8,0.013528939,1
4152.52375,42.42387764,1761.661595,1006.823279,57.44537053,21.13277591,91.83266712,-0.40676462,2.4,0.009102567,2
8337.00121,16.8553085,1405.227273,923.0476559,82.88793043,18.94839264,259.3148417,0.349422861,3.066666667,0.009526824,1
8715.434917,15.50766672,1351.5606,763.31541,83.60368225,18.3118993,209.3080962,0.042189022,2.6,0.015960448,1
3792.784058,11.79093805,447.2048186,762.2079213,87.35533448,11.19187857,139.6124174,1.350491922,0.333333333,0.008129095,1
2200.993887,39.07189038,859.9699188,747.430105,58.43662263,13.36944964,104.8789313,2.637062841,0,0.010036597,3
3189.1291,31.43056804,1002.361392,968.5649108,68.13612645,18.017724,148.2232009,0.888573757,1.4,0.009788927,2
4586.895217,28.49001755,1306.807252,654.1606162,67.90751662,18.64062625,171.0421052,0.012186852,2.133333333,0.022207941,1
2183.319961,25.98613236,567.360415,805.7241206,73.1814379,11.69587845,85.65730852,0.903695191,0,0.007091566,1
7072.532109,14.18986098,1003.582474,791.4538111,83.80750381,18.86012508,323.4422347,-0.175443306,3.4,0.019397562,2
1985.119952,29.83255535,592.2120084,752.4360814,68.93715104,11.05386354,69.69437528,-0.16258532,0.2,0.007296874,1
4922.497938,14.84988463,730.9852647,1142.685522,85.1446045,17.07159729,105.5632829,-0.653287655,0,0.004889699,3
2614.868124,22.08123432,577.3951575,866.9996384,77.53926102,11.83194304,92.65950546,1.639521257,0.133333333,0.005769503,2
467.8514969,46.19832628,216.1395611,780.3272025,50.05239225,7.434312055,47.70655241,0.586427335,0,0.005798255,2
3438.322041,28.86704177,992.5418596,842.1674433,70.38032426,14.93320116,129.6454392,1.598141676,1.8,0.010055717,2
1964.622,64.35841639,1264.399607,816.050989,33.33904419,18.69937595,53.91492966,-0.122715813,0,0.013053065,2
5113.680909,22.73327892,1162.507344,830.5378947,75.14577916,20.1820852,256.3514535,1.459810594,3.733333333,0.017446043,2
3399.547601,23.39707992,795.3948693,891.1676918,76.37251095,13.78220881,96.93273209,-0.010605041,0.4,0.005961279,2
6588.673216,23.04898578,1518.622353,802.9432962,75.46265185,19.94356492,230.4754054,0.986668605,2.6,0.015112959,3
3229.950728,40.84479792,1319.266848,921.149697,58.68860818,18.21182773,95.94820192,-0.296547743,1,0.010137096,2
572.6409807,48.04345344,275.116503,707.5675043,43.88935415,9.39887944,32.02373559,0.679538456,0,0.009173675,2
3142.852416,69.53276555,2185.312202,718.1291717,25.93304271,21.81084904,69.64576302,-0.405240343,1.4,0.017579699,2
1623.469352,22.53583071,365.8623048,723.9710554,75.38882804,9.542620643,58.42205503,-0.411772734,0.133333333,0.007512608,2
1016.107109,41.47396348,421.4198912,793.4206502,56.29591698,10.77878107,44.63979658,0.085568614,0.266666667,0.007919192,1
2011.491944,24.78254087,498.498813,712.0810757,74.01990174,9.459581604,85.21309655,1.364027894,0,0.007053874,2
684.2221237,39.1130507,267.6201462,770.6291032,56.27980744,9.241766304,41.11240762,-0.268678817,0,0.007657651,1
10378.52991,11.10422013,1152.454808,1035.273554,88.82915603,20.72761157,207.6128751,0.194230152,3.933333333,0.007968035,1
2868.320569,24.86502797,713.2087117,905.5177276,75.07393864,12.61889714,73.32150506,-0.341907139,0.133333333,0.00443088,2
1126.132005,50.74952924,571.5066912,720.3195491,42.0942338,12.54377585,69.27682221,-0.283642715,0.066666667,0.01242749,2
8154.361779,6.041184239,492.6200186,1191.330582,93.94445575,16.72379428,237.0762424,-1.220775066,2.266666667,0.004709756,3
2539.338547,32.52593165,825.9435201,814.0592277,66.86665212,13.38490263,90.56125886,-0.239546368,0,0.007523255,1
1535.38905,26.58926785,408.2487069,708.0270047,71.7747079,8.970518377,78.02037764,2.422063951,0,0.007042234,2
3734.299554,39.39475761,1471.118258,1002.277593,60.36343665,18.84941119,151.2786001,-0.548898313,0.8,0.008717778,3
3810.492401,64.83358095,2470.478675,745.1862934,32.11675333,22.89533646,77.2200285,-0.825074993,2.266666667,0.016666828,1
2184.117658,60.51557326,1321.731322,803.2210353,36.76337827,18.72368088,69.44219397,-0.006235312,0.533333333,0.013049891,2
1622.373193,63.00734648,1022.214299,815.9256385,36.22645112,13.04048045,54.16972523,-0.368608759,0,0.006891105,1
2023.577675,49.81801687,1008.106268,786.6064193,48.86785552,13.04044794,62.66942332,0.04007143,0.4,0.007968359,2
2941.117132,31.86743306,937.2585333,878.9607329,67.94300834,13.84744237,85.31198726,-0.489658503,0.2,0.005688519,2
1200.486798,47.31346339,567.9918816,821.970196,50.96497473,11.25134041,71.61624969,0.996434035,0.2,0.007285583,3
2346.721015,33.50110997,786.1775879,808.7160678,64.82401159,14.07536383,83.09997315,0.490360381,0.866666667,0.0097233,1
1127.620622,54.20701491,611.2494785,746.8177292,36.77494625,14.82781101,45.06417634,-0.338980966,0.066666667,0.013955971,1
1503.349811,22.56012564,339.1576061,727.1172297,75.45456006,9.019066435,61.59513931,-0.071120597,0,0.007228454,2
1034.352916,37.88534033,391.8681225,956.978708,61.80026985,10.04879435,61.94360859,0.232690811,0,0.005111362,3
6159.795041,13.59342212,837.3269418,914.5062691,86.18426224,15.93467776,157.7868299,0.102956761,1.333333333,0.007590364,2
4292.664621,40.20249939,1725.758468,1005.345814,59.65883426,21.10322076,90.66915283,-0.242366422,2.066666667,0.009261285,2
1535.907416,28.69166141,440.6773552,755.3158239,70.11149761,9.588937793,56.53842747,-0.312578814,0,0.006206866,1
2423.967102,44.20375634,1071.484511,869.0116768,54.20627156,16.83946623,68.24836789,2.690224633,0.733333333,0.010779609,2
4963.527687,13.64564306,677.3052711,1143.017475,86.35019995,16.92780499,105.0905523,-0.63403848,0,0.004857033,3
8584.008675,22.58504676,1938.702373,749.413862,75.66398158,21.0219464,202.3178248,1.164013705,3.266666667,0.016577627,2
1696.545427,36.05823995,611.7444209,721.8396613,60.02394228,12.36228345,74.66083193,1.270157805,0,0.011209987,2
753.7407982,37.32096798,281.3033619,751.6727505,59.52330047,8.192785166,64.05031413,-0.679447606,0,0.006750323,2
3926.303745,28.86468477,1133.315199,1072.189682,71.11090402,17.33817287,92.32304567,-0.405847053,0.333333333,0.006512945,1
1826.232235,35.06683509,640.4018462,938.0406824,64.53897976,12.55252187,76.34117131,0.053904691,0,0.006368295,2
1158.894912,35.61751158,412.7695295,782.1395771,60.7180125,11.63458631,52.05653769,0.08170724,0,0.009646259,1
3900.269671,44.27529018,1726.855714,984.5108693,55.55008411,20.92680673,115.0966263,-0.095485834,1.466666667,0.010129442,1
4706.007645,19.16036827,901.6883958,651.6811732,79.48189779,13.86683451,126.4125257,0.148724397,0.733333333,0.020170919,2
3368.937829,39.93462154,1345.372572,937.8121001,59.57060039,20.08831952,72.07065643,0.301680721,1.133333333,0.011616198,1
2790.093356,63.9384715,1783.943045,672.8930227,31.75460156,18.85351862,76.25514375,0.769430682,1.066666667,0.01677576,2
1187.877218,62.70118646,744.8131092,781.5390664,35.95130703,11.12845295,44.98925012,0.01194053,0,0.006617274,2
2595.488997,20.31857374,527.3663458,898.5515127,79.39595345,11.78755873,76.61703421,1.710328111,0.133333333,0.005467369,2
2152.934614,22.3591478,481.3778323,842.2584965,75.98766162,13.48993725,70.84404598,2.689789961,0.266666667,0.009936172,3
3726.626242,40.06325459,1493.007759,1008.209946,59.67871588,19.02233111,148.2228851,-0.419516587,0.8,0.008707445,3
908.0925544,39.95543614,362.8323407,776.4402704,57.24799394,8.933633974,65.77322337,0.381412343,0,0.007069628,2
4417.848055,29.77340802,1315.343927,891.7617923,69.34115883,17.70407844,110.3795318,1.166738385,2.133333333,0.010384157,3
3628.16977,23.60440236,856.4077909,763.9948808,75.21934778,13.3881522,170.6571313,3.444078577,0.133333333,0.008971126,3
2356.412927,36.16055822,852.0920684,864.1495241,62.44476423,15.16438934,73.52948737,1.520377876,0.4,0.009536772,2
2441.808933,51.10524767,1247.892503,838.5103139,48.53360292,14.78707971,66.34217013,0.195672925,0.2,0.007412643,1
858.2620111,29.54509567,253.5743322,819.3257776,68.02641794,8.62531065,51.38976118,-0.592655975,0,0.006418513,3
2441.062885,54.54879458,1331.570379,706.0557055,40.34896424,17.36035865,72.07247559,2.868066449,1.8,0.015746012,2
1066.540659,49.42850175,527.1750684,777.5239059,45.90637315,12.54412201,53.21044156,0.201818426,0,0.010170059,2
2977.468333,56.99688859,1697.064308,851.9325221,42.55232039,16.65810252,74.33702216,-0.279650908,0.133333333,0.008129765,1
1258.44811,56.76240492,714.3254118,782.8667832,42.0397666,11.18169148,49.84443147,-0.303177138,0,0.00628609,2
2361.446501,71.17925712,1680.860077,829.1538421,27.4259865,19.09590419,58.99601997,-0.030382381,0.4,0.011940703,3
2833.972001,31.81614162,901.6605453,879.8589815,66.74190734,15.91631103,129.9672429,0.117742601,0.933333333,0.011832101,2
1239.685252,55.88397461,692.7853914,779.6314603,42.87865657,10.90206406,48.71082678,-0.401260285,0,0.006235612,2
1159.934331,53.04276777,615.2612734,751.2319715,37.77081141,15.05416738,45.45843325,-0.365866117,0.2,0.014260104,1
2540.01913,19.734866,501.2693718,937.999646,80.12758506,11.98005338,73.75250945,-0.388838202,0.2,0.005083635,3
5991.666673,31.32585299,1876.940693,688.9977234,65.13907609,21.74488997,133.2176229,0.833747455,4.066666667,0.019102763,2
1965.493649,33.28366239,654.1882704,853.4319221,65.33004525,13.97855296,59.80913377,0.371720741,0.333333333,0.009034246,2
1568.295811,40.47238946,634.7267886,859.7650996,56.77426966,13.71667583,55.17521185,-0.029994105,0,0.009597532,3
3221.543549,15.70270081,505.869345,812.5850529,83.45882961,11.60915797,87.07940638,0.875701284,0,0.007212075,2
2448.937815,30.04737657,735.8415673,858.7064987,67.65002547,14.95252076,65.44549567,3.906189141,0.666666667,0.010471285,2
2910.853194,43.00629688,1251.850166,672.6251246,51.14281661,16.46009445,90.14795388,1.625587802,2.333333333,0.017260944,2
5477.597669,21.08010306,1154.683234,862.3187969,78.01224907,17.51812197,136.642861,4.007915656,1.666666667,0.010511664,3
1892.065134,33.42276424,632.3804689,854.6457399,65.28771366,13.37058902,59.73664372,0.089739559,0.133333333,0.008412219,2
3809.595237,43.25680721,1647.909267,1021.152698,56.63144899,21.13883282,83.4228379,-0.145290597,1.333333333,0.009720053,1
1559.93134,41.73984386,651.1129056,854.1289915,57.48415487,11.77256809,52.68224467,1.046508374,0,0.006420025,3
3396.454433,30.33602956,1030.349421,817.1596248,68.96420412,14.64477504,87.68696147,-0.411972128,0.8,0.008220345,1
1724.607012,22.32763362,385.0639352,769.4952406,76.10286462,9.55146759,59.84087108,0.209882232,0,0.006838544,1
6303.453314,15.89072308,1001.66431,866.0783527,83.11442156,17.34567067,199.3941899,-1.114059633,1.6,0.011811289,1
832.9575971,35.78519208,298.075476,769.9857037,60.5419612,9.398070309,42.98729381,-0.242025542,0,0.007590774,1
691.6559808,38.88173179,268.9278234,823.2628221,58.04428216,8.678524173,49.52273229,-0.810492977,0,0.006444225,3
1690.41304,36.90911579,623.9165061,813.0367954,59.48135549,14.93725656,58.89390296,-0.193372316,0.066666667,0.011812161,1
7617.791542,13.36505725,1018.122201,1131.549667,86.16239402,19.5121431,378.2742671,-0.762175078,2.666666667,0.011355034,2
3828.891732,33.48603779,1282.144133,759.7381162,63.77917498,18.37529192,125.4421793,1.688009195,1.4,0.01530635,1
2879.657468,45.66535448,1315.005791,789.6262856,53.33768114,17.18372405,90.91907082,6.210699546,0.866666667,0.011547004,2
971.541796,60.66760465,589.4111358,571.5976929,35.38573289,8.894558787,46.40527107,2.426175696,0.133333333,0.008826202,3
9710.783592,7.812193531,758.6252076,1078.14029,91.97277619,19.01202585,274.8185989,-0.285059779,2.8,0.009016025,3
2417.858936,67.19058012,1624.573446,830.6471622,31.50638002,18.28947825,61.07896181,-0.157861807,0.266666667,0.011140264,3
3230.488986,24.29236758,784.7622592,830.7017149,74.85817662,14.47476314,134.0904464,0.804848833,1.466666667,0.010135347,2
5211.526825,49.60633627,2585.247521,1026.402707,50.33591207,24.15893564,104.1679011,0.263685262,3.466666667,0.009668688,2
3599.871136,65.12918096,2344.566587,733.8828851,32.37040832,21.18503784,81.14446711,-0.666757581,0.933333333,0.01467177,1
3879.597111,26.55396126,1030.186714,881.4380297,72.57972073,16.95510825,99.97475152,0.495073521,1.6,0.010431691,3
2553.167662,18.57067517,474.1404729,775.9649438,80.28202248,11.23498033,66.73212973,0.468852272,0.2,0.007717752,2
998.2566349,57.2502518,571.5044371,878.1226446,41.45491188,10.8729058,98.34152664,-1.232126378,0.2,0.006603375,3
1876.980198,16.62595282,312.0658421,817.768099,82.85209409,8.548699221,99.46568116,2.428098237,0,0.005100833,2
4113.187495,19.86182314,816.9540259,854.4018361,79.07801092,15.53611139,115.59122,7.341078138,0.6,0.010244143,3
2647.077221,28.62951689,757.8454201,778.0560049,69.88064845,12.82703858,99.5774225,2.245115223,0.333333333,0.009098823,2
2295.409206,66.98169868,1537.504078,830.5196505,31.67597224,19.09316594,59.26738985,0.004237428,0.4,0.011959112,3
2508.624239,32.23895086,808.7541357,781.1685027,66.61091147,13.78080227,98.35301597,-0.035223708,0.6,0.009381599,1
2113.238493,40.38086353,853.343952,944.1539491,59.19290975,14.61727993,92.77651878,1.406672842,0.6,0.007815917,3
2423.27289,32.8701401,796.5331942,871.136164,66.53584779,13.5522093,85.66485031,1.977142452,0.4,0.007411372,3
501.3673071,44.28226975,222.0168233,782.7282819,51.45575875,7.674961643,47.71282332,3.707797512,0,0.006221484,2
5237.618355,15.48668787,811.1336062,868.8858763,84.00239681,14.51454104,242.9541969,-0.494095683,0.8,0.008369261,3
3210.552382,55.31386455,1775.880596,709.140998,42.082572,18.5062018,79.34014238,-0.585273051,0.8,0.013623899,1
3931.128802,21.96306328,863.3963062,924.4746253,77.95803611,14.17302488,85.59044333,-0.42880676,0,0.004942014,1
2291.314663,25.09906625,575.0985852,806.3458955,72.0953568,14.24891638,108.97231,0.718502347,0.733333333,0.011664704,3
2247.885887,32.9785686,741.3205894,773.4466189,65.75226097,13.40140997,87.23318793,0.536358455,0.6,0.009247207,1
1675.413122,23.57980353,395.0591226,738.3482419,74.82000232,9.67450563,61.9114583,-0.18577576,0,0.006951744,2
1712.530862,26.0303453,445.7776969,712.9932484,72.25957003,9.719311032,64.28614018,-0.226887511,0,0.007801377,2
2696.796433,26.84135701,723.8567585,861.4344727,72.20956044,13.82320564,77.99180064,-0.021028792,0.533333333,0.008534681,1
1701.208689,23.70642343,403.2957353,767.0816095,75.03587491,9.676087068,63.53929051,0.529972075,0,0.006355539,1
1313.332484,29.89430063,392.6115612,722.4417852,67.60165203,9.480085882,47.99143899,0.046139636,0,0.007502311,2
5259.593659,19.25516389,1012.743379,781.5519044,79.95633061,14.84812496,192.2254626,1.469953594,0.666666667,0.009521731,3
775.1971251,41.29752336,320.1372139,727.7893655,52.40607994,10.2601232,40.52635165,0.911493116,0,0.009485406,2
3135.394674,19.43755665,609.4441161,701.801647,78.97688587,11.75670595,112.306091,0.580922561,0.266666667,0.009503814,2
2101.514171,36.64266215,770.0507376,782.3230478,62.32961923,12.34930535,70.86782221,-0.370276206,0,0.007622198,1
1803.940176,36.49759818,658.3948368,801.575795,59.72908257,14.98969535,70.79155869,-0.099851214,0.066666667,0.012120171,1
3692.116209,40.79774176,1506.300036,985.7098151,58.98286222,20.45319589,91.40199689,0.724509258,1.133333333,0.010193497,1
1760.558405,23.15991205,407.7437782,725.3061864,75.37712272,9.669054096,60.80511747,-0.125050334,0,0.0073897,2
7057.673556,7.768400735,548.2683644,1023.215794,91.60100352,16.27690704,371.384767,-0.580921266,1.6,0.011530977,1
1027.880068,38.93162842,400.1704486,770.738197,58.0167382,10.99973067,51.58837096,0.038122798,0.066666667,0.008656298,2
1083.514791,32.03277544,347.07986,829.8998896,65.88513861,9.67841525,49.61583831,-0.373913118,0,0.006876693,3
6921.049586,22.94393256,1587.96095,792.3056911,75.40904389,20.16958215,214.1234357,0.866571616,2.666666667,0.015225469,3
3081.11057,25.18799355,776.0699319,897.3166247,74.50591968,13.9009285,105.8188332,-0.019688378,0.466666667,0.006447305,2
2840.436052,17.59033903,499.6423316,783.6734796,81.54404671,11.22972506,74.35490677,0.768229858,0,0.007136273,2
9095.769069,20.53545414,1867.857485,757.2079097,78.14824639,21.04669941,212.1504434,0.989071836,3.266666667,0.016575994,2
2573.814833,27.87334784,717.4083611,806.4065586,71.21796742,13.01685058,68.86650956,-0.299306773,0.133333333,0.007545663,2
2754.653394,43.69199407,1203.562998,796.5776348,54.63768899,16.41170758,77.6287529,0.655122743,1.466666667,0.011356324,2
2260.239331,26.03868044,588.5364965,857.2529957,72.76072044,13.15115593,73.07936466,-0.278967823,0.066666667,0.008335432,3
4268.929466,15.69256377,669.9044788,833.4150039,83.44343503,14.99046951,115.9736523,5.738537555,1.133333333,0.010690495,3
758.6588152,30.6345401,232.411639,769.1655237,65.04920868,9.047570792,46.36508631,-0.333955754,0,0.007603538,1
816.4997895,32.68992913,266.9132025,771.5842669,62.84679726,9.375337,44.94655493,-0.057690978,0,0.007727157,1
5592.406356,27.88474023,1559.427985,783.794038,68.78452243,20.45390611,273.998345,1.459169066,3.333333333,0.01864461,2
3470.132812,48.17076406,1671.589489,792.0108537,49.48643188,19.00723109,115.1591332,0.090704706,2.933333333,0.013318416,2
3194.172079,43.83240461,1400.08243,930.4017364,55.24221743,19.32502406,89.48107504,-0.099232253,1.533333333,0.011431431,2
3567.93953,28.56663773,1019.24036,1102.56147,71.41626877,17.53706258,85.94687862,-0.046647472,1.2,0.006537798,1
3863.587116,3.457819841,133.5958819,1046.236606,96.33983663,10.25799955,537.4124665,-1.671512528,0.4,0.005339185,2
1482.346443,26.75995358,396.6752201,721.849454,71.39195293,9.678648238,51.96988697,-0.329100731,0,0.007215294,2
641.2251419,45.22858246,290.017042,714.2971768,48.08053174,9.329473909,34.77009251,0.736918235,0,0.008787621,2
6530.972015,15.64718851,1021.913503,1053.41061,84.16901662,18.13434347,320.6343454,-0.651171491,2.866666667,0.008518397,1
1479.838035,28.40213013,420.3055243,766.8227696,69.72351342,9.619905787,56.64684498,0.353282931,0,0.007001094,1
1682.974653,43.3289458,729.2151752,790.2511804,54.46077241,13.68433117,62.91743046,-0.15546053,0,0.009994475,2
3477.816917,25.2745134,879.0013027,891.0064302,74.22931428,15.278789,103.356051,-0.350494405,0.133333333,0.008106194,2
4912.027074,21.47009017,1054.616642,888.8677045,78.0132271,16.53071489,126.9224093,-0.089286191,1.6,0.009554233,2
3279.371541,25.32388635,830.464322,977.3239754,74.38350104,14.690202,102.7682861,0.247924382,0.4,0.00717566,3
780.1008789,35.89742752,280.0361476,757.6422495,59.95831487,9.587598047,40.08301093,0.195119272,0,0.008109737,1
8604.858521,3.416101938,293.9507387,1226.576604,96.57697549,15.58344747,262.16129,0.214229333,1.066666667,0.003651633,3
2815.707349,57.9301136,1631.142466,852.438901,41.7243856,16.53385716,73.30645871,-0.171773556,0.133333333,0.008108669,1
3167.367812,35.64751217,1129.087826,616.8197144,54.77654597,18.54956836,124.3060336,-0.946852364,2.2,0.023272808,2
2088.284133,28.11433229,587.1071402,775.1596164,70.18962865,11.72878498,58.45494613,0.39421375,0.2,0.008173716,2
1028.874296,52.46277741,539.776032,786.9436585,42.6208527,12.84317889,47.28165402,-0.406706037,0,0.010095844,2
2137.767895,24.64472366,526.8469901,930.8344158,75.05150224,12.31573787,67.0301865,-0.272467259,0.133333333,0.006192549,2
1839.273719,21.68603672,398.8655741,729.5576662,76.38343914,9.978595766,65.37688079,-0.216079384,0.133333333,0.007971117,2
2142.048373,25.49686881,546.1552635,877.3037887,74.24951788,11.51408109,62.78805935,-0.336231631,0,0.004784945,2
3453.9602,39.86806884,1377.02723,970.5109978,59.87981764,19.44504461,105.9165575,-0.123839358,1.066666667,0.010039371,1
2256.384916,46.03750652,1038.783353,673.5682679,52.39820083,12.396351,67.02325649,2.27134263,0.533333333,0.009096299,2
3020.310086,31.78779232,960.0898976,747.6692149,67.32200029,13.29870932,86.19485359,0.312725758,0.4,0.008126327,2
2237.400355,23.34350501,522.2876639,837.6193261,75.39856842,12.12900991,61.99282624,-0.165657851,0,0.007825187,3
2101.093868,40.96930233,860.8034989,778.1990471,57.70849922,14.08877304,71.21504671,4.093266736,0.666666667,0.008782793,2
1769.686811,40.3495235,714.0601958,802.9896133,56.71223163,14.53018174,62.83868373,-0.202234894,0.4,0.010750747,2
2569.472797,38.05854004,977.9038333,920.089637,61.61402588,14.6992644,158.9147443,-0.517341445,0.466666667,0.006937898,2
2274.803052,24.82898307,564.8104647,846.2414791,73.75461609,12.94730975,89.41068291,10.89238388,0.6,0.008623527,3
2505.519624,31.76261335,795.8185106,751.5277936,65.96427168,13.85472124,122.2696929,2.416605375,0.666666667,0.010819784,2
957.955905,38.71799509,370.9013203,775.2036475,58.14511345,10.97228491,52.15498212,-0.002454431,0.066666667,0.008748153,2
2875.698256,22.32596809,642.027475,871.5839482,77.38351606,11.50140927,115.6738161,2.203560868,0.6,0.005944448,2
6905.091731,17.44920648,1204.883714,914.2758078,82.4518411,16.71566117,155.1581884,0.34975379,1.533333333,0.007448074,2
5997.376594,21.8305487,1309.260218,582.6644649,72.91533773,19.98831478,147.153049,1.31426783,2.733333333,0.025031437,2
3807.728061,59.36848143,2260.590327,902.6496907,39.86008925,22.67793688,89.68825632,-0.319504709,1.466666667,0.012789021,1
3468.342054,66.77125029,2315.855354,722.9575642,29.69477789,22.23661817,73.32215071,-0.350471838,2.533333333,0.016921094,2
1009.1722,42.60944857,430.0027094,748.4996127,54.52533289,9.607810641,64.51866605,-0.672685666,0,0.007398848,2
3790.368529,26.41006976,1001.038973,1000.359625,73.36394652,18.16206772,146.4516781,0.293544375,1.4,0.009137275,2
9115.561202,11.43564849,1042.423537,1040.665768,88.4647748,19.95521329,206.397934,0.274333156,3.466666667,0.007609238,1
2813.428741,21.50117075,604.9201177,902.1208072,78.39416695,12.04393216,67.45034534,-0.264454098,0,0.004263907,2
2187.997032,22.73183564,497.3718891,902.5024141,76.89101758,11.56654021,79.74049665,0.168416036,0,0.005844272,2
2220.813077,56.40067983,1252.553673,799.4132882,42.9995752,14.0948171,80.87577578,0.962997084,0,0.007330592,1
2980.612995,53.39244153,1591.422051,1019.287814,46.46503247,19.82975589,70.56949917,-0.299921813,0.933333333,0.00919559,1
4134.342591,39.53359901,1634.454422,734.7024856,56.36245617,19.69243084,141.3115356,-1.234635,3.066666667,0.018190194,2
1020.437945,51.53955248,525.9291503,730.8020409,43.76959143,11.26011618,66.90461821,-0.136700065,0,0.010112221,2
2174.463213,26.28098469,571.4703441,807.8043299,72.92006375,11.57405129,89.60647357,0.929154158,0,0.006960867,1
701.2704456,43.00297986,301.5671885,716.5027681,50.8833528,9.385421937,34.24754638,0.789028764,0,0.008529545,2
9533.697958,5.21776907,497.4463432,1187.430607,94.77183487,17.81156174,229.2092207,-1.087920128,2.6,0.005067087,3
2010.038706,31.10621564,625.2469745,868.2349511,68.6031674,11.46999919,99.98756328,-0.949962617,0,0.005101832,2
1188.328068,31.37575555,372.8469097,723.2334684,66.51295672,9.017033535,55.1161117,0.350111077,0,0.007137812,2
1336.147711,55.73392215,744.6875251,781.1120908,43.36247311,11.03361877,49.22445476,-0.277639312,0,0.006120977,2
1238.273103,72.06648101,892.3798509,795.8523055,25.72719022,12.93766251,42.89332348,0.36944025,0.4,0.008469098,2
1994.450119,23.21708353,463.0531502,733.0095862,75.44096567,10.23226991,62.54131879,-0.247232839,0,0.00749634,2
9185.926243,11.79616508,1083.587023,899.8317235,87.49677072,18.76468054,324.3186243,-1.104989706,2.6,0.012983639,2
6899.973189,7.465844247,515.1412514,1021.283147,92.02705646,15.88172385,367.4007211,-0.500995257,1.4,0.010205928,1
2963.507295,49.49033799,1466.649777,987.9889309,50.08865997,20.10347067,82.28917908,1.010070677,1.733333333,0.010384362,3
3031.031532,18.45645269,559.4209007,827.3489521,80.92566329,11.8824254,119.2531626,-0.734921496,0.533333333,0.007061124,2
2670.221934,37.83745309,1010.343972,872.2687602,61.02482676,15.68685701,75.35169823,1.616272667,0.4,0.009622423,2
683.847186,41.49237484,283.7444378,729.302598,51.89517397,10.14072004,38.51736978,1.111799575,0,0.009556111,2
2747.009323,21.15549731,581.1434834,901.4845589,78.73769294,12.15153228,67.51213779,-0.27634521,0,0.00426211,2
3010.334796,33.35565152,1004.116784,782.3031384,65.83152415,13.62938845,83.54679405,-0.328818579,0.533333333,0.008147429,1
5699.169912,13.35822393,761.307879,942.2356842,85.92492867,16.4897274,305.0872015,-1.018623194,1.533333333,0.012979329,1
717.0792357,40.96768744,293.77078,823.4834164,56.1809188,8.57257039,49.14845053,-0.763319061,0,0.006382314,3
2714.484192,31.46375597,854.0786819,894.6404426,67.72577305,14.22029042,102.2935669,-0.308918643,0.733333333,0.008280989,3
788.147193,40.63236138,320.2428157,644.3019607,53.01950298,9.124818649,49.15612402,0.857027695,0,0.009951017,2
2430.75272,46.8349457,1138.441717,797.0704611,51.39487088,16.4434375,74.09201412,0.213890216,1.6,0.010722393,2
6698.817907,17.29547698,1158.592509,660.0747495,80.96564749,17.15693369,157.6896825,-0.632075549,1.666666667,0.017447648,2
2263.530771,54.63529703,1236.68676,702.0574047,39.26015257,17.13272553,67.92938935,3.720975703,1.8,0.015852171,2
3760.724912,70.36589463,2646.267729,744.9731844,26.33945578,23.35552465,74.65847651,-0.791572283,2.6,0.017324891,1
3272.596936,53.03511191,1735.625447,825.7465123,45.64584967,19.12933732,80.53801521,0.254183294,1.266666667,0.012168044,1
2404.081424,30.14142563,724.6244145,985.7301595,69.74902387,13.78134379,76.39479255,0.190377534,0.2,0.006297078,2
3893.655505,19.28758245,750.9920159,729.1229155,78.14671618,15.67797344,126.3666423,5.181856805,0.933333333,0.015760851,2
1105.106179,49.90502668,551.5035334,741.5943673,43.62882983,12.25469366,72.73053117,-0.279486351,0.066666667,0.011188764,2
3076.345617,25.66501658,789.5446127,885.2552385,73.7001329,14.23569248,98.94890447,-0.481877147,0.2,0.007789696,3
4340.052532,24.32931783,1055.905174,922.8333098,74.95537855,16.84843699,131.527384,1.350384493,1.666666667,0.01015506,2
5476.961963,17.65201937,966.7943867,989.1414186,82.01879623,17.85613385,210.3156141,1.726289586,1.933333333,0.01195379,3
2797.97149,39.16375035,1095.790569,786.8765072,59.96018015,14.07043265,71.15766573,0.354425747,0.2,0.00792082,2
751.6721693,37.98364254,285.5124699,763.7612716,57.09936231,9.654935374,39.70618328,-0.081420139,0,0.008030419,1
3300.317373,49.01724252,1617.724571,987.3552396,50.63908289,21.0680139,101.8638222,1.295267282,0.933333333,0.010833885,1
3712.535751,27.3930128,1016.975394,882.7796355,72.11983319,15.38359145,141.142438,-0.836753021,0.533333333,0.007976747,2
2096.791098,60.70625982,1272.883452,829.9172521,38.59180836,15.04841556,62.1279348,-0.262596216,0.133333333,0.008053963,1
2426.257385,24.26197458,588.6579498,839.5070729,74.36181555,12.77046741,66.03756079,-0.203726295,0.266666667,0.008229378,3
1046.716273,52.89610227,553.6721103,889.26189,46.19649337,11.09380121,101.2178624,-1.341292503,0.2,0.006544106,3
2361.774319,22.93573002,541.6901814,861.2991363,75.93172476,13.01658871,74.06530424,-0.242749254,0.066666667,0.008191153,3
1377.125558,42.31712274,582.7599126,872.0868952,56.28120062,13.84940448,61.37281519,-0.123950433,0,0.009228677,2
1484.17072,32.83242175,487.2891902,751.7907518,65.90065409,9.888297092,70.0810289,-0.098018777,0,0.006805175,2
5578.243973,17.61121793,982.3967027,1101.504357,82.38204409,18.81834401,120.2635036,-0.099289503,1,0.005896271,3
6814.268016,17.71309251,1207.017597,718.4490727,80.3467388,16.9212574,175.095531,-0.54224282,2.4,0.015697726,2
3653.7718,64.6951653,2363.813706,726.3255184,31.06713126,23.31928768,80.12600631,-0.528413761,2,0.018044108,1
3036.523134,29.04265037,881.8867972,898.9013963,70.19164003,14.95484559,117.2950819,-0.793886858,0.733333333,0.008369483,3
2956.025188,26.34510629,778.7679776,872.8173849,73.00441171,14.03231629,77.07977717,0.444882132,0.333333333,0.008056757,1
1175.291203,51.40927192,604.2086505,730.7553029,41.53631213,12.79776981,61.35993118,-0.39007244,0.066666667,0.011832293,2
2398.997441,26.31438852,631.2815072,889.0860844,73.48066805,11.94183399,67.14208727,-0.501246839,0,0.004819739,2
2469.580498,26.81300081,662.1686389,889.0908674,72.96301769,12.21769364,68.39735851,-0.53046137,0,0.00487371,2
2799.52925,60.06597048,1681.564413,834.719844,38.42730978,19.28724247,79.7711553,0.399188935,1.266666667,0.01233055,1
961.8091716,54.5175236,524.3545421,885.705032,44.28873628,11.07062648,101.7836369,-1.341892441,0.2,0.006526235,3
4949.964377,45.93705081,2273.867651,1042.823428,53.96703321,22.92583837,98.29946664,-0.428786572,3.133333333,0.009227791,2
2764.632292,31.75617493,877.9414668,770.8291694,67.57497802,12.762533,81.01985556,-0.459154838,0.2,0.00744544,1
1078.410025,51.55172383,555.9389577,750.831059,39.58594286,14.52319518,46.76632483,-0.439600903,0.133333333,0.013747299,1
1586.763304,18.36806318,291.4576863,806.3392649,80.15775734,8.875196259,105.4952978,1.989298991,0,0.006545151,2
2714.400973,65.27608105,1771.854579,835.7456476,32.71762293,21.30234878,72.69630866,-0.36544991,0.666666667,0.013663091,2
3450.045212,51.14283237,1764.450839,957.2660208,48.28331727,22.43270806,76.02858361,-0.207480717,1.866666667,0.012638393,1
3477.234804,40.28615244,1400.844114,976.4449015,59.45984123,19.53999316,99.28844845,0.162565292,1.066666667,0.010046122,1
3352.806469,38.80206348,1300.958094,814.6668322,59.90051559,16.90050948,89.67042881,-0.042726144,1.333333333,0.010684513,2
5017.919335,9.690294881,486.2511804,842.0331566,89.63004343,14.86557265,270.3049834,2.738422374,1.2,0.011124908,2
5200.932774,51.99612236,2704.283369,1027.917156,47.93836097,24.35051174,99.13171422,0.087576816,3.333333333,0.00989628,2
2325.393213,58.55249753,1361.575804,799.3607738,38.6352566,18.70413399,69.6046657,-0.116252809,0.533333333,0.013150942,2
2020.849922,41.09707352,830.5101784,809.5198329,56.49074719,14.02360979,80.19893704,0.86714761,0.866666667,0.009722928,1
3288.179475,18.30533771,601.9123573,735.4610067,78.96031069,14.17459936,117.0233618,7.013898009,0.6,0.013393972,2
4336.207902,14.83219807,643.1549447,829.623534,84.30729071,15.04113303,115.1485243,6.073990981,1.133333333,0.010762564,3
1867.144309,15.69610798,293.0689869,815.1026343,83.7939051,8.600312015,100.4701004,2.388298324,0,0.005375426,2
2979.268957,44.6565587,1330.438991,800.2621064,53.79307545,16.87139121,78.98421615,0.784632981,1.466666667,0.011351298,2
1505.477063,25.25624998,380.2270505,733.1336324,73.1664031,9.184022564,74.13000148,1.726397406,0.066666667,0.007216814,1
3559.182698,65.91316007,2345.969789,722.4772575,30.23786823,22.21252495,71.34616749,-0.135625503,2.2,0.017047572,2
1005.659626,40.84879038,410.7997924,739.6668528,54.57641883,10.93321613,45.51959082,0.249125053,0,0.009587217,2
1967.605903,34.88441685,686.3878452,859.1913883,63.99537188,13.66654189,60.94466629,0.175048804,0.4,0.008492893,2
3142.578024,28.2034402,886.3151136,661.5127654,64.23246847,17.54526647,123.2056463,-1.097940452,1.466666667,0.021735588,2
2542.998887,35.6920065,907.6473282,766.6142737,60.78967083,16.08032935,108.1213017,3.316579595,0.066666667,0.013603015,1
3834.473806,37.17959537,1425.641845,630.8672792,60.22133454,15.38092291,98.86051175,0.15631674,1.8,0.015454108,2
5836.470389,20.16662942,1177.019354,987.3186894,79.69819985,17.2375119,160.4119221,-0.172465062,2.333333333,0.007324002,3
780.2050925,47.84646029,373.3005197,789.064337,48.27572583,11.00267728,47.66140448,0.258393519,0,0.008651448,1
694.9620685,58.34980193,405.5089905,562.7325967,36.45450104,7.926633836,40.92954538,1.102282069,0,0.009180684,3
1780.489597,21.75031857,387.2621595,905.9513913,77.88908909,10.41943649,74.61788717,2.33140698,0,0.00484554,2
2260.888271,28.97575294,655.1093995,857.5717154,70.68120971,12.32583689,64.95295343,-0.711025434,0.133333333,0.005511012,2
5282.591391,18.92537751,999.7503631,1116.815292,81.06700602,18.92317561,116.187427,-0.02131688,0.466666667,0.005732687,3
1541.47526,24.68556177,380.5218273,731.22139,73.62182343,9.192742649,74.03331518,1.623735146,0.066666667,0.007234583,1
2942.347551,63.31938531,1863.076383,677.6468183,32.63175113,19.36349261,76.10841017,0.55992946,1.2,0.017098836,2
3952.0978,30.59205929,1209.028102,1070.399311,69.38348806,17.96717573,89.3921982,-0.14953386,0.866666667,0.006786112,1
5143.405375,21.04321953,1082.338084,886.8473081,77.26766893,19.09992019,240.6197838,-0.617426124,3,0.013873089,3
3854.743567,40.52393939,1562.093947,980.9154308,59.27381687,20.27937139,99.80288107,0.211510472,0.866666667,0.009957206,1
1759.699254,33.63486591,591.8724846,814.0992658,62.9525137,14.2275916,59.34997905,-0.153186224,0.066666667,0.011270355,1
5014.177383,15.01196106,752.726356,991.4887294,84.5404542,16.22833444,160.6732857,1.251189352,1.333333333,0.008828677,3
3495.043101,67.38816625,2355.245456,725.6922499,29.6236946,21.05198854,79.36489593,-0.581980425,0.933333333,0.015279865,1
5479.752504,9.306878214,509.993892,922.9217872,90.39297054,13.12706865,371.4189364,-0.834959946,0.6,0.007243532,2
1096.615393,54.73577084,600.2408885,756.8732217,36.82013875,14.51840578,44.79359591,-0.143812234,0,0.013095249,1
2785.025998,31.77093201,884.8287161,761.0463107,65.07816108,16.18282438,102.2065734,3.733771499,0.066666667,0.013810696,1
3743.953123,41.40941712,1550.349166,987.4642924,58.41125712,20.50030583,92.23455792,0.69384851,1.133333333,0.010025387,1
1066.940999,34.97910374,373.206399,785.8297218,62.15082259,10.91970562,54.05062522,1.155621608,0.266666667,0.008616921,1
4942.32845,54.27673397,2682.534465,1028.037267,45.64902226,24.32249031,99.12242944,0.0848669,3.333333333,0.009894524,2
1907.718376,65.56649118,1250.824001,808.509945,32.03831044,18.04936818,55.95765101,-0.308959049,0.133333333,0.012430485,2
5012.377187,15.3696383,770.3842438,1148.065712,84.62541096,18.02403012,112.1885925,-0.751356263,0.266666667,0.005175163,3
2097.282056,21.98618417,461.1122955,1057.954782,77.98338449,11.36198411,84.27223172,0.813767094,0,0.004125881,3
3104.780805,31.38683042,974.4922861,832.8542714,68.0702955,14.38846442,114.1451339,-0.790174525,0.133333333,0.008205371,1
12584.81693,5.997172787,754.7332162,973.6906422,93.60835302,18.88424203,346.1618161,-0.660214179,1.8,0.011720059,1
5681.856787,24.38636001,1385.598051,971.6548631,75.50508538,18.71971795,136.5606632,0.179533155,0.866666667,0.008167176,3
4098.636349,25.4234136,1042.013271,1068.555452,74.54398179,17.32829853,91.86274924,-0.339384053,0.533333333,0.006997846,1
4305.633294,44.4175703,1912.457695,863.3682015,53.80956265,20.25019458,162.3823673,-0.99229774,2.533333333,0.013542107,3
3463.752536,23.45998227,812.5957306,682.5092152,75.25185197,12.47507015,102.8272783,1.765775754,0.533333333,0.009722196,2
1616.513479,28.65460882,463.2056139,743.5647201,70.2121298,9.630299184,58.12575557,-0.333678825,0,0.006303856,1
2082.559586,24.26685954,505.3718095,836.5537223,74.62858127,11.91036928,61.98932908,-0.044240606,0.2,0.007498942,3
1108.61285,39.06663793,433.0977681,805.8191588,58.83404005,10.16935739,50.22478606,-0.249919972,0,0.007064395,3
799.6221402,39.86999986,318.8093462,777.1628562,58.63746025,8.164977592,61.51347488,-0.570772589,0,0.005420042,2
4422.361416,32.45853546,1435.433748,1002.45022,67.42770324,19.12985408,126.7574326,-0.604416761,1.6,0.008084142,1
2382.426872,41.80682988,996.0171493,806.0170711,56.83502489,13.893963,64.119929,0.225948989,0.466666667,0.008605329,2
5679.262125,19.6689955,1117.053812,1005.803069,80.11360897,19.08158404,163.0025421,0.077442414,1.866666667,0.009443873,2
7541.313435,17.92764622,1351.979993,936.6590349,81.84755722,18.60010669,263.7983795,0.052817793,2.866666667,0.009437245,1
2180.916642,65.88762228,1436.954119,833.8294935,32.87456936,19.11251458,60.08419411,0.020134332,0.466666667,0.012081971,3
3025.16573,20.96754932,634.3031165,752.6371168,77.70567428,12.18177202,98.63074195,-0.364331758,0.2,0.008949785,2
1792.49895,36.50906989,654.4246944,976.7662168,63.36282034,12.91406251,62.6752761,0.435894642,0.2,0.006016837,2
4371.690944,30.23658477,1321.850038,889.3369724,68.80487261,17.68256434,109.1804987,1.273383744,2.066666667,0.010522077,3
754.2045041,35.04233933,264.2909016,758.5900973,60.18977808,9.50400101,40.53750896,0.377313695,0,0.008061555,1
1846.326154,33.38325609,616.3637881,943.5698779,66.25902921,12.51565503,78.7136155,-0.092360601,0,0.006128419,2
3227.362192,33.37212147,1077.039231,788.32091,65.85313102,13.73680344,72.9371709,0.983036576,0.066666667,0.007952046,2
2190.324598,35.77215261,783.526258,809.3466077,62.07149901,13.89570756,82.57443435,0.569293184,0.866666667,0.009718063,1
2483.691025,27.98584053,695.0818095,646.5723715,69.70845068,11.16382565,103.9174424,4.754380279,0.6,0.010178228,2
2636.994387,32.97639567,869.5857029,880.0389393,66.55321499,14.21234144,93.27550601,1.549976844,0.533333333,0.007443879,3
1117.740223,44.3579838,495.807027,725.8016447,51.30510641,10.94827044,71.27640799,-0.479556324,0,0.009762017,2
1123.922133,64.59451476,725.9920482,785.0069833,34.14676575,10.91612235,43.0218928,0.026166082,0,0.006573547,2
1499.708586,29.38931203,440.7540357,736.867837,69.257018,9.276834473,53.00258799,-0.648771138,0,0.00626354,1
2214.920321,28.80328346,637.9697784,803.5063816,70.2784589,12.14399599,101.3473411,0.434096384,0,0.007520731,1
3002.072984,65.01227186,1951.71585,702.6774721,30.53433298,20.52472919,68.14452333,-0.264588395,1.2,0.016478104,2
805.9078689,36.19801257,291.7226317,731.3490231,58.49994942,9.909794551,44.23217888,-0.084874021,0,0.009188391,2
6354.930879,16.89251531,1073.507671,961.1108173,83.02054498,17.34466145,177.3118007,-0.592383745,1.8,0.006944979,3
794.2778288,38.36140757,304.6961552,733.4891654,56.29499089,9.878616225,40.04569412,0.216146905,0,0.008927975,2
7228.699093,17.17238745,1241.340216,940.7269201,82.62041228,17.10903139,214.67093,2.027160571,1.333333333,0.010286347,3
2497.381683,25.61158234,639.618966,844.3893497,73.46346015,12.969448,70.03735604,-0.062118464,0.066666667,0.007947083,3
1602.206265,28.34249528,454.1052352,743.4729378,70.51457203,9.507998261,57.90174225,-0.322597399,0,0.006172586,1
874.578161,39.44956622,345.0172907,790.5838214,57.8238643,10.73082487,56.8352013,0.843280582,0,0.008407709,1
1043.392147,39.37669806,410.8533753,957.6248919,60.29831341,9.883775801,61.69803926,0.291929953,0,0.00499334,3
2995.262867,17.31696057,518.6884897,899.2872204,82.36811259,12.47915665,92.16862825,0.84571479,0,0.006631043,2
3350.412277,43.16907536,1446.342001,993.6523687,56.57602897,18.13034024,161.9239302,-1.179577381,1.266666667,0.007825137,2
1679.896755,43.40841985,729.2166364,937.7640859,56.13387222,13.77662916,92.81791129,0.905593429,0.066666667,0.006902174,2
6794.120858,10.02213942,680.9162645,1064.54765,89.85824233,17.27445394,272.9003687,-0.682389323,1.933333333,0.008313131,2
10846.57423,15.85509898,1719.73508,994.0106534,84.04354068,22.10643642,180.9450595,0.734145067,4,0.008838444,1
3635.478498,21.25991402,772.8996028,947.4131216,78.61427564,14.39481432,103.8391252,-0.066245494,0.6,0.005677808,3
2090.998179,40.35696269,843.863355,700.4474158,46.80223609,18.91115281,75.03340199,1.258317356,2.466666667,0.020259066,2
4488.742223,27.20033272,1220.95282,933.3014439,72.64949291,16.52314663,128.730717,-0.628460084,1.066666667,0.006847774,2
2349.67141,23.96257156,563.041693,902.0508881,75.55097503,13.05689415,89.92978015,-0.356183724,0,0.00705084,3
2968.367627,42.7010661,1267.524623,986.3145374,56.97881942,18.39606489,85.96557638,0.891303571,1.266666667,0.009175592,3
5041.030688,15.55371922,784.0677591,1148.233222,84.44098712,18.00735363,111.4186887,-0.717078047,0.266666667,0.005173236,3
5864.55478,10.19209186,597.7208104,803.7369067,88.08015942,16.29973358,294.6742701,2.004186757,1.666666667,0.018264273,2
4758.988886,6.134069157,291.9196694,1257.842681,93.81779379,15.0094194,298.1385711,-0.658670977,1.266666667,0.005592967,2
4283.970912,67.83679575,2906.108597,755.5347831,29.05092879,24.95328022,82.75003339,-0.541974056,3.2,0.017665881,1
3994.788206,22.18429364,886.215546,954.5679258,77.72057908,15.46909981,118.5500893,-0.083222361,0.133333333,0.006368257,2
3063.568564,34.98240103,1071.709841,786.6502267,64.07728016,14.5529846,86.17412024,-0.459364744,0.8,0.009003176,1
4000.514927,18.95056737,758.1202766,895.1060639,80.82104277,14.17571415,94.57730455,0.056035225,0.133333333,0.006694894,3
6008.381758,19.3981058,1165.51225,1059.881708,80.21776384,20.2939218,225.6362919,0.022201106,3.333333333,0.010577441,2
9155.190009,5.015412398,459.1705348,1191.688884,94.97257372,16.98666638,228.7922881,-1.085789684,2.266666667,0.004704353,3
1699.76627,23.13769378,393.2867144,767.8233368,75.64127007,9.820707267,65.84773749,0.286540586,0,0.006267977,1
3120.626017,29.2860889,913.9093096,898.7210606,70.43527041,14.0340949,105.0209891,0.019307902,0.466666667,0.006421059,2
1779.083279,64.16420989,1141.534729,817.1310401,33.73332411,18.18876026,52.40562883,0.030603783,0,0.012600551,2
2026.842608,39.78951294,806.4708018,699.167117,49.69378963,18.66374674,74.68160038,1.273921717,2.466666667,0.019912078,2
3158.654739,29.31733121,926.0332715,818.950162,70.14162256,14.00712876,109.2080755,-0.564889166,0.133333333,0.008008697,1
1943.829216,27.55773798,535.6753622,759.6820756,71.25512625,10.81973046,81.28628673,-0.076669746,0,0.007475156,2
2643.044178,27.75363645,733.5408724,855.8736818,70.29786225,14.77888358,67.11182271,3.567602663,0.666666667,0.010293918,2
1503.275346,39.40790965,592.4093901,809.6417692,57.15956452,13.61235185,52.36202313,0.414543459,0,0.010396133,1
3205.536949,19.44286186,623.2481211,709.4933508,79.01973835,11.79486199,113.7033406,0.465702446,0.266666667,0.009415068,2
3602.347183,65.89157051,2373.643134,724.5668155,30.70289753,22.13968777,75.71184602,-0.604261794,1.8,0.016486233,2
2438.356854,59.98367623,1462.616081,808.8732935,37.72219058,19.28514923,63.90369741,0.03205623,0.4,0.013312546,2
1688.708745,35.36898854,597.2792027,815.7489224,61.04843745,14.53767539,58.66468627,-0.060068218,0.066666667,0.011499914,1
3380.087854,20.79935598,703.0365053,879.8941599,78.97557514,12.7677423,100.6069319,0.406111067,0.133333333,0.005725263,2
4423.675019,40.59745112,1795.899304,1009.993495,59.29749177,21.28305668,91.62922667,-0.435003823,2.466666667,0.009208379,2
4579.458256,36.43465073,1668.509621,906.6771041,63.11833159,18.127706,115.6232272,0.564404221,2.533333333,0.009116898,3
1156.542532,47.32997701,547.3913147,742.3764216,47.12462003,12.0955307,73.02529343,-0.292544178,0.066666667,0.010927215,2
4541.391455,5.38085463,244.3656724,832.2180784,94.16059533,11.57558951,461.9259335,0.539500212,0.866666667,0.008645485,2
1489.513164,58.15812606,866.2729433,789.5971007,40.82892813,11.91113138,50.25475624,-0.241916742,0.133333333,0.006662286,2
2454.504463,49.70267054,1219.954267,675.3270022,45.29080634,16.67793917,88.50024207,1.858067249,2.333333333,0.017260047,2
2114.591769,38.20679815,807.9178088,817.4993494,60.97951015,13.30399902,80.02803962,-0.338028136,0,0.007726133,1
4065.914354,34.132103,1387.782075,720.4381345,62.38492438,18.59856151,131.4274579,-1.057660841,2.466666667,0.017632415,2
2956.487003,34.5336618,1020.983223,749.1614181,64.50582082,13.36979573,90.06356443,0.078244181,0.4,0.008138309,2
3914.425782,5.426013027,212.3972529,858.6435744,94.16160571,10.40077276,480.2762771,0.001649364,0.6,0.006867187,2
1333.131415,67.64747285,901.8297121,796.243612,29.9301593,12.9845882,44.33056315,0.192572164,0.4,0.008428612,2
1249.173145,39.37060367,491.8070082,970.1685167,60.49330987,10.64975617,81.82954572,-0.387988596,0,0.004790164,2
2616.62445,30.31715186,793.2860082,860.417382,68.87320409,13.55484765,96.37429521,0.670943531,0.4,0.007996569,3
1812.195305,34.38039284,623.0398649,759.1602883,62.00551817,14.53583466,121.2096427,0.292994616,0.533333333,0.01458331,2
3772.212191,37.91815712,1430.353346,1015.685701,61.91702388,18.74497052,156.6581015,-1.16132237,1.466666667,0.007634233,2
3711.086841,23.77442372,882.2895102,691.1509855,69.51398909,17.71501867,150.2912737,1.712340675,1.6,0.021462368,2
2425.129631,19.24444412,466.7027167,767.0832615,79.8845691,10.16027957,126.2011371,2.215053147,0.266666667,0.007079678,1
1922.10042,45.49839697,874.5248794,841.0059293,53.09400884,14.69778976,84.2520674,1.00583007,0.4,0.009410382,2
553.0161102,37.32496071,206.4130458,776.2342842,58.79843809,7.56065569,47.3015728,3.034680779,0,0.006270037,2
2627.116873,13.46528279,353.748716,729.9303192,85.21359975,9.860661554,73.47528535,5.340838404,0,0.007797206,2
6768.696812,11.98616741,811.3073313,739.2556538,86.25491675,16.56848216,196.4998344,0.995838428,1.533333333,0.016920448,1
4179.94626,29.39195424,1228.567892,746.8646964,68.49576592,17.34698208,128.4826681,-1.143158784,2.133333333,0.015186618,2
3581.603013,18.05327431,646.5966166,941.8434719,81.88366648,13.49336042,91.33167989,-0.179427591,0,0.004620182,1
5822.496383,17.15963741,999.1192677,917.2069179,82.02910579,17.26562708,192.0392182,-1.041698185,1.466666667,0.010866906,1
1549.715319,39.58683593,613.4832609,967.0468357,60.21520243,12.45347719,52.84235283,0.113434546,0.2,0.006169158,2
2047.685057,40.96747109,838.8847837,746.6826239,56.53058461,13.19045341,103.9040624,2.865662857,0,0.009974013,3
1622.388426,22.44362205,364.1227265,760.4519469,76.06972532,9.508964803,58.36408294,0.776205322,0,0.006856891,1
1094.49678,50.11405722,548.4967428,741.4896502,43.76582507,12.27270364,72.82547839,-0.291037186,0.066666667,0.011194463,2
1963.772341,45.4300325,892.1424128,680.0566656,51.30913272,12.56581051,76.15057221,3.868789068,0.866666667,0.011511736,2
3314.282354,56.9892472,1888.784564,829.0382558,41.23120058,22.15762962,73.71100336,0.014910245,1.733333333,0.014831946,1
819.9549722,36.72561341,301.1334932,770.3985899,59.64052933,9.431546954,43.5367649,-0.24834773,0,0.007604047,1
1991.356142,37.40725586,744.911687,964.9906998,62.40525852,14.52827034,70.76570644,0.508069201,0.933333333,0.00701786,1
3197.849847,38.47637824,1230.416802,815.6008925,60.22459996,16.81751778,88.22980479,-0.033569746,1.333333333,0.010696843,2
3541.599145,3.113426194,110.2650754,1123.953795,96.71246999,10.31915822,551.4835214,-1.849318021,0.4,0.005043479,2
3243.90539,30.6357153,993.7936198,613.3074097,59.71235602,18.48606277,125.823009,-0.970039082,2.2,0.023272433,2
1173.161253,32.83580062,385.2168901,724.0567907,64.79304355,9.26128259,55.8945904,0.30050635,0,0.007223937,2
1803.260702,35.56517811,641.3328803,756.5626499,60.66554739,14.51003125,123.2028099,0.209596963,0.533333333,0.014742881,2
1897.491529,66.39153098,1259.773677,806.5582787,31.07535596,18.55461246,55.4248717,-0.27033646,0.2,0.012805824,2
11945.9914,6.683607073,798.423126,921.8233466,92.59861844,19.53280783,331.0902844,0.260035238,2.533333333,0.013438036,1
694.0849164,40.17444989,278.8447969,717.997718,54.28142967,9.151191754,34.69774578,0.478521438,0,0.008121188,2
3382.530839,62.31550049,2107.841022,719.4223224,34.66568068,20.21826033,84.37200699,-0.72830133,1.6,0.014549999,1
2514.866988,37.61310217,945.9194896,799.2209958,60.89208641,14.23983643,63.70025203,0.174394676,0.6,0.009093653,2
5937.242137,12.66054095,751.6869721,965.0369636,87.22440037,15.81874705,180.5606336,-0.796529055,1,0.005854165,3
852.4039543,27.90075718,237.8271575,780.7909407,69.07843771,8.878393764,44.98338082,0.266008405,0,0.007114353,1
2792.264382,64.26453109,1794.435612,831.2171142,33.52279691,21.55001975,71.15852784,-0.367563933,0.733333333,0.014100658,2
2192.209885,57.60977435,1262.927168,808.7883656,39.73210604,18.6080637,64.53160715,-0.252974646,0.266666667,0.013271962,2
1272.114447,25.8194177,328.4525426,768.000324,72.54238631,8.986409302,50.35050424,0.641484603,0.066666667,0.006324621,1
4058.405068,50.17615054,2036.351437,1011.363489,49.59773318,24.07252531,100.1392941,1.267813466,3.266666667,0.011897837,1
1139.590573,52.28298045,595.8119167,749.581429,39.08882148,14.5227501,45.40718834,-0.418230886,0.133333333,0.013593503,1
2459.023654,28.18856508,693.163483,901.7071813,71.32902604,13.62743792,89.16272125,-0.328888232,0.333333333,0.007578691,3
2406.106974,27.09422999,651.9161575,798.941132,72.23758464,12.08856888,100.1760356,0.221253991,0,0.007183552,1
1735.211903,16.58415053,287.770154,807.7123685,82.50099906,8.757828246,105.0520875,1.987271722,0,0.006040679,2
1978.995783,17.58093389,347.9259401,651.6023711,80.01765475,9.155003228,103.6519096,4.331737235,0,0.00941824,2
3004.265022,27.31997828,820.7645515,894.6981435,71.90288808,14.31645534,106.0205813,-0.283122048,0.733333333,0.008303274,3
1139.700299,53.24102409,606.7881106,697.2976533,44.46050835,9.768482359,46.15825686,0.507826442,0,0.007145667,2
3593.106235,68.73834994,2469.841938,730.1036963,27.40750496,23.04365089,79.72211201,-0.654019714,2.066666667,0.017421036,1
1246.59489,58.17055608,725.1511797,780.0888452,40.67682345,10.77962921,48.24188678,-0.387609064,0,0.006215081,2
2435.883692,33.43448264,814.4251101,765.7498281,65.6284365,12.13640884,73.78057588,-0.405847353,0.2,0.007395595,1
2661.353638,39.81925449,1059.731178,857.7776741,59.38021916,14.66614131,102.9097136,0.436163387,1.2,0.008624797,2
901.8303147,37.6124821,339.2007657,830.1215139,59.78248351,9.522324176,48.55996413,-0.605413151,0,0.006880842,3
2398.65604,27.64878734,663.1993076,758.9894357,67.72878354,15.48806445,124.0355718,-0.129396874,1.2,0.015491625,3
6662.151512,12.34264389,822.2856367,738.2293022,85.81174069,16.47908018,196.5479289,1.01242605,1.533333333,0.016952837,1
2983.899304,33.38726425,996.2423455,831.7891316,66.14799296,14.31101889,114.3474925,-0.802837066,0.133333333,0.008184687,1
3876.445634,30.25495635,1172.816935,701.4658117,64.08031779,18.69771654,149.8803397,-0.192790057,3.066666667,0.017065261,3
3918.497377,39.74467645,1557.394104,995.0383874,60.04191709,20.81602542,100.2620512,0.529011862,1,0.010198912,1
1137.846466,56.47506412,642.5995215,751.4958162,34.95385175,14.73694742,42.68744743,-0.13772748,0,0.013402824,1
5933.361158,9.299305139,551.7613591,806.0520589,88.94189349,16.40701818,294.3683566,1.975724136,1.733333333,0.018306794,2
2144.703395,19.53839675,419.0406585,921.7045308,80.26613623,10.81996908,66.193552,-0.292400867,0,0.004961029,2
1163.294139,46.00074121,535.1239263,719.8402551,47.37045177,12.68972631,69.41644384,-0.321028314,0.066666667,0.01268095,2
4733.575165,18.2292512,862.8953074,956.079016,81.58810403,15.97680395,157.7976607,-0.79532129,1.2,0.006284981,3
2777.57216,32.63023364,906.3282855,803.0544631,66.22178218,14.14935132,73.74336661,-0.359367661,0.533333333,0.008624977,2
4817.843233,11.58790773,558.2872283,1225.272937,88.39892287,15.66180614,289.4113827,-0.61258118,0.933333333,0.005525471,1
2778.973529,11.10010392,308.4689497,689.7619146,88.17584061,8.457545327,228.2820461,0.59108244,0.266666667,0.007105921,2
816.8245601,30.21464964,246.800679,880.925927,68.60066548,8.635405709,45.85973499,-0.33246025,0,0.005463409,1
2157.464256,61.88781024,1335.207385,820.5354782,36.45929388,19.42649941,56.18761421,-0.316867359,0.333333333,0.013180007,2
1995.290175,40.3373509,804.8471992,829.5021768,58.27206444,13.95304123,76.9353305,1.461486275,0.4,0.009063851,2
3578.784404,38.0310863,1361.050585,882.7506145,61.63005236,16.96689316,89.37046832,1.650671982,1,0.008373498,1
1826.275296,34.40638908,628.3553839,818.9312741,62.21115077,14.76956084,57.41163468,0.017752223,0.066666667,0.011680666,1
2681.268602,30.98496431,830.7901195,891.3182262,68.19386356,14.21761106,106.7650464,-0.311945971,0.733333333,0.008276392,3
964.2843074,37.51502353,361.7514849,774.3203841,59.52168654,11.0682449,52.23890028,-0.041317822,0.066666667,0.00885231,2
1955.414645,58.71441885,1148.110345,841.9523831,40.66087549,14.28552734,61.29415973,-0.041435931,0.133333333,0.007499504,1
4981.138473,17.71354517,882.3362135,1005.225102,82.1645893,16.14407649,154.3423704,-0.91678765,1.066666667,0.006005626,3
2533.600984,61.90014259,1568.302622,837.9406465,36.96432601,19.23629693,70.53306532,0.725167407,0.2,0.011674926,3
2999.362404,34.70595039,1040.957228,960.536914,64.97418946,16.89984296,93.80472085,0.259580601,0.466666667,0.008684151,3
2802.385124,31.04396126,869.9713522,816.2707596,68.06154773,13.9544809,79.9368989,-0.07826095,0.4,0.00800548,2
5075.774854,11.73554565,595.6698748,686.6229764,87.88809668,10.55922913,208.265303,0.559606962,0.666666667,0.006404827,2
3659.028433,20.46190974,748.7070954,728.7016329,76.34400319,15.51672317,126.1120175,5.267970749,0.933333333,0.015722709,2
1994.81663,38.10453685,760.1156379,778.9716653,60.7020347,12.14481092,69.01832181,-0.337503975,0,0.007628603,1
3043.271097,47.6294629,1449.493678,801.5359657,50.65236259,18.54244958,66.74361405,-0.484234186,0.2,0.012385103,2
1536.08189,61.03204768,937.5022315,785.6023638,37.9712229,11.98410827,52.02308944,-0.169718048,0,0.006354145,2
2795.638379,62.50629738,1747.450039,672.2519467,33.13189844,18.86394745,76.48372481,0.768078281,1.066666667,0.016843955,2
1110.690709,67.54200719,750.1827987,780.1054777,30.9133037,11.22819039,43.16484754,0.098609218,0,0.006680131,2
2198.200633,63.37653776,1393.143454,802.810247,33.97533047,18.68346701,69.07600404,0.020731718,0.533333333,0.013041236,2
2458.307887,21.03413523,517.0838054,960.0704057,78.87702963,11.62779169,64.10572905,-0.059958941,0.2,0.004694567,3
4158.878508,20.92002165,870.0382843,880.3853768,78.72810188,15.0757291,106.865158,0.270328674,0.666666667,0.008206493,3
3463.963529,13.23423699,458.4291428,708.9105685,86.17085525,10.05537942,238.4405276,-0.245141257,0.6,0.007081023,2
5649.967988,13.16810766,743.9938675,625.3122874,82.87440109,17.14739691,195.6606187,0.475351128,1.466666667,0.024157841,1
6675.368944,14.49038521,967.2866739,1002.352459,85.34700754,16.09458746,202.4173868,2.352463941,1.133333333,0.009644413,3
1972.302137,63.4361317,1251.152181,819.7960764,34.5232609,19.20756377,55.87737024,-0.239542543,0,0.013303432,2
3837.687054,20.74925089,796.2913154,935.0984784,79.06709975,14.44237555,114.2879084,-0.196117526,0.6,0.005850706,3
2251.319185,26.61803318,599.2568875,949.204877,73.2687496,12.24132202,76.51291834,0.085885537,0,0.005332906,2
2635.271202,45.06047607,1187.465749,792.539664,53.91851411,14.07694174,73.12036807,4.076584705,0.133333333,0.008221026,2
1945.010797,31.48027645,612.294776,837.1584397,66.94198972,13.64395417,64.22723108,1.651209039,0.266666667,0.009651376,3
747.6342391,49.56883227,370.593562,788.4437069,47.08593908,10.80397603,47.64288193,0.252345247,0.066666667,0.00834264,1
2000.891143,56.761288,1135.731584,835.1114112,42.52325791,14.59481392,62.14825451,-0.148497154,0.133333333,0.007816489,1
6375.435927,16.19412146,1032.445837,814.3421803,82.24014608,17.79411995,376.3934141,0.219466379,2.4,0.01629148,2
2957.8468,30.62907358,905.9610728,876.4999635,69.17801023,13.72934802,85.30061713,-0.478486443,0.2,0.005646442,2
4272.117049,45.78579769,1956.022869,990.3398755,54.02971038,22.98564721,115.2396757,-0.35804515,2.4,0.011446307,1
9388.322974,14.23576781,1336.49986,813.196165,84.40849122,20.66979383,219.9709049,1.335152006,3.533333333,0.016510732,1
2724.269649,49.0315979,1335.75294,938.4370453,50.34716394,20.10520482,65.40578742,0.091094511,0.933333333,0.011694397,1
4751.952737,19.41830177,922.7485224,957.2750629,80.31190124,16.3602245,136.5899839,0.579220345,1.333333333,0.007923502,3
2598.656455,28.75342775,747.2028065,889.6659628,70.94009187,12.50064523,87.50534558,0.659049615,1,0.0063147,2
788.5108898,43.6638275,344.2940348,725.5809523,51.18362327,9.988363339,37.1101441,0.457735729,0,0.008816533,2
2809.376365,15.30000446,429.834709,929.315738,84.55176518,11.24167107,72.47657838,-0.038753918,0,0.004897586,2
1496.34514,56.57339645,846.5332681,789.470481,41.66663047,12.92712295,51.63804535,0.272119176,0.333333333,0.008274818,2
1994.950609,26.23586721,523.3925927,886.9032531,73.55335813,11.10722378,63.74073652,-0.338216872,0,0.004463423,2
2196.122671,51.20177409,1124.453769,701.6407572,42.66386354,17.165522,68.27291502,3.578632298,1.8,0.015886458,2
2426.012697,17.20397475,417.3706118,925.1937878,82.60719016,11.18092758,70.52605783,0.110918603,0,0.004938302,2
3298.994354,31.91074963,1052.733829,856.1142188,66.44059743,16.36178679,140.8857184,-0.575653159,1.133333333,0.01246155,2
2784.043576,24.2085886,673.9776559,856.4255744,74.87214051,13.66911382,82.64490878,-0.354911869,0.266666667,0.008623408,1
8952.125827,11.63998595,1042.026188,877.7235827,87.99815781,16.99481095,279.5758415,0.330454077,2.066666667,0.010184457,1
5132.752073,21.31846139,1094.223769,1071.35861,78.64289527,18.62584158,165.9200437,-0.796240125,1.533333333,0.007005363,1
3131.997614,38.93211682,1219.35297,976.0576039,60.84122912,17.40737059,169.7695615,-1.166950456,0.933333333,0.007597913,2
1730.964015,33.68525472,583.0796375,937.6832976,65.89463444,12.485321,75.80563344,0.063934369,0,0.006365576,2
5747.268007,18.88462564,1085.350047,698.4083401,79.10612106,17.05573804,169.111482,-0.134817895,2.533333333,0.016396309,2
3692.478979,17.46912929,645.0439267,946.1266503,82.47453551,13.37982144,92.07199834,-0.193090272,0,0.004597829,1
4180.850053,3.966608403,165.8379495,1001.015301,95.78328216,10.47524811,537.9783107,-1.481301919,0.6,0.005593446,2
554.9182416,51.96170663,288.3449888,714.0894115,40.76118106,9.571410604,34.36349515,0.71446062,0,0.008898712,2
1134.671437,48.8808079,554.6365654,729.9538917,44.30461864,12.49434561,72.03888075,-0.393142445,0.066666667,0.012264502,2
2188.171481,47.54950369,1040.464679,845.5430703,52.01061036,13.96127669,64.08097867,-0.584540472,0.133333333,0.006913119,1
1149.404027,33.55637186,385.6982896,927.4872259,65.94710065,9.638462478,87.21159419,0.31521037,0,0.005247808,3
6857.298424,17.97110805,1232.332509,588.2309556,77.58386656,19.17184692,151.3371136,1.071497061,2.466666667,0.023750603,2
1529.802147,24.35120314,372.5252285,732.4211016,73.95849099,9.131515106,73.74231242,1.76603471,0.066666667,0.007183641,1
801.1579795,35.34565299,283.1745193,770.568056,60.36699935,9.463028746,43.35014373,-0.169554661,0,0.007724931,1
3391.48734,36.30005774,1231.111863,757.2219838,61.83933232,15.87116679,102.690395,-0.023872408,1.8,0.011126013,2
5442.417995,9.724308177,529.2374981,831.6862347,88.58958947,15.95718853,291.0531907,1.681220199,1.4,0.017849167,2
4697.33579,40.72548937,1913.012988,1017.260489,59.19998458,21.70421504,93.84713992,-0.46268082,2.2,0.008944455,2
1688.356718,36.1363743,610.1109032,971.7119953,63.7203905,12.30914847,62.16915536,0.513500156,0.2,0.005813888,2
1732.608273,39.97893387,692.6783158,835.3893256,56.94408301,14.55437209,75.14302595,0.519879277,0,0.010537601,3
2966.10011,26.08395991,773.6763637,926.2636137,73.82885498,13.21148808,80.99722443,-0.303662063,0,0.004822072,1
2725.232527,25.16200189,685.72306,716.6809006,71.72009022,14.26732886,66.24358858,11.97544428,0.666666667,0.012369078,2
2873.07796,33.12119861,951.5978573,807.5473854,62.26015899,17.65019024,113.9521879,-0.288087978,2.066666667,0.015667536,2
1008.607196,38.00628759,383.3341517,740.2467747,57.17909101,10.91722607,44.7859262,0.28001276,0,0.009601964,2
2751.065899,27.41640855,754.2434665,694.4414609,67.63318547,16.16181805,131.626335,-0.19922317,1.533333333,0.020335339,2
2999.71254,26.09643554,782.8180494,892.2846888,73.8058361,13.02278747,76.92107689,-0.321573998,0.133333333,0.00488772,2
4175.057445,48.57202154,2027.909801,995.1067303,51.19319356,23.34736395,109.5822627,-0.113604967,2.466666667,0.01180784,1
2970.596784,21.30388207,632.8524355,889.1607451,78.56520569,12.68466145,69.74647707,-0.413616696,0,0.00457656,2
4253.843303,28.2424942,1201.391448,912.844126,71.43000991,17.21794531,105.7906988,-0.253645474,1.066666667,0.009165148,2
3473.894643,72.36394814,2513.847318,728.6232514,24.02946941,22.91287973,74.09636104,-0.392635504,1.533333333,0.017026633,1
6121.078211,12.57402149,769.6656899,999.7475947,86.57029374,17.53349584,295.9431104,-0.581838511,2.133333333,0.014324999,2
1488.749722,38.27120289,569.7624266,866.6634025,59.72320091,13.74418682,57.29398452,-0.454747532,0.133333333,0.00974224,3
6071.74666,12.55852168,762.5216208,982.4673136,87.33723644,16.91539763,172.6513607,0.891762443,2.4,0.006823851,3
1577.93996,26.86553917,423.922078,737.8401479,72.06312106,9.148762234,58.9629414,0.396401165,0,0.006228949,2
2001.413173,25.37317487,507.8220641,886.5397452,74.39072775,11.20086507,63.62099305,-0.322600768,0,0.00446186,2
4324.88824,71.46946743,3090.974592,752.4985858,25.29905495,25.60972645,80.81513463,-0.669880436,4.666666667,0.018468825,1
5584.197013,27.70568048,1547.139782,689.4231433,69.68938105,17.78981524,226.5389896,7.23099557,2.733333333,0.017144635,2
5043.438622,17.24587024,869.7848804,926.1904366,82.5635811,14.66279192,149.378398,0.52650491,0.733333333,0.007117465,2
3222.751292,44.1003123,1421.243385,987.9184272,55.63584304,19.65018093,99.60708944,0.207495535,0.933333333,0.009963689,1
5121.523416,12.14590558,622.0553984,1215.769746,87.76072774,16.2464155,298.7925183,-0.676993349,1.2,0.006752106,1
1752.514533,34.30593718,601.2165347,853.9961755,63.29325429,14.28660467,83.64943357,4.572447683,0.333333333,0.011339546,3
1665.141074,23.35672447,388.9224126,713.1181207,74.82398748,9.736770536,64.12548181,-0.211472943,0,0.007733544,2
2993.203786,31.94235274,956.0997115,880.4325614,67.89415774,13.81974184,85.04360915,-0.477151977,0.2,0.005650759,2
1423.455561,64.81924918,922.6732069,797.5787147,33.27497868,13.43778827,45.37090932,0.078796516,0.466666667,0.008779095,2
1476.321648,37.83511048,558.5679265,889.9303347,61.14340616,11.97164508,94.23373638,0.071498388,0,0.007420805,2
1546.992995,45.64688247,706.1540743,844.0842263,52.36067067,13.6095444,53.47660455,2.138882836,0.266666667,0.009085004,2
1575.651471,37.73190811,594.5233653,840.2431295,61.52562651,11.03508089,65.22717162,0.811324206,0.4,0.006573009,1
1012.815593,67.18367722,680.4467589,774.7746898,31.17315008,10.90810319,41.45795816,-0.136100608,0,0.006536457,2
2204.328849,26.42188483,582.4252297,881.7259382,73.36593055,11.79512249,63.81805652,-0.31725961,0,0.004698138,2
6995.565714,8.09394803,566.2174533,1005.483303,91.06780399,16.85364468,381.7747495,-0.630172756,1.866666667,0.012493361,1
2189.269895,61.05709977,1336.704704,820.714326,37.2556235,19.34543247,56.00120551,-0.298181723,0.333333333,0.013100093,2
1569.371615,34.79740354,546.1005739,829.2328408,64.47942442,10.51287624,64.62647797,1.792790703,0.133333333,0.006055702,2
1198.599976,26.52300997,317.9047912,855.3685633,72.96102119,9.323876927,52.70657366,1.683881523,0,0.005205191,1
3245.260682,33.58713266,1089.990011,944.4909189,66.17346601,15.98844182,124.0396528,-0.479265666,0.4,0.007571829,2
1801.491279,20.27593819,365.2692584,615.2443445,77.86515068,8.927448726,72.48751617,5.792974806,0.2,0.007710535,2
886.8494464,34.83326308,308.9186008,769.9902946,61.70295744,9.421132586,42.99990091,-0.242558911,0,0.007599032,1
1245.57699,44.05312806,548.7156267,785.1972239,49.0698579,14.71852882,61.71044005,-0.097452155,0.066666667,0.012926332,1
1186.253053,24.34334149,288.7736317,719.2130165,73.38643058,8.661451821,51.88391882,-0.269449536,0,0.007082055,2
1696.634661,26.26430109,445.6092357,1083.185634,73.72880594,11.37203582,78.74333183,0.752302472,0,0.003950668,3
4292.233485,69.68941542,2991.232424,756.734566,26.65589765,25.59200581,83.1612335,-0.64747044,4.666666667,0.01846031,1
4579.685625,20.79687372,952.431436,893.2001878,78.49779262,16.48865621,121.9528646,0.021149595,1.6,0.009792589,2
7154.14446,7.566498905,541.3182623,1013.713869,91.82211555,16.43647032,375.5399376,-0.584169896,1.6,0.011862331,1
6731.912988,17.18104665,1156.613111,943.8745604,82.24125216,19.10897511,330.7313352,-0.446808533,2.866666667,0.011356072,3
635.0799331,34.27775439,217.6911396,873.3761857,63.57748655,8.625743122,51.30022472,0.286660266,0,0.005954646,1
6382.020585,12.43965541,793.9013689,958.1044584,86.23419298,18.18163672,262.5644712,-0.447744636,2.8,0.014162325,2
2831.497977,23.06236732,653.0104641,899.9191004,76.85382824,12.25020503,68.33387484,-0.337860417,0,0.004253692,2
2524.488729,33.5474441,846.9014452,809.7130269,65.62009737,13.34855694,92.74289574,0.244991047,0,0.008017786,1
757.0437887,38.2289507,289.4098968,763.8604423,57.084345,9.642383998,39.76732558,-0.103023068,0,0.008014831,1
3227.82359,17.98863603,580.6414374,736.8281933,79.614106,13.90221063,115.0979654,7.477966663,0.6,0.013266874,2
2404.755458,66.5221217,1599.694352,830.305101,32.17614297,18.41300445,61.63727308,-0.226883098,0.266666667,0.01119079,3
7513.824742,13.21031076,992.5995984,993.347324,86.3452153,17.79347389,221.5473885,1.540268345,1.933333333,0.011624506,3
3723.574698,66.11107136,2461.695126,731.0733865,31.42640598,21.13656197,82.36898797,-0.633448504,0.866666667,0.014790342,1
7173.712863,18.96486975,1360.485301,575.2622474,77.50610425,19.12959109,140.6058514,2.254592511,2.466666667,0.02373211,2
4992.350746,14.71168572,734.4589519,835.226023,84.50225198,14.78563507,116.4349443,5.569878211,1.133333333,0.010522652,3
3756.078174,49.64305878,1864.632096,989.2467351,50.17366027,21.34442594,98.86528131,0.909755485,1.933333333,0.010477738,1
3764.683744,51.70078534,1946.371061,977.8819573,47.77697847,23.46085747,94.31331459,-0.248806807,2.666666667,0.012920804,1
1410.289106,23.98948632,338.3211123,768.9926283,74.5095149,9.02036399,52.7586058,0.372835791,0,0.006182794,1
3747.982405,39.93326055,1496.691579,1005.437039,59.82216476,18.96990513,149.8927423,-0.4765804,0.8,0.008740934,3
5883.577114,4.554006538,267.9384865,1273.074361,95.42497276,14.94725927,272.0238998,-0.206875478,0.933333333,0.004383501,3
1948.769666,35.13385569,684.6779224,859.1350746,63.72143445,13.69558856,61.0545691,0.165690829,0.4,0.008492679,2
5142.810659,13.85766777,712.6736154,822.5434689,85.50156653,15.00956614,116.4912858,5.877921597,1.266666667,0.010506686,3
848.5749313,39.3845509,334.2074257,829.7712439,57.88719958,9.470539992,47.50725812,-0.51439629,0,0.006755771,3
4499.531583,39.41105326,1773.312789,1012.885009,60.4888162,21.45867339,90.40911107,-0.384438081,2.466666667,0.009204814,2
3362.03686,41.56981025,1397.592343,910.0014944,57.2595934,18.92168623,99.35453768,-0.446439231,1.533333333,0.011383465,2
2415.683051,25.63018732,619.144091,890.0392295,74.19328351,12.10108238,66.87491311,-0.500095564,0,0.004791497,2
1058.435795,48.61287553,514.5360756,843.4020716,49.74146568,10.83812428,83.51733906,-0.549784204,0.2,0.007037849,3
2835.112785,35.81420363,1015.373066,775.9705508,62.89412593,14.16723215,70.70053431,4.130619655,0.666666667,0.008867774,2
1865.955028,21.00880529,392.0148588,727.2581008,77.56586191,9.840053966,58.36865191,0.045245288,0,0.007296515,2
7195.798953,16.91167635,1216.93023,992.0400826,82.9838586,18.48158346,175.531273,-0.271227605,2.666666667,0.007677229,3
1036.848681,35.84867717,371.6965364,781.9736042,61.1332442,10.75474615,51.95972959,1.269858919,0.266666667,0.00861479,1
8091.739735,6.293985406,509.292918,1170.627292,93.10853601,18.25497402,407.617535,-0.732691256,2.2,0.015606762,3
2160.138595,31.38350568,677.9272187,908.0110173,68.20555877,12.99884521,154.2721746,-0.065753886,0.333333333,0.006435299,2
5850.834407,34.69960701,2030.216546,1082.531371,65.26324826,23.07588354,145.1882817,0.359892616,3.2,0.008694812,1
1287.545198,61.15095635,787.3462022,583.4803621,34.95772284,10.68648486,64.42415744,1.723620462,0.266666667,0.00974631,3
4434.790844,38.26396198,1696.926683,1058.542279,61.66674996,20.69148525,114.4609255,0.879168571,1.133333333,0.008705166,3
4664.670753,63.77757632,2975.01395,781.4882016,33.8075892,26.00784009,93.90427321,-0.781917039,3.866666667,0.017828833,1
13377.36106,5.355952569,716.4851134,938.2658664,94.22950558,18.93570158,339.2426156,-0.160492126,1.8,0.011797507,1
3296.293117,25.72421991,847.9456904,969.888846,73.97234687,14.73667856,100.8181311,0.284033612,0.4,0.007176429,3
2387.892788,48.55980819,1159.556158,736.1520664,48.29621845,15.60044232,87.51564534,5.582542546,1.2,0.013582352,2
2984.875059,28.3762302,846.9950179,891.7772623,71.27858033,14.03640238,99.80519987,1.483232637,0.533333333,0.007282437,3
1970.340305,37.05640273,730.1372385,962.7310625,62.80155258,13.61240104,70.9468861,0.435631068,0.533333333,0.006414497,1
2454.611234,67.20622352,1649.651512,827.9490226,31.19762105,18.67183167,62.11474921,-0.21613291,0.333333333,0.011365443,3
4095.693352,27.35682865,1120.451812,1156.477361,72.60287276,18.94617061,156.4834307,-0.454848518,1.666666667,0.006791069,1
3739.690173,22.53687802,842.8094127,883.9864968,77.00040864,15.59511227,95.0847239,0.009225675,1,0.00846924,2
3907.539643,45.07963128,1761.504463,1005.814454,54.76521196,20.01134961,135.4146357,-0.216145731,1.133333333,0.008771405,2
1502.811355,45.22877129,679.7031106,861.3823683,52.5471927,13.90737603,50.65227354,-0.032460554,0.2,0.009394023,2
8720.930995,3.377616797,294.5596301,1059.532854,96.5851366,14.50509213,257.111919,-0.896435421,0.666666667,0.004495499,3
1250.429777,52.4803337,656.2297199,611.5552881,42.38716408,10.70270775,47.2777336,7.198287369,0.6,0.010312858,2
3806.781548,49.34994531,1878.644612,1031.056929,50.52138209,20.72814176,125.9775753,0.406908628,1.333333333,0.008777141,2
1146.43765,55.55149917,636.8633017,570.2558617,41.08505561,8.98749424,47.91741673,2.247593487,0.133333333,0.008977363,3
3343.640243,25.83470893,863.8197243,753.0388141,72.33311966,14.21214544,150.1436087,1.23339734,1.066666667,0.011877825,1
3440.194823,29.08970357,1000.742476,881.649796,70.37611695,15.71557802,90.32397029,-0.503688699,0.133333333,0.008674673,2
2870.133565,36.96274584,1060.880175,799.0559352,62.13790866,13.89736503,71.80345495,2.485775453,0.133333333,0.007973452,2
1847.000748,58.443741,1079.456333,815.2361695,39.50817314,17.68664081,51.69012669,-0.208071078,0.066666667,0.012335569,2
2938.989518,55.82544195,1640.703887,835.6434441,43.6391111,16.31805439,85.57783403,0.167008252,0.133333333,0.008089661,1
3804.597122,32.92010322,1252.4773,618.1438539,62.44195042,17.19846181,112.0614671,-0.493373519,2.6,0.021766817,2
5418.478316,16.76965756,908.6602586,912.0946818,83.1073105,16.80959475,154.1844102,0.240038969,1.6,0.009082237,2
7715.402672,10.04568706,775.0652078,921.0443812,89.7706115,15.51331254,216.3938352,2.569225707,1.466666667,0.007405879,2
2343.299693,71.14256022,1667.083395,829.2001712,27.41176957,19.08680945,59.00134255,-0.030899624,0.4,0.011940634,3
3360.959224,66.93314964,2249.595866,724.5977104,29.72472868,21.46883587,77.71986293,-0.478899128,0.933333333,0.015619828,1
946.2305271,36.77332129,347.9603919,765.5530026,61.01506339,8.902607035,43.9122437,0.861457562,0.066666667,0.006294772,1
2295.854168,44.75911127,1027.603921,740.7395303,52.18926947,14.11753227,85.15100694,6.65051117,0.866666667,0.012598124,2
2095.669222,41.87066632,877.4706672,649.0618759,52.10704763,14.60049151,111.2739019,0.303660787,1.266666667,0.020607627,2
1110.169314,34.51598568,383.1858813,899.3202133,64.76247839,9.633672064,80.98228853,0.158198514,0,0.005686092,3
941.7854374,38.45112704,362.127115,790.3453271,58.66799534,10.779844,57.31502118,0.733109728,0,0.008384654,1
4298.123006,11.47971881,493.4124352,1229.144987,88.48499122,14.80005661,284.9310109,-0.622669452,0.666666667,0.005590419,1
2847.126517,62.33304098,1774.700539,702.3969553,32.83985254,20.50382301,72.08324168,1.381065972,1.2,0.017038646,2
9289.277022,9.922028713,921.6847334,885.5007049,89.83073841,17.17624599,228.9064142,2.381143719,2.133333333,0.008973305,2
4935.675792,62.43367036,3081.523554,776.895483,34.80567133,26.19199596,93.23287554,-0.754926424,4.2,0.018396479,1
4622.165446,44.59013691,2061.029901,1014.415565,55.28016342,22.39505704,95.6591404,-0.407946052,2.6,0.009990372,2
1115.541602,62.66005994,698.9990364,781.5682362,35.90447628,11.10095202,44.71531202,0.04257348,0,0.006624952,2
1553.12543,37.84363472,587.7591147,863.4660524,59.49156718,13.96543844,58.22527306,0.473460252,0,0.009737072,3
1506.849749,30.09010588,453.4126851,814.2429207,68.22318868,11.9278736,80.00670589,-0.118202792,0.066666667,0.008442162,2
2939.872239,17.39115907,511.2778575,828.3318951,82.08761555,11.46936285,121.4842657,-0.769358962,0.333333333,0.006613556,2
2910.136101,39.77750922,1157.579656,788.7158046,59.11976353,14.05140272,74.61089144,0.815489616,0.266666667,0.008831443,2
1109.485818,50.58267022,561.2075522,738.3340744,43.93970554,11.83597439,70.90194889,-0.244958338,0.066666667,0.010653556,2
3107.267772,27.35755818,850.0725885,753.1671217,71.84315881,13.14460188,98.20586774,-0.14377534,0.333333333,0.007927403,2
5947.890252,6.634376248,394.6054181,1019.12006,92.95743649,13.98301711,358.9455358,-1.049019777,1.266666667,0.010529807,1
1736.529019,28.97506099,503.1603424,862.9358583,70.37005782,11.1113996,68.70021653,0.997265092,0,0.005985047,2
2118.129937,41.9318382,888.1708181,696.8891776,47.65376788,18.64961572,72.85933328,1.378708955,2.466666667,0.019774261,2
9189.349796,7.432079698,682.9598006,1099.388067,92.38183959,18.7260762,302.8491187,-0.632947558,2.466666667,0.008904568,3
6472.475781,9.907933381,641.2885885,1088.097149,89.96035579,15.85235028,233.8271047,-0.904879751,1.866666667,0.006637336,3
4331.427118,28.00711403,1213.107732,1007.399934,71.89533006,17.89308182,150.1489728,-0.462435721,1.333333333,0.007406044,1
1907.728934,34.95204321,666.7902413,792.0602355,62.19839338,14.55876858,85.15452484,3.338384721,0.6,0.011351372,2
4164.754007,66.59302289,2773.435589,764.9438262,30.96356366,23.77380251,85.12409955,-0.647382986,2.466666667,0.016249875,1
896.6562626,49.03775272,439.7000808,788.9356653,48.11193665,11.01205473,47.86233081,0.275357577,0.2,0.008403453,1
2097.259876,30.05817343,630.3980108,646.7079003,67.22516822,11.10911612,103.8225362,4.770075851,0.6,0.010106598,2
2874.842382,25.32888688,728.1655749,863.0952563,72.9570672,15.43814026,71.20870831,2.430197207,0.733333333,0.010406975,2
1258.104891,53.80950725,676.9800422,579.0384829,42.98742471,9.341651701,52.76940471,1.556490471,0.133333333,0.008933691,3
2706.561402,28.3680481,767.7986404,861.1536736,70.95668594,13.19701618,94.86675446,0.865350635,0.4,0.007651645,3
1522.513394,59.37164662,903.9412717,786.8826943,39.56215839,12.02302168,52.19734516,-0.277843867,0,0.006449204,2
3024.28899,20.76739757,628.0661183,806.6455981,78.21292769,12.67757344,89.57829811,0.107538113,0.133333333,0.007960088,2
8479.147523,3.388612027,287.3254128,1071.347202,96.57900253,14.46880214,255.4717562,-0.883679678,0.666666667,0.004421618,3
1195.567589,44.28850275,529.4989843,774.3119145,48.6361784,14.75933684,61.03432531,0.372859451,0.066666667,0.013222931,1
2353.357534,23.92142741,562.9567141,902.1588365,75.593972,13.0624832,89.83383843,-0.351688031,0,0.007051296,3
3823.552368,52.60755465,2011.477401,1004.643064,47.1936603,22.7001658,100.1246502,1.141901717,2.533333333,0.011244022,1
2498.191218,29.93138974,747.7433498,859.6886916,69.85453742,12.37428641,92.63928441,-0.564251201,0.2,0.005339841,2
1837.464855,62.69296209,1151.961145,817.988443,35.15066095,18.25930887,52.52112466,0.026579153,0,0.012696975,2
5565.87302,38.30012385,2131.73626,1074.429736,61.65637006,23.25825302,142.8984948,0.391926824,3.2,0.008860119,1
1368.297014,65.50062424,896.2430859,798.799888,32.12734646,13.5765973,46.71497966,0.172958442,0.466666667,0.008752128,2
5261.677336,39.1733178,2061.173584,1059.048982,60.77173901,22.69514806,138.8641967,0.453323597,2.733333333,0.008909175,1
3032.882773,20.5733749,623.9663432,800.482678,78.38860776,12.43170481,84.86867873,-0.019108133,0.133333333,0.007973477,2
2000.23709,24.02615143,480.5799923,776.6146889,74.50895854,11.11136516,63.89656712,0.823342954,0.2,0.007575722,2
3943.346849,47.78104475,1884.172323,991.0129614,51.96271668,21.71709719,107.2687323,0.915256413,1.733333333,0.010789262,1
3435.936393,61.93517237,2128.053127,722.5708486,34.96961119,20.61218253,84.82951577,-0.729014561,1.333333333,0.014781446,1
2468.317379,59.2471962,1462.40884,808.6715308,38.65553511,19.23111202,63.91629486,0.026046123,0.4,0.013284453,2
6789.206849,9.053306003,614.6476712,1045.683856,90.83240119,16.41080312,217.9275217,-0.85499639,1.866666667,0.007286188,3
3882.389386,71.54834843,2777.785486,756.0027825,25.23600092,24.49612474,78.20236954,-0.8014521,3.2,0.017657392,1
3526.343051,21.83833245,770.0945188,948.4475592,78.0275273,14.28175206,103.3233768,-0.038235061,0.6,0.005643059,3
3657.980567,73.27774207,2680.485565,758.847996,23.7940128,23.21947674,81.6659793,-0.705692832,1.933333333,0.016130143,1
1126.857757,51.15165723,576.4064172,785.9860362,44.47902844,13.07180074,49.48794005,-0.3768534,0,0.010352972,2
2896.66287,52.26482296,1513.935721,940.435679,47.0847936,20.62943338,69.93562919,0.202456201,1.266666667,0.011921964,1
621.8417538,45.06599333,280.2391633,731.4625794,48.41256411,10.03602221,36.50168541,0.591017397,0,0.009098552,2
5199.837736,36.95020143,1921.350518,1037.617286,62.98602092,22.36228901,104.5118746,0.054162868,2.466666667,0.009085197,1
1254.650455,38.46843344,482.6443751,844.459589,59.74562709,12.5530805,67.7919669,0.537000216,0,0.008694024,2
1000.46482,33.56106933,335.7666918,784.4573011,63.58260935,10.84573228,53.44868127,1.183827024,0.266666667,0.008596766,1
5876.282134,10.23997629,601.7298971,814.6236501,88.02314503,16.50736179,293.7699221,1.840965487,1.733333333,0.01825644,2
3539.230225,28.42829882,1006.142945,819.7258197,70.94932449,14.83709831,88.01761217,-0.428872465,0.933333333,0.008061649,1
7598.014679,9.962472678,756.9501364,1062.258061,89.90128494,17.9862462,320.4782416,-0.912729897,2.266666667,0.008827112,3
3406.564021,59.31088928,2020.463415,711.0971681,36.44042904,21.31408324,75.28002723,0.641574502,1.533333333,0.017493052,2
9026.405486,9.040048962,815.9914755,885.6401351,90.72855312,17.19238992,228.8537853,2.382940734,2.133333333,0.008979627,2
2124.072762,61.47109157,1305.690712,830.1332871,37.83209762,15.0481126,62.17644347,-0.269697924,0.133333333,0.008044915,1
8739.578019,3.54057263,309.4311073,1091.108885,96.42359964,15.0329362,252.7294302,-0.810181704,0.666666667,0.004513834,3
3178.824461,33.92215641,1078.325805,820.6232592,62.34896092,18.6479962,125.4732351,-0.561355612,2.2,0.015814251,2
2261.11626,27.5074347,621.9750786,886.9088877,71.66992869,13.38784776,72.38287949,-0.027407321,0.333333333,0.007965522,2
577.0808889,46.69243051,269.453093,707.3389453,45.35043916,9.317017167,31.93777844,0.695901826,0,0.009071249,2
2343.770471,27.17045107,636.8130088,776.6881775,71.37033559,11.96299193,63.73461048,0.124466849,0.133333333,0.008044698,2
4595.353401,51.29815388,2357.331459,1026.222324,48.62357893,23.26571154,92.99724627,-0.209194782,3.333333333,0.009428828,2
3615.803994,35.97116023,1300.646648,948.6515811,63.60189903,17.39394929,170.6839126,-1.252616153,0.6,0.00871059,3
9365.567944,8.378577779,784.7013946,1064.642176,91.40937224,19.01039533,264.2191835,-0.311415902,2.8,0.009016167,3
1774.505983,16.16585828,286.8641223,812.7357771,83.13082335,8.538679481,102.3133615,2.191785801,0,0.005347315,2
2427.702887,67.57850894,1640.605413,825.3950141,31.17819143,20.68503932,57.63529305,-0.088215198,0.466666667,0.013675054,2
1744.185514,21.80761445,380.3652523,753.795705,77.18616797,9.378445536,86.68803964,-0.915887799,0,0.006490045,2
1180.246684,49.65314144,586.0295555,722.7244036,43.25865597,12.68342743,67.32961923,-0.290370522,0.066666667,0.012580618,2
4051.815462,45.88186756,1859.048604,990.8140008,53.94323872,21.38738046,99.91660095,0.826860998,1.933333333,0.010406092,1
2803.672547,32.99935429,925.1938369,790.5713401,66.0819638,13.78508756,73.07242458,0.973830237,0.066666667,0.008115537,2
2100.239368,39.47374807,829.043197,967.8307286,60.15047594,14.63239933,103.2252965,0.873637425,0.6,0.007637584,3
4109.224138,37.29031992,1532.342827,795.6272922,61.71408072,16.87162003,130.5030899,0.298407808,2.333333333,0.011611512,2
1965.729169,40.83461202,802.6978796,670.2757772,54.17354377,13.61155528,93.26267403,2.660341586,1.133333333,0.017796428,2
2557.52937,27.09004446,692.8358432,805.3525193,70.66553445,13.59866363,143.4623109,1.176684228,1.266666667,0.0125858,1
9614.187767,6.530116675,627.8176785,1116.605488,93.11371814,18.47472288,385.6185353,-0.678130861,2.533333333,0.015520053,3
4923.96511,44.78666168,2205.279595,1046.668326,55.14026141,22.88170317,99.67740352,-0.446146407,3.133333333,0.009122139,2
2537.530936,61.69281309,1565.474217,672.5509683,33.77355846,18.39999617,80.73578917,0.365123019,0.933333333,0.016207373,2
700.7255547,41.77377047,292.7194849,730.7238351,52.35615571,10.09949765,36.71564156,0.492922193,0,0.009113715,2
3747.830669,27.44454338,1028.575014,1109.593103,72.53929315,17.57601483,89.25909265,-0.158246925,1.2,0.006408685,1
1216.812489,53.92853353,656.2091311,786.0359666,44.74568404,11.02763952,52.70115545,-0.515021121,0,0.00653591,3
6883.181389,24.62514308,1694.993266,997.1570537,75.31005547,20.77213799,141.1958193,0.915526402,2.8,0.008466971,1
4219.994545,36.48413616,1539.628556,639.144551,59.92671475,16.72400948,116.6409764,1.20798723,2.4,0.016819317,2
2299.251124,24.24328994,557.4141165,857.983224,74.51340908,13.14745858,72.93960237,-0.25489357,0.066666667,0.008310163,3
672.6075225,46.07884895,309.9298043,717.6134066,48.30327617,9.581596304,38.06815516,1.004472991,0,0.00893348,2
1330.773042,56.71602401,754.7615578,774.7339446,42.19499229,11.07669605,45.4154081,-0.095313463,0,0.006181438,2
3432.55797,60.29741437,2069.743702,709.6656159,36.44014381,21.042411,74.06617297,0.290633132,1.333333333,0.016744075,2
1324.187166,48.17249701,637.8940231,791.7272354,49.07002654,13.43196217,55.29574631,-0.309092373,0,0.010110543,2
5509.508345,38.37541677,2114.296789,1039.761451,61.58013952,23.60317158,108.4739196,0.103879034,3.4,0.009155372,2
2068.20052,63.1272508,1305.598129,820.0482848,34.89071737,19.51379847,55.96117933,-0.235137188,0,0.013761567,2
3831.179638,47.60121941,1823.688225,1001.541648,52.15162437,22.21207343,84.69007326,-0.06140975,1.933333333,0.011187509,1
3819.300138,71.77954269,2741.476173,756.9276524,25.0771729,24.5073043,76.20623132,-0.887343141,3.133333333,0.017694432,1
3498.293551,26.01004376,909.9076834,774.3334135,72.22686958,14.86021039,110.6191797,-0.583162861,1,0.012322504,2
2118.817718,36.67315933,777.0373976,787.9192097,62.260312,12.35921343,67.41095045,-0.038039413,0,0.007688085,1
1640.314644,23.99115069,393.530358,738.5992111,74.29199703,9.546571787,61.53015439,-0.143803454,0,0.006952412,2
4506.181757,33.12525382,1492.684145,1005.925526,66.8032418,19.03908892,125.0221347,0.54235792,0.666666667,0.008067836,3
765.8097566,36.34735755,278.3516104,874.0590391,61.77027895,8.829060784,51.18210425,0.190108901,0,0.006005178,1
4134.319156,71.5603823,2958.534594,758.3750725,24.57617249,25.93643848,83.29449458,-0.619868818,5.066666667,0.018778279,1
1620.850901,24.04059699,389.6622329,763.4435097,74.28453897,9.666859856,61.34960421,0.222398468,0,0.007065177,1
4372.15901,20.93824364,915.4533059,650.2337279,77.72165633,14.08335953,126.1038902,0.175304189,0.8,0.020149558,2
6545.948661,9.719737002,636.2489942,1056.11272,90.0552273,17.796148,289.0440941,-0.341079441,2.4,0.011097386,2
4017.445255,16.90267406,679.0556772,771.9360704,82.11868696,13.53189541,161.381266,0.097429949,0.6,0.010025681,2
2423.813653,35.15988019,852.2099766,765.8239022,62.95017128,13.08709248,115.2183328,2.304175567,0.133333333,0.009376742,3
2491.969054,53.46347927,1332.293359,707.6641874,41.58883761,17.51781269,73.0680992,2.711259745,1.8,0.015832208,2
1254.102772,44.76005483,561.3370884,781.5351443,48.05447258,15.05189339,62.28077839,-0.060834097,0.066666667,0.013322819,1
3111.301145,30.36051662,944.6071013,617.6816924,60.67820945,18.62141924,124.0344173,-0.940866478,2.2,0.023294216,2
3544.147733,48.06931456,1703.647522,923.6367672,51.0091998,21.40455033,93.64691524,-0.080179306,1.666666667,0.012529225,1
5042.642754,38.17520779,1925.039349,682.8711113,57.1232877,21.21577865,126.6110946,-0.062833795,3.6,0.019238406,2
7022.037895,14.69342146,1031.777623,717.5709339,83.51743279,16.92510224,175.0077828,-0.527048804,2.4,0.015714278,2
694.5652595,48.75981205,338.6687151,725.4782139,45.73798313,9.946786964,35.14661777,0.935907905,0,0.008704082,2
1357.791213,52.58414136,713.9828506,579.2715533,44.30359995,9.339386968,52.65214442,1.572561105,0.133333333,0.008932847,3
2733.250941,31.29358691,855.3322586,807.4927843,64.07489732,17.65574321,113.9056055,-0.286278231,2.066666667,0.015703468,2
2409.445157,30.20359625,727.7390869,813.3885091,68.78642599,13.71560647,104.0450095,0.552859846,0.4,0.00896817,1
2075.753238,31.44329921,652.6853016,733.7834456,67.65882675,10.44509172,78.10769864,-0.698726664,0,0.006432424,2
1711.021592,27.32937244,467.6114634,731.4992102,71.62317998,9.381558008,59.36569029,0.162613972,0,0.006409614,2
2632.788567,48.54975748,1278.212464,889.9487363,50.91489244,16.54216658,83.07695096,0.34612918,0.333333333,0.008689741,1
2431.77,60.18207828,1463.489725,799.661609,37.21223507,19.28721785,69.85415314,-0.101632115,0.733333333,0.013483547,2
1244.799551,35.59429611,443.0776382,824.0172184,62.44983652,12.00632747,69.40848752,0.047047307,0,0.008390147,2
3307.874592,70.53200841,2333.110385,721.6297174,25.00845161,22.50631705,69.16564086,-0.472958238,1.933333333,0.017736977,2
3357.452546,41.9593743,1408.766081,983.9291782,57.76591914,19.88966931,97.55096137,0.315506648,0.933333333,0.010146394,1
3073.796456,20.11782102,618.3808696,753.557691,78.64745147,12.3807732,97.9840334,-0.308733894,0.2,0.009201055,2
4266.322598,30.80923729,1314.421453,884.6245052,68.18978821,17.76079574,107.5293774,1.371433817,2.066666667,0.010584917,3
2924.107751,26.85003459,785.1239426,922.914265,73.06167301,13.38664263,79.02270621,-0.47296028,0,0.004858399,1
2918.976718,24.67149694,720.1552515,861.8672934,73.81794469,15.29986947,70.98212879,2.521716464,0.733333333,0.010338057,2
1292.264641,56.60180811,731.4451524,761.4788895,41.8958101,11.02078886,53.16641203,-0.456201908,0,0.006576216,3
4310.665201,26.9499945,1161.724035,916.6202191,72.65903234,17.46982035,105.8171171,-0.252092359,1.4,0.009234834,2
3550.448769,66.4460062,2359.131409,723.1006076,30.0406283,22.11517943,75.31745465,-0.574805634,1.8,0.016507206,2
2187.83794,24.29250077,531.4805484,761.4948871,74.65971268,10.67753065,80.75836702,0.017188921,0,0.007478228,2
2757.3524,47.36971492,1306.149971,910.3465836,52.15161447,16.87170872,77.02417263,-0.188433904,0.266666667,0.008723936,1
7130.867885,18.0977989,1290.530129,594.7945171,78.88755661,17.91338123,150.1773976,0.715343248,2.133333333,0.021127784,2
3082.953705,21.74757959,670.4678107,872.106026,77.59651859,13.94657423,92.83649817,-0.443471632,0.533333333,0.00838051,2
2080.794884,35.26799263,733.8545863,770.1402611,63.83024892,11.90991134,77.06612436,0.373183915,0,0.007324387,1
2787.246802,23.76345035,662.34601,907.3377919,76.17574838,12.29254014,71.181658,-0.34482089,0.133333333,0.004335396,2
1848.454632,35.92898113,664.1309158,802.2137224,60.47543243,15.04555134,70.29561635,-0.097396742,0.066666667,0.012164664,1
1865.151309,35.89063253,669.4146025,795.1330239,60.3342893,14.97976164,71.96011912,-0.303351019,0.066666667,0.012132963,1
9624.882758,9.371972447,902.0413601,921.9761917,89.82477018,18.1061381,312.2207372,-1.052531265,2.733333333,0.013492173,2
4901.306992,15.39181285,754.3999993,1141.277427,84.60293794,17.2137441,106.6635711,-0.717577231,0,0.004930549,3
1526.699329,57.7521786,881.7021232,789.8414018,41.20701212,11.94425181,51.84293292,-0.241695546,0.133333333,0.006717298,2
2330.834356,46.04896297,1073.325049,823.9795107,53.51744961,14.31678618,71.82599839,-0.013333014,0.2,0.007422173,1
2698.416395,36.7362208,991.2962047,774.908774,62.17382637,14.28141196,71.25188181,3.877997334,0.666666667,0.008897934,2
7433.959715,11.91628656,885.8519421,765.4615347,86.77474722,16.41095032,209.7962589,-0.012908563,1.666666667,0.015259843,1
5074.955388,13.59133439,689.7541572,948.5548418,86.2676908,14.70790367,168.6679095,-0.743630605,0.6,0.005724665,3
9836.867501,5.278779475,519.2665426,1130.444281,94.63526501,17.96419702,289.3945816,-0.71772641,2.266666667,0.007320829,2
9480.375388,9.357926612,887.1665714,1006.647544,90.38874023,18.82253644,245.7033006,-0.671564333,2.4,0.009638569,3
1241.476025,54.55301968,677.2626603,682.9074003,41.85371922,12.36664778,74.35620218,4.695202217,0.8,0.011409457,2
6683.653435,9.002723197,601.7108182,821.3677352,90.23296932,15.18746061,251.6616575,0.373444102,1.533333333,0.011087398,1
2657.535337,24.96459545,663.4429457,927.3714884,74.92806219,12.81113443,84.05374728,-0.502257687,0,0.00488706,1
5249.387623,15.23976839,799.9945154,618.5988949,80.12804545,16.56978536,197.0301442,0.550895674,1.333333333,0.023030706,1
7335.569708,9.08148016,666.1783077,820.1228452,90.20378939,15.24422398,251.7142267,0.390350134,1.533333333,0.011135704,1
432.5059017,45.96179932,198.7874945,780.2144468,48.87735329,7.526499697,44.89038902,1.064493237,0,0.006308178,2
3231.887366,61.21476203,1978.39216,709.2985235,35.06513282,20.9424284,72.94067554,0.261862679,1.4,0.016746042,2
1314.253553,44.77270307,588.426841,575.4053771,52.34247978,8.981696527,52.54137409,1.845489202,0.133333333,0.008661097,3
1937.330062,25.21297484,488.458541,764.706465,74.02029259,9.796653342,86.5613083,-0.925294804,0,0.006275869,2
2609.226397,30.10403129,785.482331,806.8873062,68.844422,13.74785141,107.8676602,0.230068361,0.4,0.008900677,1
1017.739153,65.97733888,671.4772097,776.2982742,32.31612758,10.79638576,41.03505241,-0.138182483,0,0.00657623,2
3051.097625,55.05690877,1679.840036,846.768139,44.57191252,16.61615012,78.3594705,-0.036637747,0.133333333,0.008132603,1
2883.806362,62.83214881,1811.957505,704.3925274,32.55970822,20.26624026,73.9419889,1.23868685,1.133333333,0.016815153,2
2949.450422,24.34007446,717.8984288,855.2448077,74.71161267,13.94270495,79.03202507,0.038920399,0.533333333,0.00857715,1
4558.14457,38.27835321,1744.782678,1012.930313,61.61812159,21.65427195,90.91763134,-0.317008109,2.666666667,0.00924858,2
3354.01461,68.66907577,2303.170833,723.946396,28.04619339,21.84688002,71.79993075,-0.425925248,2.133333333,0.016424738,2
4338.716128,46.32420824,2009.875894,958.2662287,53.32765573,21.34487749,132.6463385,-0.64491257,1.666666667,0.009534188,2
4199.253045,23.16665274,972.8263706,1089.383609,76.79517078,17.35113556,143.0936902,-0.188583955,0.533333333,0.006077701,3
5332.568268,7.985020934,425.8066925,1196.141471,91.96757882,14.95316424,288.7334537,-0.647201626,1.533333333,0.005503824,1
3209.175559,50.93229669,1634.506817,915.259627,48.07806147,21.09387203,86.83585269,0.120594164,1.533333333,0.012601412,1
1408.029716,34.20024616,481.549629,959.7880695,65.6760031,10.60021387,78.64626582,-0.108659814,0,0.004811168,2
1732.850161,14.80897605,256.6173653,635.4801307,82.9882856,8.553607687,102.2856949,6.168322236,0,0.009136945,2
4365.835354,40.92810913,1786.853858,1016.645445,58.96737934,21.54077764,88.0541296,-0.317536318,2.4,0.009225897,2
6103.694994,14.70895764,897.7899112,967.6090592,85.1206183,17.15478439,157.0879216,2.205244072,1.666666667,0.007987507,3
1441.085474,23.43993981,337.7895678,733.6518019,74.76436586,9.097847163,73.92337331,1.767161818,0.066666667,0.007290798,1
1575.249186,39.41347204,620.8603975,771.4120476,59.46399193,10.79543131,103.9062959,8.463160518,0.066666667,0.006564724,2
2873.652053,24.41815644,701.6928538,871.349896,74.8943697,14.07132225,75.95506268,0.52295648,0.333333333,0.008086126,1
9211.61328,17.08816092,1574.095301,855.7148058,81.68735127,21.45010343,309.3469736,-0.705906665,4,0.015695183,2
2970.67923,14.62232389,434.3823385,931.6358573,85.26228848,11.45300358,73.43176548,-0.19682025,0,0.005005859,2
3162.57481,72.0938278,2280.021238,714.1000535,23.22743957,22.24089143,72.44131501,-0.419239565,1.266666667,0.017301346,1
2606.571273,18.92795906,493.3707433,956.9445945,80.96467563,11.6459223,64.72934305,-0.181575145,0.2,0.00479569,3
2516.156408,15.20020234,382.4608651,729.5072313,83.65709819,9.819029662,74.10569689,5.13752822,0,0.007404853,2
2978.674558,20.7349162,617.6256734,856.0270855,77.61682743,13.6715509,204.4741161,-0.527143399,1.266666667,0.012498795,1
3062.158992,24.95210227,764.0730434,861.8570206,74.26883987,14.06574462,80.57946052,-0.225005451,0.533333333,0.008481996,1
2181.280957,32.09135325,700.0025773,681.9228536,59.77174424,16.58786204,98.4133535,1.904522609,1.2,0.020876733,2
2710.85488,23.3961512,634.2357065,932.4960095,76.5249618,12.53758837,80.19426311,-0.405905522,0,0.004696027,1
1887.508091,28.88389758,545.185904,954.6321998,70.97990953,11.95568244,55.320364,0.579242619,0.2,0.005588472,2
3846.46591,29.65331673,1140.604719,1082.814684,70.32509094,17.56169875,89.82960062,-0.313265693,0.466666667,0.006613324,1
2962.106264,19.85010538,587.9812147,865.561396,79.81624128,11.49721659,115.2214736,2.283004432,0.533333333,0.005839829,2
2688.570269,38.49989318,1035.096682,783.7785475,60.47186944,13.91949653,70.91530318,0.605431334,0.2,0.007954313,2
3222.708233,30.35515534,978.2580902,612.9162039,60.05113304,18.49872267,126.0164253,-0.969048008,2.2,0.023310078,2
648.1122156,48.09151777,311.6870014,721.470906,45.64528557,9.568969088,36.23222625,1.048185891,0,0.008731196,2
5493.086986,31.42047698,1725.954132,1141.889998,68.54373649,22.01390303,164.3701217,0.339538607,2.866666667,0.00793517,1
826.4073661,38.92078822,321.6442608,788.9208092,58.89409117,9.984495319,48.15428427,-0.432900957,0,0.007231657,1
2105.171407,56.56823329,1190.858273,701.669767,37.81419412,16.67416797,68.90193227,3.375766624,1.466666667,0.014877094,2
1617.138355,26.94237942,435.6955514,762.3781968,72.20507089,9.400603736,62.07440479,-0.084270545,0,0.005776511,1
4312.885786,38.8249601,1674.476185,893.7870446,60.7047038,18.46373312,127.0536533,-0.184492151,2.666666667,0.009336401,3
1809.149174,53.89493593,975.0397881,815.2286223,44.08843007,17.27503809,53.1693583,-0.071762673,0.066666667,0.012122425,2
1787.863957,46.7124655,835.155334,708.2074328,43.25585494,17.378341,66.65463324,2.320810813,1.533333333,0.017771747,2
4486.091326,21.36235846,958.3349099,1095.07543,78.59990113,17.30230178,146.2128798,-0.25093447,0.933333333,0.005955187,3
7692.075578,5.717593591,439.8016202,1188.796381,94.26816566,15.62536028,258.5536177,-0.844120253,2.266666667,0.004572289,3
1150.946246,62.13700533,715.1635303,782.5604832,36.47945724,11.09314825,44.79829517,-0.031500183,0,0.00666288,2
8408.875082,15.93892746,1340.284499,922.6757487,83.80360034,18.94909971,259.0355397,0.366135155,3.066666667,0.009527255,1
835.2757535,44.58601227,372.4161499,787.3498703,51.72479735,11.2779852,49.48654857,0.292991728,0,0.009323688,1
3557.011575,48.80973252,1736.167836,1012.452499,50.88668245,21.08819026,95.55169849,-0.891954112,1.533333333,0.010635018,1
1659.604534,40.83178098,677.6460886,829.7596896,53.07473432,16.28793942,97.34604354,1.48915819,1.133333333,0.013760474,2
797.291535,39.93297713,318.3822463,793.7262324,57.94891442,10.01970492,47.99859715,-0.364086628,0,0.007304609,1
1483.314882,35.46738065,526.0929354,734.5356892,61.82936133,10.80973173,72.32466228,2.153610723,0,0.009175258,2
2628.014606,64.04187679,1683.029876,668.0969162,31.34403136,18.65899143,77.64652857,0.810090994,1,0.016710902,2
1530.656788,57.46466029,879.5867236,781.7324651,41.46780557,11.95729796,51.6608472,0.01711258,0,0.006394452,2
3729.308426,43.0336041,1604.855824,1006.877051,56.76032464,21.46464316,84.75888927,0.171060051,1.133333333,0.010590227,1
2944.956202,58.14130784,1712.236051,831.8683297,40.3979146,19.29669845,78.76936837,0.371631027,1.266666667,0.012301848,1
7276.9227,11.01653619,801.664823,740.9175975,87.81337705,15.5139844,196.7856906,0.916774648,1.333333333,0.015201555,1
1897.405898,27.16083173,515.3512234,716.4904543,71.61690738,9.572586721,85.96917143,1.497420903,0,0.006965408,2
3019.477498,27.04470861,816.6088909,885.783506,72.37325125,14.231052,99.73560581,-0.482279272,0.2,0.007785099,3
9236.984817,6.617214462,611.2310952,1189.89113,93.01280873,19.23538975,418.5604969,-0.715431763,2.8,0.015675381,3
1221.167169,51.99053439,634.8913369,617.2138197,42.91289198,10.69737389,46.38693615,6.930435583,0.6,0.010134089,2
3105.185363,39.47625689,1225.810951,977.3529734,60.14072845,18.23872453,89.72016493,0.336537031,1.266666667,0.009110886,3
4612.884839,25.68848011,1184.980004,958.2783882,74.20610418,17.43693276,126.792931,-0.904246055,1.2,0.00698686,2
1002.278384,29.68093151,297.4855608,657.1437405,66.78484725,8.749576718,49.64579813,2.930995301,0,0.008693227,2
3060.962542,18.38817216,562.8550619,895.6698463,81.18412496,12.55751272,92.96446408,0.739982251,0,0.00665974,2
790.9319529,38.85314506,307.301939,772.2307127,57.30432075,9.671397299,42.96372384,-0.171334022,0,0.007625305,1
4908.284152,44.52749757,2185.536107,1049.134398,55.38694044,22.87304749,99.28527763,-0.407121073,3.133333333,0.00907858,2
2159.078128,36.24144299,782.4810688,964.6294603,63.48946402,14.1050808,76.52125212,0.323910873,0.866666667,0.00692199,1
2216.187647,50.39119011,1116.76333,861.0789454,48.19642219,16.66051295,68.69956524,1.64084095,0.8,0.01041346,2
4266.085395,33.17940546,1415.461771,753.674093,62.26455695,20.71691116,155.6193251,-0.463039775,4,0.018027871,3
4733.932678,49.90194977,2362.324707,993.3739207,49.88592079,22.89099883,122.5228622,-0.565851097,2,0.009837735,2
1441.240597,39.36282799,567.3130573,869.9016217,58.78973333,13.99926345,55.24383684,-0.397038019,0.066666667,0.009817315,3
7699.915266,14.87325952,1145.228381,942.5936002,84.61604264,19.00818484,171.1691046,1.496402751,2.466666667,0.010420258,3
3545.032494,33.94140713,1203.233912,928.9054763,65.68454551,18.28941934,112.4874423,-0.198335886,1.066666667,0.00981405,1
1237.949178,32.79924975,406.0380429,730.7457337,64.67153504,9.42032941,52.42926547,0.265328182,0,0.007329405,2
4433.435152,22.601461,1002.021117,902.9006597,77.08962447,16.12816955,109.6312519,-0.503360592,0.866666667,0.008082131,2
4628.646541,36.14402298,1672.97907,1037.667426,63.75827488,21.35806902,116.6094435,-0.170440345,2.533333333,0.008640488,1
3156.626041,41.96433311,1324.657067,935.7160826,57.49715262,19.62700675,70.54111826,0.520374171,0.866666667,0.011240072,1
1813.910709,35.2804279,639.9554599,839.9071801,64.10907759,11.10763531,83.5033662,2.815085577,0.133333333,0.006157009,2
2740.819086,44.07919241,1208.130919,747.6096029,54.03456989,14.61162837,116.4706982,2.957862822,0.6,0.010088804,3
2943.590102,55.70556684,1639.743552,834.1363957,42.92526629,19.33614646,80.69054011,0.382972259,1.266666667,0.012271813,1
1913.846677,32.08516398,614.0608447,787.8919078,64.78790607,12.51525782,107.675794,0.865426103,0.733333333,0.012564753,1
3215.531876,26.19600365,842.3408478,1045.176947,73.59953391,16.36787716,202.2559047,1.44668557,0.733333333,0.008181874,1
6065.442716,9.844609338,597.11914,1154.064591,90.12741777,16.07392661,282.0619376,0.008627571,1.733333333,0.00534734,3
3297.622818,58.64533158,1933.901836,709.2236418,37.02455909,20.96632925,74.7768785,0.780201765,1.4,0.017408091,2
3261.130379,20.73022085,676.0395298,869.6593689,78.85230589,12.9098288,148.4150798,12.03562377,0.933333333,0.006700698,2
2695.598104,24.34994979,656.3767848,932.3311617,75.5604126,12.51405861,80.20791278,-0.409924469,0,0.004697414,1
1499.080694,32.18355618,482.4574772,751.3045962,66.66700802,9.883954007,70.11151016,-0.110488055,0,0.006806856,2
1935.236804,55.50267027,1074.108103,806.81593,43.58051664,13.49650253,61.61619237,-0.32249316,0,0.007463277,1
8833.177934,7.074130615,624.8705444,1190.475145,92.54967479,18.95059477,417.9749895,-0.711470277,2.8,0.015666156,3
2079.958102,35.87188392,746.1201559,864.6778464,63.47085866,13.4595347,78.2545876,2.180845773,0.266666667,0.007460932,3
4775.967173,62.83913747,3001.176578,779.3698747,34.6934341,26.14017438,93.10024947,-0.757487316,4.133333333,0.018139402,1
2707.694732,27.22550498,737.183564,880.1321501,72.43869108,12.33220139,86.70314989,0.842082677,1,0.006301296,2
6901.593624,13.61614814,939.731212,932.2629588,85.21135699,18.18393369,260.0711488,-0.186759833,2.8,0.01421813,2
3123.499371,37.80111194,1180.717494,828.4790121,59.89715635,17.26241081,110.7692472,-0.285531066,1.733333333,0.012807647,2
1749.04249,33.66599073,588.8324827,784.7641718,64.97807326,11.71751905,67.36463175,-0.30264394,0,0.007660978,1
1940.182103,25.79390536,500.4487354,923.9229162,73.70992914,11.94377274,64.3516482,-0.029689443,0.133333333,0.006300046,2
4777.219844,17.1119555,817.4757341,870.1081517,82.33827656,14.54406989,242.4861457,-0.493395226,0.8,0.00837203,3
815.4473834,40.68722977,331.7829505,779.5339773,57.9067365,8.189735356,58.38702412,-0.747679229,0,0.005399059,2
7060.84555,11.44435373,808.0681408,745.2378285,87.30542829,15.59827114,196.0626507,0.888326157,1.333333333,0.015282601,1
1852.570894,24.36458943,451.3712923,773.8864632,74.94950116,9.680476399,83.80078208,-0.915487078,0,0.005791311,2
2962.043128,24.81612748,735.0643985,877.5380328,74.96282801,13.44250139,76.97587674,-0.207223078,0.266666667,0.005858251,2
3676.699066,3.650663048,134.2238942,1049.175081,96.13116639,10.2364745,537.9799295,-1.682157362,0.4,0.005337175,2
2500.321432,22.46172379,561.6152938,923.9954938,77.39854041,12.23133638,85.47534579,-0.65858656,0.133333333,0.005283768,3
3070.265818,5.22937904,160.5558372,905.613677,94.36078592,9.622140439,504.1625049,-0.783963815,0.4,0.006192433,2
4740.202334,49.70246303,2355.997312,993.4748443,50.08541885,22.8601639,122.3873194,-0.562651917,2,0.009855242,2
2928.981982,31.44501644,921.0188656,902.4970688,67.77922971,14.97079996,114.7090341,-0.698172676,0.733333333,0.008464309,3
4842.226841,64.31290095,3114.176552,787.1150451,33.15053709,26.35296496,84.71761168,-0.735545598,3.8,0.017961002,1
1610.752254,22.02466588,354.7628021,722.4004734,75.96846523,9.393386998,57.17529567,-0.31204167,0.133333333,0.007556766,2
3684.737605,65.49025767,2413.144152,731.0033392,31.96459195,21.17038077,82.40651871,-0.63670338,0.866666667,0.014817395,1
2072.685216,60.30715228,1249.97743,827.7098566,38.94925812,14.94658375,61.72177894,-0.230420309,0.133333333,0.007966724,1
2357.349077,14.46058464,340.8864586,737.4793896,84.07653755,9.800992242,70.90443094,5.602039407,0,0.007649115,2
3392.114198,61.07275948,2071.657746,716.9491001,36.08546016,20.03903851,83.24439675,-0.672642409,1.666666667,0.014478267,1
1162.805804,32.30716153,375.6695493,816.3092786,65.66634528,9.933901466,52.88984951,-0.362142717,0,0.00694481,3
1094.812392,49.12071634,537.7796895,739.3248677,44.46596452,12.35992744,73.05682623,-0.345833304,0.066666667,0.011643999,2
2942.770247,11.25548396,331.2230331,687.8644036,88.04741169,8.509995405,229.3115141,0.582776953,0.266666667,0.007074086,2
1137.147843,61.77651817,702.4903441,781.832054,36.84823633,11.00629518,43.97107402,0.099369165,0,0.00655578,2
1570.148152,24.51417365,384.9088444,738.3308041,74.17397436,9.172696319,81.8128944,-0.612873337,0,0.006760066,2
1830.129603,29.76602215,544.7567831,955.4849864,70.09562622,11.85338986,51.63572742,0.439733419,0.2,0.005661079,2
3263.721358,70.37013885,2296.685252,720.2706165,25.20944125,22.1526115,68.9994242,-0.423334582,1.8,0.017716919,2
1992.656304,58.30088481,1161.736257,836.9597832,41.04422064,14.5390897,62.20758707,-0.185478266,0.133333333,0.00778524,1
2860.630467,29.70030888,849.6160846,770.9233112,67.47695153,17.0902536,110.5444693,2.927317634,0.6,0.014134177,1
1274.599305,60.72974637,774.0609253,793.8788229,37.99989192,11.74686359,48.43695617,0.025515268,0.133333333,0.006713643,2
2801.244701,28.04265631,785.5434239,673.3354469,70.44247263,11.86897483,97.82423443,2.284785342,0.4,0.009335083,2
2095.325433,36.75116589,770.0565258,801.930312,60.75803157,14.98235685,69.52916925,-0.221716941,0.4,0.010968423,2
1617.628845,42.34978268,685.0623006,825.5366672,51.49773565,15.50280755,94.69148007,1.450285294,0.733333333,0.013266924,2
1157.087157,52.54379374,607.9774894,749.6941042,38.89756774,14.53496163,45.57187031,-0.415179042,0.133333333,0.013602969,1
3280.51434,35.02465086,1148.988694,634.1675543,59.72116121,15.38908564,108.1631172,-0.121836746,1.733333333,0.019823942,2
1562.460877,27.52312477,430.0380565,767.3677638,71.67766346,9.465927121,58.60856898,-0.349552299,0,0.00562439,1
4261.403363,17.04561913,726.3825869,915.1516792,81.82791917,16.47842521,305.9078955,1.717974111,0.733333333,0.010739328,2
733.7655227,45.63730026,334.8707748,763.4516602,49.65970365,9.326291294,57.43697598,-0.829443379,0,0.007851446,2
3599.21269,34.09425054,1227.124592,784.2453092,62.98214652,18.09254328,153.0048464,-1.35276886,2.266666667,0.015362708,2
1237.380684,72.11241485,892.3050923,795.4914076,26.03950661,12.92150283,43.1479394,0.325206234,0.4,0.008443031,2
2395.401626,28.46979957,681.9660419,871.653556,71.07754883,12.18824408,111.7497969,0.080740906,0.666666667,0.006470718,2
8640.592026,3.311115048,286.0999428,1065.14591,96.6541724,14.90413425,259.8550831,-0.966456254,0.866666667,0.004698266,3
3572.645115,33.9235712,1211.968809,752.5806156,64.57727183,16.27414237,101.32263,0.029138846,2,0.011376999,2
2239.672252,43.40503507,972.1305266,609.1055366,50.32892524,13.93032499,90.49158654,0.432826444,1.066666667,0.013056441,3
1351.362176,59.88493416,809.2623494,794.0950759,38.9746248,11.70803529,48.33388299,0.046589422,0.133333333,0.006696171,2
2186.523246,15.38155204,336.3212109,728.39347,83.48108513,9.094514426,73.39297433,5.376400186,0,0.006856189,2
1607.11077,38.07060819,611.8368443,837.9969204,61.1941457,11.2284917,66.23528644,0.651977881,0.4,0.00668624,1
1898.478634,22.50930359,427.3343194,732.3288763,76.05004098,10.19435446,60.39228434,-0.093485414,0,0.007316247,2
1727.960321,22.98061621,397.0959296,760.4097899,75.56353001,9.996992715,59.45994707,0.587215164,0,0.007216802,1
2892.800133,22.43408897,648.9733554,835.1117792,75.63396715,13.67125557,183.4662697,0.376366679,1.266666667,0.012532382,1
4083.225695,71.35130111,2913.434661,758.8928153,25.53940173,24.50773143,78.06442944,-0.789827442,3.2,0.017579487,1
9300.584271,6.049417765,562.6311972,1069.645027,93.84136344,17.15769531,301.9126411,-1.063999913,2,0.007502341,2
888.3199704,42.86591085,380.7864466,738.9122588,52.02502633,10.15083388,53.99408971,-0.850399233,0,0.008940876,2
2076.135808,42.75631969,887.6792632,809.4931947,54.79811418,14.70453753,77.16441444,1.16813302,0.866666667,0.010228819,1
2768.982592,49.16673558,1361.418349,778.3064084,50.09220998,14.88255051,94.59646174,0.560785009,0.466666667,0.008246751,1
4203.64692,50.20744985,2110.54392,1014.511378,49.57991925,23.76840227,94.02733689,0.263351102,2.933333333,0.011878622,1
2990.185943,52.29788196,1563.803915,1021.07767,47.56951793,19.72266763,71.39391843,-0.261362119,0.933333333,0.009143332,1
3056.904384,31.66952525,968.1071057,747.6141187,67.42918984,13.30184955,86.21398574,0.308972118,0.4,0.008126337,2
2594.510519,24.67572875,640.2143781,859.2687671,74.34062967,13.45824153,71.81898968,-0.197294696,0.266666667,0.008278671,3
2639.865737,63.80736144,1684.428673,673.6017273,31.83977242,18.30621492,81.85315068,0.322782559,0.933333333,0.016123308,2
3787.888914,59.29792762,2246.139626,902.9708319,39.85454341,22.5895241,89.56654782,-0.307961313,1.466666667,0.012736289,1
1981.305076,30.62491572,606.7730096,953.4676341,69.20369644,12.40252703,75.82713729,0.091389747,0,0.005632205,2
8540.20052,14.80725051,1264.568885,903.6776894,84.28639627,20.49337365,321.5987993,-1.089018688,3.533333333,0.014759451,2
577.761616,48.32199405,279.1859337,707.4924783,43.95487275,9.291219268,32.01754587,0.6816535,0,0.009031714,2
1507.112813,31.00612451,467.2972753,766.9379042,67.32430324,10.37608969,54.51312796,2.077294316,0.066666667,0.007415615,1
2311.23637,23.82294607,550.6045939,899.1680695,75.67694695,13.27235549,91.713009,-0.414770477,0.133333333,0.007410933,3
1635.650765,35.21270227,575.9568342,710.5051531,61.05043206,11.63561249,70.35887983,1.334126102,0,0.010784155,2
2982.476805,15.55346883,463.8786003,801.1330171,83.47746553,11.499534,76.64242274,0.074789397,0,0.007633004,2
3234.351467,36.60959155,1184.082861,826.277529,61.23726514,17.29446238,112.0357141,-0.398677181,1.733333333,0.012736652,2
3022.923658,25.14806336,760.2067567,861.8798685,74.09843771,14.02940946,80.57878918,-0.224701911,0.533333333,0.008431756,1
2939.929723,43.04034652,1265.35594,914.9298867,56.13743305,18.19256041,102.9967305,-0.045396997,1.2,0.010995364,2
2453.322973,30.35710804,744.7579055,813.6632843,68.60900847,13.57138278,103.5516221,0.576638189,0.4,0.008853411,1
5070.826075,19.68526466,998.2055332,1123.476838,80.30759005,18.41856459,116.4519221,-0.114474978,0.266666667,0.005495201,3
2277.969465,35.62577329,811.5442371,775.9360151,62.96612044,13.45064105,90.78094313,0.269361931,0.6,0.009286794,1
2888.191139,48.5953676,1403.527101,906.9376765,50.91057699,17.0735833,77.08596535,0.432078341,0.533333333,0.00874602,1
3505.165782,19.08928188,669.1109766,847.3944087,80.31463442,12.5488949,103.6860973,1.652128993,0.933333333,0.007755399,2
2914.137816,15.79687702,460.3427668,724.1908809,82.29366299,12.02859943,106.9006036,7.188714588,0,0.009731781,2
6673.322692,14.59594218,974.0343212,843.6623742,85.01406261,15.4254128,168.5107905,-0.042379075,1.733333333,0.008685521,2
5498.41059,9.786321023,538.0921115,821.1651618,88.58369029,16.32448099,292.6867635,1.780667272,1.533333333,0.018142887,2
2939.887022,66.91947669,1967.35701,686.8278719,29.65483612,19.27625679,78.4692198,0.173302445,0.866666667,0.015304763,2
3432.842961,62.060044,2130.423852,721.7004505,34.87467205,20.62610936,84.63237273,-0.67496397,1.466666667,0.01464327,1
1401.452355,28.39424821,397.9318602,772.8726744,69.41221186,10.28936365,51.63477689,1.734954002,0.066666667,0.007802333,1
8799.530999,7.943026457,698.9490754,813.8297926,91.14310895,17.15932411,258.8648148,0.190043856,1.866666667,0.014075557,1
7771.420995,4.832920029,375.5865618,1225.399404,95.15617018,16.88256042,300.0314798,-1.113110651,2.533333333,0.004506986,3
6965.650118,14.34047749,998.9074874,792.0648505,83.61659494,18.86068741,323.9559449,-0.193668428,3.4,0.019395372,2
1756.434234,36.03900781,633.0014707,807.9657997,60.21993849,15.00350347,66.6041872,0.212738937,0.066666667,0.01201926,1
3289.487467,15.90527687,523.2020893,814.4197863,83.28320769,11.75143114,87.73160342,0.689116876,0,0.007181005,2
3127.80642,62.53667682,1956.026193,704.8787433,33.49843665,20.61388365,72.30664582,0.572624052,1.2,0.016624154,2
4317.372823,19.72424509,851.569197,945.7174949,80.16831909,15.35730183,116.6236066,0.026252647,0.4,0.006352396,2
2511.11307,24.97478977,627.14521,795.4916999,72.59789844,13.24716848,127.1248554,1.275691387,1.066666667,0.012601373,1
6491.168556,30.07234971,1952.046908,994.8056037,69.87178845,22.68396611,127.447811,1.981752787,3.066666667,0.009471572,1
906.9225122,33.24321221,301.4901753,823.0226443,64.63128246,8.826080682,49.86847708,-0.428240424,0,0.00639111,3
1367.175509,36.32538976,496.6318324,967.0091649,63.55182348,10.46296864,81.63011865,-0.328618952,0,0.00477009,2
2011.897191,27.61883476,555.6625606,803.0409418,71.45557521,11.72202445,81.30882224,0.577543359,0,0.007090903,1
3525.348839,26.43122989,931.7930562,948.6537688,73.45346695,14.75976074,114.3919439,-0.317130844,0.133333333,0.006035099,2
3069.201928,44.4727606,1364.958826,819.3143547,54.88687302,15.59716753,79.58825654,2.485015016,0.133333333,0.008337455,2
3367.498318,15.60604584,525.5333312,746.3122532,83.61821492,11.73996821,203.7568905,0.927280277,0.333333333,0.012290189,2
4646.003795,41.12086481,1910.476939,930.1934524,58.64883935,19.30882567,118.3012081,1.190973481,2.6,0.009103429,3
4443.424161,22.46851865,998.3715864,1091.83695,77.49645332,17.31338973,146.2935956,-0.310528107,0.933333333,0.00593026,3
2568.439839,52.8359388,1357.059301,679.0375034,43.48240642,14.91846322,79.81735518,2.941040004,1.6,0.013514455,2
2389.186414,24.81327154,592.8353125,963.227532,75.10659266,12.17822533,66.96160847,0.21173351,0.2,0.005206833,2
1469.062881,26.93222018,395.6512496,705.934987,71.46244907,8.670653579,78.21079397,2.216716922,0,0.00680583,2
1853.797342,47.73898761,884.9840832,761.7186588,47.11289714,16.41501249,60.2443864,-0.330807969,0.066666667,0.013915944,1
785.9069821,34.98815001,274.9743138,729.9318601,59.43457539,9.996231115,38.61675959,0.317308786,0,0.009146444,2
2957.342117,17.97549565,531.5969036,923.7600943,81.51198155,13.37924803,311.9209268,0.232926586,0.733333333,0.008408351,2
3374.797918,29.84233418,1007.118473,838.2942697,69.83820098,14.72574694,113.5915321,-0.830130416,0.133333333,0.007876091,1
4691.676652,68.41573691,3209.845155,774.3033201,28.96961121,26.35468995,91.33759159,-0.695549264,4.2,0.018559044,1
2544.400607,20.64655796,525.3311461,711.0826231,75.02809718,13.44401539,136.8474159,4.522529663,1.4,0.013404976,2
2129.946113,61.813275,1316.589448,803.7355683,35.58697255,18.57481659,68.85878658,0.069184296,0.533333333,0.012911431,2
3024.766832,22.57318648,682.7862577,885.3787313,77.15845012,12.87704426,81.91930527,0.623339196,0.266666667,0.005788619,2
5192.90717,48.09042335,2497.291042,1030.802807,51.85424653,23.81929013,106.2909855,0.26429627,3.466666667,0.009491232,2
5577.490085,19.47039864,1085.959554,1109.424383,80.52149237,19.52932968,119.1937472,-0.166804832,0.666666667,0.006119167,3
2327.210924,17.18523545,399.9366768,826.2694762,81.96049202,10.13152283,76.24911015,1.857106435,0,0.006249797,2
1117.754468,43.58341717,487.1555928,725.3634951,52.50626451,10.95351545,71.64103961,-0.519967047,0,0.009776287,2
635.0499116,47.41785409,301.1270405,721.4283926,46.59620544,9.58357326,36.2567964,1.039239316,0,0.008737072,2
2247.033047,51.86682317,1165.464657,680.3463037,43.47546986,15.02878855,80.19068681,2.940493154,1.6,0.013562171,2
3989.143511,37.33866387,1489.492887,795.3389369,61.66140415,16.88385514,130.2297812,0.311861812,2.333333333,0.011634829,2
1234.366918,55.81904097,689.0117757,770.1020427,42.69996879,10.8856507,51.7232584,-0.519309711,0,0.006478541,3
3447.936503,39.49707867,1361.834193,888.8575646,60.14354549,16.97078157,88.57601566,1.81431905,1,0.008519526,1
3028.247193,33.06955071,1001.427741,783.3740931,66.12164459,14.41257189,84.1476961,-0.365094644,0.8,0.009037307,1
2199.101101,61.09338605,1343.505325,808.8808003,36.34536492,19.32521777,62.60564389,-0.212589041,0,0.013726094,2
4412.982602,33.64358685,1484.685634,963.8574235,66.17993247,18.57661325,145.6015588,-0.924580193,1.533333333,0.007629523,2
4121.760603,21.20002678,873.8143516,880.1479219,78.41915557,15.05006019,106.9653525,0.253425637,0.666666667,0.008184086,3
954.803381,37.75440131,360.4803002,775.3265006,59.18457356,10.95045275,52.24991673,-0.015508044,0.066666667,0.008707574,2
1907.732904,45.91698634,875.9734568,801.9395418,52.05952514,13.7839378,73.35535656,0.272811893,0.4,0.009109878,1
8860.230607,3.757597853,332.931835,1221.793534,96.23604047,16.26539886,267.1992718,0.05441271,1.266666667,0.003811219,3
4066.795875,21.70689544,882.7751283,951.6406317,77.69254475,14.47139014,340.4278976,-1.246908683,1.066666667,0.011645827,2
464.0801477,50.13180051,232.6517339,781.188422,46.26101451,7.279955687,47.17786624,0.774931035,0,0.00564929,2
2200.897153,24.80824844,546.0040336,831.7729948,74.27609644,12.23167541,68.66963059,0.326579792,0,0.007910995,2
1261.702255,41.58769616,524.7129004,785.5192483,56.28635361,11.05183058,64.97120687,-0.281466023,0.266666667,0.007594322,2
4352.96865,33.85940408,1473.889245,982.5666272,66.03347576,18.92452802,130.5196267,-0.324707632,1.8,0.008110963,1
3197.050599,55.53964696,1775.630616,706.0520106,41.94669385,18.27333904,80.17952638,-0.615200396,0.8,0.013383033,1
6457.398736,13.24271362,855.1348219,1145.383051,86.62339904,17.99325077,314.7960652,-0.962198856,2.733333333,0.007903324,1
3673.380353,70.51493506,2590.28177,737.212052,25.8221413,23.34966263,78.9524655,-0.693489142,2.2,0.017329201,1
1093.876706,33.69366061,368.5671049,819.9947118,64.68322031,9.419719051,53.71454433,-0.650972872,0,0.00654008,3
1689.095358,36.6407653,618.8974659,764.3498471,62.31622205,10.84481061,86.02998034,4.754502037,0.066666667,0.006610163,2
4033.050292,48.4341871,1953.375124,817.6087351,49.13571389,21.07625154,161.1355104,-1.11996917,3,0.015214275,3
2409.996352,14.3505714,345.8482472,729.46026,84.58312883,9.482907094,74.92147785,4.759648574,0,0.0071456,2
1194.990711,45.84080869,547.7934055,780.6104367,51.7999615,10.89832969,66.24684846,-0.433238098,0.266666667,0.00764453,2
2862.516324,32.11440117,919.2799757,793.4254925,66.9584992,13.32570557,69.34205015,0.414925773,0,0.008068365,2
6303.838705,17.35117126,1093.78985,792.6273918,80.6458597,18.4874369,268.5901897,-0.279497109,2.666666667,0.017665264,2
1120.725469,47.41222754,531.3609094,764.7348476,44.03302824,14.23944368,53.86201122,0.685656136,0,0.013096861,1
2376.594288,33.3889634,793.5201969,773.1832566,65.01099603,13.06932705,128.8919937,3.660587814,0.133333333,0.009361886,3
4049.551616,35.15174003,1423.487856,741.187039,61.45686113,18.83648096,141.5415674,0.626227408,1.666666667,0.01699137,1
532.8584431,48.0087833,255.8188552,708.4351544,43.29174545,9.440566052,31.78476938,0.787996789,0,0.009278469,2
2403.836083,49.36451959,1186.642134,738.1382762,47.56502885,15.74701836,89.55652524,5.145891444,1.2,0.013564535,2
5119.159747,35.50171067,1817.389282,1042.381821,64.43453606,22.20558179,107.7421436,-0.084092058,2.466666667,0.008985228,1
10586.55247,10.15420379,1074.980112,1037.000433,89.77439461,20.55066055,207.2742774,0.216241073,3.866666667,0.007857108,1
1640.332486,63.20561244,1036.782194,816.2097612,36.02777455,12.90890813,54.11518041,-0.364193362,0,0.006803777,1
2686.914453,20.45428709,549.5891961,925.5956679,79.42821223,12.03669405,97.34392342,-0.669597889,0,0.004569236,1
1487.854983,36.74977573,546.7833695,963.075878,63.06459429,12.00619841,50.56077852,-0.129802665,0,0.005938244,2
1983.75904,64.91501898,1287.757557,807.5396535,32.67421792,18.60133761,55.52289838,-0.265982257,0.266666667,0.012865342,2
2107.675216,31.78080083,669.8360626,862.7863725,67.78389074,11.9201868,63.4537454,-0.75374928,0,0.005522262,2
2307.560974,24.59932258,567.6443677,834.1407045,74.11986409,12.68661145,62.87637327,-0.16731519,0.266666667,0.008221571,3
3876.495551,19.85272829,769.5901289,798.4258698,79.34792458,13.87952149,135.2759084,0.132773345,1,0.009909074,2
4598.336566,10.65638287,490.0163501,1128.918582,89.18147856,14.36872144,349.550028,-1.104891162,0.933333333,0.010485383,2
1810.751506,15.8036582,286.1649789,810.8899754,83.52717022,8.672124535,103.2318605,2.128894687,0,0.005749408,2
1410.200186,39.35004462,554.9144026,851.7617312,60.0844197,11.12921612,58.53705704,2.367756154,0.4,0.006635052,1
1417.677073,59.0143447,836.6328345,790.789442,39.75720525,12.08436014,48.60035003,0.04773756,0.266666667,0.007082197,2
1210.385432,48.25083023,584.0210198,805.3252378,47.22961087,14.41990351,49.29693709,0.318382648,0,0.011503865,1
1999.828444,39.67061562,793.3442553,746.1760666,57.8068743,12.84363535,103.6963034,2.93304933,0,0.009788743,3
1355.569397,24.3325184,329.844173,722.1642644,73.72122191,8.852928609,54.42841688,0.020792235,0,0.006999764,2
2367.248344,67.65964133,1601.671739,824.5686094,31.08725735,20.75820146,58.70341623,-0.167062951,0.466666667,0.013656028,2
1812.604334,29.99715412,543.7297158,956.719026,69.86020115,11.81211402,52.53225185,0.35391529,0.2,0.005623932,2
2633.820634,13.599396,358.183698,728.3906419,85.12352372,9.896257234,73.9360482,5.278560351,0,0.007777366,2
4327.466436,11.39482483,493.1072199,1229.037004,88.56840119,14.78091702,285.0162518,-0.623880744,0.666666667,0.005602244,1
7404.582927,11.88226539,879.8321945,1036.507329,87.82999899,18.18644253,321.120277,-0.867351242,2.266666667,0.008922876,3
2021.848752,32.29295809,652.9147704,879.0633602,66.99715709,13.43754705,78.44329491,0.158001557,0.133333333,0.008011993,2
3156.895041,36.31116842,1146.305475,820.2587807,62.41126471,16.51950368,88.80220726,0.022057662,1.266666667,0.010087836,2
1042.859164,37.19415707,387.8826755,739.0453707,58.20410795,10.8775146,47.20384017,-0.006697578,0,0.009382257,2
2206.855433,30.83128004,680.4017786,868.1135083,68.90062672,11.51163277,100.0091432,-0.95070352,0,0.005106179,2
1150.175021,59.58217057,685.299243,774.6399764,39.10833729,10.88183856,43.29526523,0.007698638,0,0.006314156,2
1703.315969,37.57687479,640.052909,741.9381622,61.25929836,10.41116729,72.02925802,-0.761561348,0,0.00660346,2
5666.334105,38.32478202,2171.610194,1080.270732,61.63535144,23.11058746,144.7035195,0.361731113,3.2,0.008725936,1
4116.53053,41.53576138,1709.832298,982.2637601,58.17203206,21.31958675,108.5981998,0.382216066,1.333333333,0.011107069,1
5346.668642,18.80034257,1005.192021,1114.52784,81.19293784,19.01193903,117.641101,-0.107807577,0.466666667,0.005735444,3
2642.084902,14.09950128,372.5207945,726.3455584,84.74733625,9.827662181,72.09835725,6.162737946,0,0.00754602,2
2882.461141,15.23114539,439.0318473,931.7873668,84.65317676,11.47325186,73.33294502,-0.183324505,0,0.004993256,2
1945.252452,24.4843102,476.2816444,849.4319558,74.55187903,11.71916424,80.40013734,-0.117085041,0,0.007539128,2
2418.923431,34.28803408,829.4012903,808.3685134,64.60924768,13.95232744,106.5252672,0.33752191,0.6,0.009143441,1
2328.426688,22.06546144,513.7780928,711.6063783,72.30630418,13.29045707,136.4009174,4.575595093,1.4,0.013321526,2
2971.164028,34.07729405,1012.492302,742.3700673,64.98437341,13.18077452,85.68073726,0.233237624,0.4,0.008083714,2
2016.215547,69.11843612,1393.576655,815.4904533,28.84775502,19.47147075,54.77234883,-0.135552271,0.266666667,0.013359924,2
1941.039419,20.82600338,404.240935,733.9350363,77.64241523,10.23925421,62.10310836,-0.195144408,0,0.007454658,2
5415.707906,15.26330285,826.6158994,678.9310568,83.59236898,13.76065105,194.3850073,5.442906286,0.866666667,0.020000383,2
5428.006135,18.29835821,993.2360065,1101.481457,81.6945506,18.94677772,120.2972764,-0.102007556,1,0.005932779,3
709.0223479,40.78280722,289.1592173,729.167779,53.46210873,10.00746196,35.76443844,0.647929048,0,0.009102254,2
6431.587075,16.50186589,1061.331874,910.4835346,83.38878187,16.72545726,155.6423687,0.341450669,1.533333333,0.007482745,2
1842.493749,20.4517002,376.8212979,730.7459951,78.03898918,9.902878554,62.05542642,-0.119659346,0,0.007344808,2
3326.22063,71.18379252,2367.729992,712.4666824,24.80341106,22.40160621,72.52151596,-0.399835054,1.4,0.017435529,1
909.9125487,45.72034985,416.0152006,881.9523649,52.91457431,10.07772259,66.99982197,0.901874719,0,0.006276653,3
592.6082965,31.24923045,185.1855322,781.6803435,65.30008932,7.24886801,52.91638516,1.824142087,0,0.005991474,2
2392.456025,31.66879158,757.661912,678.622063,58.78409647,16.9557493,94.73623853,1.915958057,1.733333333,0.02108875,2
4342.317057,21.59165523,937.578128,928.3632453,78.06886628,15.91201416,100.0879972,0.24119679,1.133333333,0.00819439,3
2309.954979,26.20085543,605.2279646,746.2639908,70.18401085,13.71271393,124.6068264,1.005881965,0.666666667,0.016128048,2
1788.328423,55.97561502,1001.027833,632.079779,40.30762116,12.51754587,62.53928768,0.675694554,0.533333333,0.010886066,1
3733.524439,60.56464989,2261.196005,919.3413047,38.74783155,22.55958249,84.33682341,-0.294684152,1.4,0.012478652,1
3517.566333,17.15930308,603.589868,734.0355023,80.15155825,14.17758835,118.676158,6.635188836,0.6,0.013275269,2
2190.462459,26.33109343,576.7727166,806.2411983,70.92581143,14.30050284,109.0026195,0.712697839,0.733333333,0.011701605,3
2412.048212,37.82954756,912.4669254,856.5023118,60.61705597,15.0374939,73.33869,1.232839389,0.533333333,0.009386082,2
3119.426732,29.55360609,921.9030886,672.8273271,63.96642144,16.60513757,128.0188875,-0.058474748,1.533333333,0.021151659,2
3873.035459,26.45050304,1024.437362,986.6331476,73.21665795,18.08303891,150.2275955,0.381351979,1.4,0.009460449,2
6424.651392,32.01401487,2056.788852,998.0826152,67.91716195,22.62952125,125.6447025,2.2954664,3,0.009439307,1
3298.079082,72.96437263,2406.422711,718.5908889,22.2079136,23.50367893,74.37399839,-0.386474327,1.933333333,0.018245954,1
3493.157399,34.06427909,1189.918886,794.8686636,62.61461062,18.45518217,129.2332803,-0.965452738,2.266666667,0.015697412,2
1464.871835,26.00790496,380.9824747,723.460316,72.02203397,9.275565987,50.51426948,-0.275090529,0,0.006872026,2
1985.630209,48.56626862,964.3465012,845.2287679,50.98680256,13.64300353,62.33283233,-0.477334148,0.133333333,0.006842722,1
2807.658586,24.04548815,675.1152128,908.626234,75.89528188,12.24845974,67.62542236,-0.243684757,0.133333333,0.004314906,2
1336.497534,30.2652745,404.4946475,724.2007207,67.21949241,9.497783167,49.41230686,0.01508491,0,0.007406433,2
4322.30893,46.47771739,2008.910529,1085.277669,53.48581013,21.70558224,97.10969006,-0.333175696,1.533333333,0.008222068,2
1529.178592,32.16074869,491.7952839,754.3569487,66.62364848,9.979198206,69.22344974,0.040934235,0,0.006872405,2
5304.275278,39.26051778,2082.485939,1040.122998,60.69490301,23.61282522,108.535277,0.102551523,3.466666667,0.009170466,2
5307.418001,38.74842697,2056.540988,1040.999772,61.205668,22.79191303,106.4498499,0.152463474,2.8,0.008878834,2
2800.648808,54.77662782,1534.100974,835.6884572,43.93822632,19.52648002,76.47723247,0.706220012,1.266666667,0.012568657,1
4191.645313,16.77017975,702.9464534,658.9710967,81.60178597,12.99324715,132.5386254,3.141939003,0.733333333,0.015453311,2
2509.04333,66.185397,1660.620289,668.6368033,29.14916265,18.48951241,77.15415061,0.838979521,0.933333333,0.016659247,2
2084.716572,39.40636737,821.5110709,964.3105846,60.38674583,14.34323814,70.43612953,0.537063622,0.933333333,0.006918965,1
4164.14512,68.52061268,2853.297749,762.736357,28.4339854,25.73891585,90.33795804,-0.643496193,3.733333333,0.018437253,1
1378.64008,45.31679915,624.7555562,732.7245996,49.66462951,12.76768305,65.25147054,0.079213714,0.066666667,0.011487963,2
3267.312665,23.55362243,769.5704887,936.4377371,76.15639872,14.60323591,97.83385044,0.117437326,0.466666667,0.007424336,3
3137.259745,69.52179752,2181.079368,718.3509373,25.89839118,21.80944429,69.77345321,-0.416741894,1.4,0.01757291,2
4196.354161,66.18950638,2777.546105,762.1574795,31.4798124,23.68257735,85.55006695,-0.645810026,2.333333333,0.016305046,1
1968.364193,40.1761831,790.8136023,829.5644191,58.38141412,13.90861307,77.01174407,1.454665843,0.4,0.009078413,2
2563.253052,19.96654864,511.7931674,713.4750211,75.91285725,13.46365854,137.8023674,4.246217974,1.4,0.013341331,2
2136.332981,41.90564189,895.2440485,829.1210207,57.33096834,13.80227741,81.13239708,-0.138123146,0,0.007851897,1
4532.39322,45.2221355,2049.645003,1025.459236,54.68820889,22.1965164,92.42381778,-0.484526343,2.133333333,0.009326597,2
3812.881454,34.75658181,1325.227262,881.9484362,64.61056835,17.01216883,110.3526813,0.172270999,2.066666667,0.009651019,3
995.1842515,51.6175806,513.6900332,903.1999431,47.49826003,10.81188689,93.73579477,-1.156647859,0.2,0.006132656,3
10551.61493,11.30849871,1193.229239,1028.809631,88.62562522,21.20645013,210.7784493,0.077151823,4.266666667,0.00803279,1
1528.89778,40.21310838,614.8173213,808.3841279,56.29685306,13.6343069,52.87892528,0.291095747,0,0.010457723,1
3473.618326,66.57948057,2312.717039,723.0803786,29.92700832,22.18791675,73.34714181,-0.355732132,2.533333333,0.016918033,2
1438.256228,27.94294809,401.8911912,721.7895627,70.05079447,9.579098258,50.51229431,-0.215747428,0,0.007341916,2
3870.39413,20.68573611,800.619516,1030.626954,79.18314645,14.7494478,142.2345487,-0.407472288,0.466666667,0.005539216,3
2214.804754,25.84191314,572.3479209,892.7058361,73.92429688,11.26717591,64.81188263,-0.385665613,0,0.004463897,2
4937.05867,18.33401471,905.1610627,926.2272009,81.44641878,14.83062129,147.0211014,0.718649479,0.733333333,0.00732993,2
2148.995409,52.8234535,1135.173591,780.245443,45.92382123,13.60712836,66.22868555,-0.101735591,0.6,0.008334602,2
2267.393737,67.87047674,1538.890939,832.8617708,30.8000181,18.92914534,59.07440871,0.125061817,0.4,0.011978237,3
4191.121672,43.07583593,1805.360695,1017.381861,56.77387336,21.28611169,98.24724491,-0.348315789,1.8,0.009415165,2
7156.169956,19.90064804,1424.124196,782.5452267,79.14061788,19.32482029,224.2102066,1.735207657,3.133333333,0.013859579,2
1948.33244,25.26083459,492.1650349,842.2899525,73.19838595,13.51198661,64.58288162,2.156741873,0.133333333,0.009626703,3
2245.752439,34.1934235,767.8996422,686.4544411,57.28863717,16.54585951,90.45449473,3.090013477,1.4,0.020260762,2
4140.529073,42.93706319,1777.821585,1006.236823,56.91256918,21.41801094,93.38730961,-0.253720832,2,0.0095001,2
1393.709387,28.56025239,398.0469186,774.3955059,69.32990177,10.23020646,51.46192569,1.778128078,0.066666667,0.007803818,1
1216.992843,54.16925208,659.2359208,689.8822839,42.45519045,11.62983611,61.29855233,6.227191754,0.466666667,0.009556848,2
7600.008888,13.31927621,1012.266176,1131.625662,86.21466246,19.51409766,378.2046072,-0.760656329,2.666666667,0.011355174,2
1535.078895,44.52629993,683.513833,842.6461462,53.49836479,13.53191399,53.04170315,2.179018971,0.266666667,0.009046464,2
1718.231869,26.30911094,452.0515288,735.2557887,72.56173832,9.333453079,60.20584715,0.154561103,0,0.006370264,2
3231.061821,34.50615051,1114.915055,818.6217997,64.45092262,16.78972439,90.23877385,-0.03992951,1.333333333,0.010574405,2
2998.964816,67.36495239,2020.25122,684.9907853,29.33553368,19.5056469,78.39308595,0.22203279,1,0.015698409,2
2057.79218,34.68621719,713.770265,860.6045024,63.89832137,14.21055885,62.18917352,0.094755729,0.466666667,0.009304988,2
3259.06427,51.17675031,1667.883184,989.4477328,48.4459204,20.80331557,83.47265291,0.903488063,2,0.010795557,3
3016.864937,23.03324981,694.8820373,878.590569,76.66230124,13.02332009,82.71632895,0.412946615,0.266666667,0.006000172,2
1611.706229,61.00118641,983.1599212,815.7831373,38.16886378,12.85404833,55.32332988,-0.300809754,0,0.006787924,1
2088.383194,34.45406463,719.5328952,913.859367,65.11073378,13.38144961,156.6790146,-0.307152708,0.333333333,0.00653583,2
3747.488486,42.77480833,1602.981017,1000.596466,57.00737086,21.19706058,88.51555887,0.167027971,1,0.010539207,1
2723.369898,30.52554195,831.3234205,893.7632268,68.62390361,14.23353798,103.3609156,-0.324675991,0.733333333,0.008291482,3
3627.628597,47.6567405,1728.809547,790.427065,50.42521499,19.23077054,116.3859415,0.028512707,3.066666667,0.013485452,2
2781.740913,28.90122551,803.9572143,861.7048483,69.20057039,15.54005929,70.52872251,2.306580393,0.8,0.010365569,2
3482.099352,23.68998772,824.9089088,931.3086513,76.23983209,13.98138925,79.02787568,-0.490789561,0,0.004719995,1
4327.524232,70.64877207,3057.342731,757.1318367,26.19861812,25.66677555,83.20386426,-0.652624281,4.666666667,0.018532787,1
1590.853431,33.44699957,532.0927402,930.7330051,66.09098587,12.09574532,69.56279079,0.117186802,0,0.006268953,2
1659.174835,19.49054441,323.382208,641.514695,78.1068526,8.82607802,103.0131863,5.386542364,0,0.009003227,2
9092.16727,12.2929791,1117.698222,886.053556,87.4005246,17.14584574,228.4457636,2.406217393,2.133333333,0.008978234,2
1619.538438,34.4566181,558.0381746,864.2865958,62.69946272,13.55856221,60.28066847,0.381455927,0,0.009515782,3
3846.750616,19.57857908,753.1391113,941.1775667,80.31141729,14.35212786,106.7886435,-0.11619251,0.6,0.005708496,3
4056.470401,32.61749204,1323.11891,1171.5373,67.34473184,20.0875545,146.3779142,-0.381885016,1.933333333,0.007108523,1
2699.311301,20.02072851,540.4217871,880.3715153,79.39410348,12.9489236,74.30218553,0.092130863,0,0.007244385,3
2482.62049,57.40331924,1425.106566,770.4687764,41.52184294,14.96047264,67.59741716,2.247184527,1.333333333,0.008924773,2
9341.04212,9.661352142,902.4709729,921.943849,89.69030247,17.97890236,310.9929883,-1.055305687,2.733333333,0.012880537,2
3932.695417,53.76121859,2114.26498,887.339096,45.33162286,21.84375168,96.79066719,0.149547168,1.2,0.0125489,1
4623.373861,38.50642907,1780.296176,1027.777554,61.39380146,21.00188688,98.53932059,-0.332813098,1.6,0.008825041,2
1268.031903,42.68886213,541.3083906,797.7147395,51.02596986,14.61757918,63.74104272,-0.376408797,0.066666667,0.012598014,1
3783.63655,30.03065074,1136.250678,749.994753,67.36310655,16.76937468,120.1994155,-0.956802431,1.933333333,0.014779804,2
2041.822812,34.26835415,699.6990721,857.4876429,64.22821704,14.19145205,61.95269302,0.272446594,0.466666667,0.009231379,2
5972.776327,10.37805093,619.8577689,809.0468344,87.85535544,16.56295767,294.0270383,1.936498394,1.733333333,0.018354288,2
2824.343552,15.03301795,424.5840733,929.0906292,84.81507189,11.24829697,72.56716648,-0.046722878,0,0.004916832,2
2250.991741,16.23125582,365.3642279,905.5000179,83.46527644,10.67207301,61.14209723,-0.112251222,0,0.005235713,2
1993.500739,55.26822884,1101.77255,788.3082721,43.88588876,13.13153755,63.92506751,0.91806372,0.533333333,0.007358893,2
3146.648404,21.91820249,689.688769,770.4813866,77.5219566,12.20809304,107.2994113,-0.769346175,0.066666667,0.007331046,1
5624.98437,10.46668516,588.7494045,1147.344581,89.47061816,15.31227008,314.9033905,-1.085710739,1.8,0.005523017,1
1588.309271,17.86570025,283.7625733,795.7837922,80.46748336,9.014777009,108.7561515,1.965027191,0,0.006978309,2
3419.631978,22.69784441,776.1827458,947.6688434,77.16092566,14.21580188,102.8278188,0.009936831,0.6,0.005636441,3
2999.738146,51.94420361,1558.19009,1020.68194,47.92020754,19.78580789,71.33993153,-0.257535126,0.933333333,0.00915059,1
2123.876223,57.83144537,1228.268318,808.815074,41.54383089,14.18936799,64.96710319,-0.265332915,0,0.007283487,1
2674.467042,37.67535631,1007.614988,854.4516362,60.81523097,15.67724623,74.1013577,1.045902825,0.6,0.009907185,2
4316.901002,70.10387171,3026.31474,757.2316981,26.70347809,25.7335645,82.86978055,-0.639593794,4.933333333,0.018627113,1
3807.488097,22.90932155,872.269691,906.1803094,76.3478188,15.22550725,340.8103897,-0.977024055,1.333333333,0.015187793,2
3079.311997,30.08269599,926.3400667,763.8267927,68.95414873,13.38095272,92.61910623,0.711479399,0.666666667,0.008438757,2
1091.74702,51.50052739,562.2554732,783.1936767,43.86113281,12.7948499,47.26618916,-0.430944033,0,0.010184634,2
2872.677042,14.77829947,424.5328162,964.8658231,84.76342112,12.33519802,336.2739708,-0.75981741,0.6,0.007736047,2
1512.420197,44.08906762,666.8119634,843.9242395,52.70266614,13.96525375,62.81325882,-0.072226809,0,0.01009453,3
1302.076125,50.49140472,657.4365262,610.880807,44.78866046,10.66425878,46.76471369,7.693366135,0.6,0.010300856,2
4711.058922,48.1737673,2269.494562,991.6772887,51.57466415,22.60775402,123.2525564,-0.622380408,1.933333333,0.009619781,2
2608.300655,62.89676804,1640.536813,678.341084,33.02945496,18.08564439,62.33348543,0.045641318,0.266666667,0.015128379,2
6461.863344,15.98862917,1033.163368,672.513222,82.30569822,17.30796587,153.9423658,-0.562173335,1.666666667,0.017286451,2
10052.2836,10.57690518,1063.220505,826.5718771,88.45909512,19.09135907,206.6826121,0.592493227,2.533333333,0.012855274,1
757.9025492,39.00550816,295.6237407,762.6158094,56.09260391,9.833562071,39.19613431,-0.120050974,0,0.008132316,1
2421.216244,36.48410889,883.3591708,869.5670487,62.28200831,15.59171896,74.36610974,1.65043772,0.4,0.009734902,2
991.7785088,54.19379056,537.4823679,692.0703318,42.97868579,9.695684183,42.07744731,0.766424709,0,0.007269993,2
1574.727274,34.85353916,548.8481871,935.1169344,64.60562974,12.12069411,63.3414009,-0.048812908,0,0.006432641,2
5380.238037,11.51003477,619.2672686,925.9083655,88.27238952,14.41294037,196.5120568,4.712305812,1.2,0.006807795,2
3063.075116,40.41904124,1238.065594,785.6640531,58.56903512,14.44707436,76.66217192,0.485198455,0.4,0.008874176,2
2393.031503,13.63322472,326.2473624,728.9588109,85.27639146,9.335531936,74.27987224,5.034497412,0,0.007113855,2
4249.324857,19.76240021,839.7685844,832.2452114,78.8566506,16.60318906,219.9321495,12.06918287,0.866666667,0.011273956,2
3687.02539,21.82618187,804.7368674,927.9059229,78.10565026,14.25258968,82.17837332,-0.477937462,0,0.004964044,1
5718.169609,17.82851587,1019.464776,891.0846826,81.72740132,16.86381264,140.6260738,-0.022537309,1.6,0.009392633,2
2306.245939,69.54072322,1603.780106,823.5655253,29.0291942,20.6445563,57.23338158,-0.3494727,0.4,0.013871902,2
761.4647036,37.20005165,283.265263,770.2735017,59.12874173,8.724560544,57.59145108,-0.750461502,0,0.007124596,2
2926.763468,31.5547823,923.5338408,654.1323339,61.52883599,16.9470497,129.9267911,-0.131093673,1.666666667,0.022098243,2
2572.899992,65.43929785,1683.687689,668.3558808,29.98646225,18.59247262,77.60826679,0.803812199,0.933333333,0.016685552,2
3453.652577,41.05865803,1418.023401,754.2348166,56.96678227,16.47074244,101.274821,0.064192558,2.133333333,0.011488715,2
1553.681847,27.05858958,420.4043944,765.7359689,71.93830292,9.226636992,60.10049741,0.005823521,0,0.005903214,1
2992.33721,24.62181826,736.7678298,855.5574608,74.38706885,13.85330953,79.0763001,0.036266259,0.533333333,0.008573927,1
4365.182487,46.60309922,2034.310326,952.4018557,53.03035813,20.81853352,128.0774316,-0.566250311,1.466666667,0.009512392,2
1517.454651,25.27266948,383.5012984,728.2627083,73.25343083,9.387835076,76.12381639,-0.239217331,0,0.007060361,2
1721.86217,30.28529142,521.470976,874.0709985,68.77854492,11.87290366,86.85060636,0.156846062,0,0.007425101,2
2562.957114,64.01365777,1640.642596,677.1433737,31.7547399,18.07854322,61.77965817,0.125363874,0.266666667,0.015271205,2
4913.4808,44.92381979,2207.32326,1052.64894,54.98256952,23.02073798,95.39334247,-0.257143561,3,0.009376138,2
3301.388651,21.34827848,704.7896428,714.6967734,75.57429683,14.30487726,73.53903924,8.282645394,0.933333333,0.012261067,2
1032.711175,32.37807293,334.3719775,894.8363543,66.47714213,9.334523022,56.04978714,-0.434269296,0,0.00582154,1
1092.259892,53.29211837,582.0884344,698.9394794,43.96504227,9.839634385,42.03451334,0.754537838,0,0.007410322,2
1760.22776,56.83552946,1000.434767,812.5427618,40.98024236,17.28232702,53.35221959,0.063807177,0.066666667,0.012230589,2
1732.569518,63.46734712,1099.61591,817.1363357,34.41531207,18.20458871,52.49805604,0.040116223,0.066666667,0.012790441,2
1395.425832,33.41399603,466.2675323,838.6694924,64.34755743,12.98043761,68.98955483,10.61174935,0.6,0.008676117,3
730.5332498,39.16882732,286.1413071,744.7603253,57.36596051,8.493260082,63.07437943,-0.788598726,0,0.007166646,2
1701.242562,24.22574595,412.1387009,766.4703009,74.56457207,9.730656338,63.43802226,0.528470763,0,0.006369435,1
1148.82146,57.41276634,659.5701806,701.9905862,39.75727379,10.66440569,43.31407278,0.480852894,0.133333333,0.008612294,2
2845.621995,36.7033186,1044.437707,795.1872733,62.40779359,13.65702193,70.85033747,2.399247623,0.133333333,0.007912748,2
3037.966821,45.37178371,1378.379735,982.1279443,54.25263593,18.85101494,84.30586897,0.926115725,1.266666667,0.009489393,3
4491.736196,42.60683257,1913.786521,982.407539,57.17145682,22.90836974,106.6287548,-0.083357989,2.6,0.011507188,1
762.6762055,42.09206635,321.0261745,642.9263853,51.02606241,9.120836657,49.78473636,0.740837153,0,0.00995059,2
2857.864593,27.56891398,787.8822313,870.9575801,71.70248658,14.39540332,79.32621822,0.309364316,0.533333333,0.008298589,1
4937.84673,44.29852485,2187.39326,1048.321154,55.61937434,22.85416656,99.12576335,-0.413088628,3.133333333,0.009046175,2
4268.114495,22.65880082,967.1035624,922.7834917,76.72921464,16.82156077,131.9004914,1.31584272,1.4,0.010069217,2
9259.572768,4.951345292,458.4734203,1188.733629,95.03835073,17.36347647,228.8806432,-1.083478197,2.533333333,0.00484337,3
1992.129717,22.19953567,442.2435472,614.5959459,75.96721842,8.728000709,71.33064063,6.412035266,0.2,0.007473292,2
779.7985724,37.64815355,293.5797639,733.2864139,56.96483071,9.89671463,40.02531584,0.22080664,0,0.008956334,2
4392.306702,25.24562911,1108.865459,942.7279912,74.62450004,16.45905554,123.0507533,-0.608588674,0.8,0.006662386,2
2367.836854,20.12482573,476.5230405,940.0201029,79.76041437,11.33575857,72.025342,-0.274173184,0,0.004449834,3
1924.337798,58.18930323,1119.758757,836.5040507,41.11312699,14.42706764,61.34707059,-0.127154888,0.133333333,0.007699944,1
1845.890249,61.21633477,1129.986354,823.4868924,38.0072146,13.70715536,55.89304111,-0.404152074,0,0.007302829,1
3509.74198,28.84154607,1012.26385,1103.573232,71.1424141,17.1974843,93.3266973,-0.566658638,0.8,0.006420468,1
3051.309724,33.3855144,1018.695447,791.3582523,65.67053135,14.61567186,87.87280877,-0.498580716,0.8,0.008961458,1
4012.589995,28.32402788,1136.527109,879.8512632,70.53113112,16.96075742,98.18016737,0.579955645,1.6,0.010438029,3
2891.820022,41.20801787,1191.661712,784.2295152,57.86206575,13.88484889,70.88781163,0.625225896,0.2,0.007946064,2
1637.093771,24.06768979,394.0106503,763.5666832,74.33793906,9.646277266,61.47100765,0.207773794,0,0.007054989,1
1554.863101,39.62185663,616.0656289,863.7093131,57.54684015,13.98695385,57.35704506,0.617531558,0,0.009864512,3
655.0320412,46.76895875,306.3516652,721.0296712,47.14982385,9.678941967,36.70471575,0.902184724,0,0.008874307,2
2811.157791,25.32038516,711.7959801,883.0949608,74.42753698,12.92665116,74.01325849,-0.023021343,0.266666667,0.005607789,2
2444.497186,40.51236922,990.3237257,802.9684106,57.97002507,14.197839,63.92091125,0.171304379,0.6,0.009064711,2
2317.718477,48.03302615,1113.270322,893.0987319,50.88455627,16.61439161,75.3652901,1.234762321,0.466666667,0.009954103,2
3708.253273,57.13266162,2118.623795,905.3528602,42.05771904,22.35159072,90.20422347,-0.334923485,1.4,0.012637631,1
6009.33776,14.62285535,878.736768,969.8154318,84.92450296,17.10926589,238.5771031,-0.58199957,1.866666667,0.009348143,3
3482.072248,26.23593231,913.554118,716.543459,71.9622088,14.32320113,75.19816506,7.485417712,0.933333333,0.011163099,2
6557.292072,26.86963048,1761.920149,977.7752666,72.90435487,22.84369976,158.0628343,0.393233632,4.533333333,0.011235913,3
5607.497147,2.277538711,127.7129182,1318.632347,97.65361462,12.709927,534.6723502,-1.61604354,1,0.004761519,2
2916.011237,36.24038347,1056.773654,797.0932197,62.88920347,13.74520174,70.85510988,2.631557907,0.133333333,0.00798689,2
1976.823633,36.35859075,718.7452145,840.1777561,61.36298906,14.24689048,80.91188511,1.099927752,0,0.010293038,3
882.750467,48.87994909,431.4879789,788.6992156,48.29227566,11.00525957,48.25713864,0.180158133,0.2,0.008366323,1
666.9561574,40.94630669,273.0939137,819.9629743,55.97483392,8.518630293,47.27110378,-0.780499939,0,0.006463243,3
1789.635018,22.45532885,401.8684284,605.5014079,76.0149338,8.440969901,73.22061003,6.68552411,0.2,0.007228142,2
2246.859651,25.5765296,574.6687237,806.3353279,71.84371558,14.26494352,108.9784204,0.717505882,0.733333333,0.011666837,3
3492.43535,70.53457209,2463.37433,730.9107949,26.17147948,22.16355678,75.50042207,-0.556619237,1.133333333,0.015969703,1
1946.629928,52.14271538,1015.025703,969.0150735,47.54580533,14.92261346,85.79294047,-0.251306764,0.2,0.00715629,2
2435.415499,32.03707349,780.235853,757.1765411,66.78045855,13.18480839,87.35759572,0.290500525,0.6,0.009118809,1
2187.182416,29.05306403,635.4435077,891.5120323,70.71720069,11.9158376,66.04386659,-0.498716393,0,0.004879911,2
5518.451124,10.17650609,561.5855145,739.776147,89.51786811,11.32215703,242.4673156,-0.875473649,0.933333333,0.006677364,2
3365.779902,40.81369833,1373.699256,978.2558196,58.95582184,17.54812456,167.9366735,-1.152972587,0.933333333,0.007779337,2
3768.499311,29.33772373,1105.591917,705.2508726,65.1775068,19.37704078,148.8475922,-0.188953075,3.466666667,0.017575239,3
2060.275572,33.52963858,690.8029532,961.6103165,66.340495,13.58358493,71.79960653,0.372696254,0.533333333,0.006253892,1
785.1870902,37.75323918,296.4335602,733.3343937,56.87893169,9.888725054,40.02489071,0.221081986,0,0.008956135,2
1066.79292,56.00747333,597.4837602,751.0244607,35.5524544,14.83513735,43.55920677,-0.2404863,0.066666667,0.013762124,1
1717.750437,60.11069814,1032.55178,810.8136388,39.03052984,13.1248176,57.22802822,-0.396681225,0,0.007059559,1
872.5410723,43.66334067,380.9805809,749.6518361,52.89321997,9.373011376,61.45556796,-0.562539812,0,0.007384846,2
1890.963244,49.13563217,929.1367442,830.9234699,50.34226501,13.3577941,62.23519532,-0.156117188,0.133333333,0.00697674,1
1908.425839,29.27130697,558.6211858,959.2972005,70.60207157,12.03311627,54.85011182,0.420727534,0.2,0.005725328,2
1886.956744,55.70406942,1051.111694,812.8159934,42.08510715,17.39759077,53.19263764,0.089116888,0.066666667,0.012339358,2
598.0175745,42.43441742,253.7652738,705.7680002,49.47934783,9.375547298,32.61486677,0.729474581,0,0.009235906,2
6841.90412,18.20806246,1245.778176,591.91451,77.41483515,18.98181013,152.1913414,0.877683602,2.466666667,0.023572183,2
2467.445763,32.66250828,805.9296767,785.7731069,65.80643349,12.77907513,150.2636643,3.580930933,0.133333333,0.008926225,3
4496.710986,24.94240259,1121.587758,936.0382971,74.93859955,16.04100793,120.7357987,-0.416006259,0.733333333,0.006545002,2
764.4631725,30.90110874,236.2275962,771.8116158,65.16119945,9.121478033,45.09246763,-0.236389165,0,0.007668322,1
7980.901435,9.394455971,749.7622714,905.6986345,89.78202686,18.016764,318.0850795,-1.067717417,2.533333333,0.014294011,2
1590.550787,58.33226843,927.8043545,635.6077195,37.72492217,12.50783045,59.315218,0.911260016,0.533333333,0.010859625,1
5375.798052,49.61710857,2667.315556,1019.241872,50.31043641,24.26215671,102.4564556,-0.101649638,3.2,0.009935111,2
3319.312207,60.29105081,2001.248209,703.0300536,36.48231233,20.43804032,71.89367488,0.604511489,0.8,0.016259461,2
2518.250316,30.42748629,766.2402695,775.9338402,67.91886584,13.11250041,98.94175198,2.243850979,0.333333333,0.009293029,2
4344.820019,17.3100825,752.0919296,960.265987,82.49560482,14.72644397,162.7811469,-0.815437974,0.6,0.005941527,3
3218.046817,58.62056561,1886.437246,715.2165266,38.73096625,18.85385725,82.84539059,-0.663569354,0.733333333,0.013610043,1
5396.789548,12.44027744,671.3755923,896.8062666,87.35561076,13.71496188,186.7667235,7.416443121,0.933333333,0.00673368,2
4298.255715,24.31714594,1045.213115,1052.398241,75.59155947,17.45901807,156.8691988,-0.896208261,0.533333333,0.006540987,3
6545.574333,12.74947044,834.5260649,740.6527065,85.82455485,16.51111595,196.7953123,0.945794873,1.533333333,0.016902229,1
2277.378011,25.98452875,591.7659439,808.0848424,71.1638731,14.32909497,109.2646455,0.716621124,0.733333333,0.011697636,3
4683.933243,37.88968092,1774.72736,1017.499148,62.01199113,21.23416683,88.42023051,-0.34203702,2.4,0.008932833,2
5784.001876,10.42747916,603.1255904,1135.265659,89.50881765,15.32548961,316.84301,-1.081541538,1.8,0.005614222,1
5753.229358,24.8994473,1432.522312,1080.24221,75.07984724,19.78241454,147.1116117,0.884682289,2.333333333,0.007303016,1
1688.054533,36.36321755,613.8309422,787.9271848,62.21896469,11.69788127,65.48927285,-0.225142562,0,0.007687898,1
3525.383547,32.93136668,1160.956983,927.7505603,66.6866662,17.96069446,111.8880365,-0.185317924,0.666666667,0.009636208,1
3286.396984,33.38981285,1097.321803,787.4465405,65.89873186,13.73893259,73.72157628,0.888828886,0.066666667,0.007843412,2
4287.787016,2.679584924,114.8948944,1320.989617,97.22637319,12.73823218,531.4363915,-1.619919428,1,0.005077434,2
2975.641023,18.78324964,558.9220818,822.319684,80.72466239,11.73895115,117.3638877,-0.794695976,0.333333333,0.006789797,2
4974.448163,10.83677763,539.0698859,1225.109331,89.14850739,15.57768986,289.6777845,-0.61041413,0.933333333,0.005418918,1
2067.849762,32.33814219,668.7041961,864.1657264,66.48769762,14.10962173,61.72613677,0.295624072,0.533333333,0.008844561,2
1910.614763,37.52999077,717.0535443,819.6827886,61.61919251,12.70921752,72.29333976,-0.331637954,0,0.007470607,1
3812.047546,43.04285264,1640.814008,1021.232325,56.84671276,21.17615066,83.29687842,-0.144845893,1.333333333,0.009722417,1
2312.255324,32.91894529,761.1700648,762.8944554,66.20390244,12.06196002,71.57413339,-0.471710278,0.2,0.00737575,1
3963.55285,15.41886758,611.1349655,712.5512792,82.48521392,14.32064123,226.0077174,0.465200552,1.333333333,0.019776921,2
6397.95528,16.79818899,1074.740619,961.2860167,83.11603802,17.3369416,177.3757735,-0.595553527,1.8,0.006943397,3
2415.404997,45.06516258,1088.506189,791.7474947,53.86327142,14.1948027,74.10269964,3.709955152,0.133333333,0.008208678,2
4027.429626,69.85963443,2813.547613,760.8341791,27.71634257,23.37674287,83.78979404,-0.614363191,1.933333333,0.016044863,1
2802.789777,22.18937583,621.9215574,718.093619,74.80912167,13.71042455,65.99378593,12.00814209,0.666666667,0.011796905,2
1567.390031,22.87614029,358.5583423,732.5464093,75.24110833,9.459496489,63.33669317,-0.228391535,0,0.007233139,2
4271.147194,38.79380265,1656.940413,971.4643925,60.8964586,21.37027309,107.8161355,0.194156347,1.333333333,0.011356976,1
1758.565151,58.02543522,1020.415083,812.8940483,39.76184104,17.34255654,53.43552941,0.061794061,0.066666667,0.012210498,2
1618.760016,38.94743824,630.4655574,803.9253555,57.43873458,14.10044422,52.85759992,0.081990815,0,0.011078402,1
1732.980347,20.75774729,359.7276811,904.0301307,78.86280288,9.882059368,56.17761549,-0.23296942,0,0.005020358,2
2042.150036,58.92481771,1203.333186,829.0354519,40.34604705,14.75572314,61.64354235,-0.228680037,0.133333333,0.00799638,1
2688.652273,41.36169953,1112.072274,658.9494385,56.67832991,13.45763824,84.60508224,1.514622879,1,0.011585418,2
1562.876152,35.75520023,558.8094976,842.8319982,62.3713219,13.0943173,56.6611799,0.001496401,0.266666667,0.009271859,3
1821.929557,50.38204031,917.9252839,841.1615174,49.05720087,13.05976529,59.34321473,-0.389988538,0,0.006658764,1
3687.58131,48.23477193,1778.696435,933.578738,51.03339161,22.02553657,98.79250445,-0.319309703,1.933333333,0.012313517,1
3979.907966,19.50278426,776.1928643,735.0024602,77.18112545,15.64709158,127.7495858,4.583398223,0.933333333,0.015719581,2
1210.606233,44.86985809,543.1972986,801.1560677,49.57423317,14.50553591,62.45999105,-0.281602928,0.066666667,0.012376682,1
1224.611001,72.73143493,890.6771534,795.4386476,25.33472657,12.92824579,43.18830613,0.315855011,0.4,0.008444584,2
1882.185574,23.21580243,436.9644843,778.5754223,76.12248441,9.79003135,81.49870057,-0.832484489,0,0.005789423,2
4388.738892,39.68198769,1741.538827,1006.847127,60.19185189,21.10913729,91.03975624,-0.268711001,2.066666667,0.009237615,2
2450.54571,32.7044259,801.4369058,804.2793044,66.11752804,13.85492328,104.3805909,0.410591185,0.6,0.009143635,1
7024.519401,16.16869184,1135.772895,948.1171737,83.67168726,17.18815096,215.0818661,1.948992595,1.266666667,0.01025455,3
3221.965235,37.58435595,1210.954882,749.5680825,60.77687998,14.60718276,119.8613576,3.214925521,0.6,0.010090085,3
3328.193276,33.84483896,1126.421655,952.2050783,65.94756432,15.83277705,118.3242373,-0.059333282,0.4,0.007408969,2
6188.061131,15.13469903,936.5444277,974.0671449,84.49561809,16.80507981,237.306424,-0.589153968,1.866666667,0.008754485,3
1219.212265,35.33065513,430.7556807,784.5076736,61.14304515,11.8718756,54.44812052,-0.097698646,0,0.00966448,1
3660.078816,30.71579327,1124.222243,827.1931161,68.28739265,15.2794815,135.1964687,0.702594625,1.8,0.0106613,2
4032.06064,76.89073736,3100.281157,788.1966053,20.12603673,25.96971837,78.71516876,-0.606436881,3.733333333,0.017886304,1
1567.067851,26.17564574,410.1901293,706.6804334,72.26533559,8.841913503,78.54582541,2.205606751,0,0.006913538,2
3572.750279,69.77080017,2492.736458,726.2707487,26.16296242,22.7339562,69.32160699,-0.091044959,2.466666667,0.017498085,2
3572.653388,26.05893308,930.9953557,872.933845,72.97600459,17.02981537,90.78570474,0.551019595,1.6,0.010503687,3
2170.70121,71.21128233,1545.784168,837.3281758,27.50754573,19.20833997,58.33997258,-0.495810486,0.266666667,0.012073656,3
3423.905476,41.53463403,1422.106609,983.3833454,58.20767605,17.6989855,163.1366809,-1.115142281,0.933333333,0.007883658,2
2957.651379,20.12569362,595.2478549,937.4308706,79.78944275,12.44654849,90.84654537,-0.305032178,0,0.004602114,1
877.0426923,47.49864601,416.5834038,743.218958,47.42222463,10.10209298,55.59283207,-0.801521212,0,0.008894756,2
6657.562863,8.264897926,550.240775,1066.005497,91.64332106,16.02299822,233.7841371,-0.784655755,1.866666667,0.006841818,3
1350.531129,43.71506795,590.3856005,871.1951693,54.85576429,13.8304809,60.94559231,-0.094512505,0,0.009234395,2
6581.999489,14.89697444,980.5187819,960.227843,84.94158457,18.56915664,164.2990915,1.780283706,2.2,0.009793779,3
5339.86005,13.54198774,723.1231932,631.4237942,82.17649652,16.79061398,191.2543737,0.57748114,1.466666667,0.023051688,1
1242.728253,35.89557257,446.0844217,815.0790634,62.2241264,10.41864391,52.46699909,-0.367788922,0,0.007268047,3
3019.270729,46.00127374,1388.902993,801.1468204,52.3205167,18.49851486,66.73013604,-0.486283339,0.2,0.012355024,2
2352.942127,25.65142827,603.5632619,729.712413,70.20404082,14.31234885,127.2984534,0.41592056,0.933333333,0.017210264,2
3269.091615,26.34975484,861.3976263,863.0931031,72.93373004,13.7807951,100.2192645,0.363959391,0.4,0.007917468,3
4477.201395,68.78467574,3079.628462,760.7998747,27.5269281,26.09705128,83.05280557,-0.517991158,4.933333333,0.019187332,1
2083.463337,41.42121928,862.9959176,700.3930505,48.53663321,18.68663901,73.53382556,1.461614997,2.466666667,0.019827727,2
4034.56903,45.5237263,1836.686163,991.1243374,54.2954337,21.15113967,112.0212738,0.18114666,1.6,0.010239973,1
2879.630243,28.1617379,810.9539216,684.3106163,66.15162722,16.40003856,131.3673529,-0.243081738,1.533333333,0.020822219,2
2257.144271,27.48996901,620.4882605,778.8538135,70.8967656,11.79753335,61.27257871,0.340154337,0.2,0.008093788,2
763.4931802,46.00247656,351.2257712,726.5322115,48.81022477,9.873947724,35.5099728,0.826638912,0,0.008658726,2
2448.490477,25.98726625,636.2957394,800.6652368,73.23373678,12.28195609,100.069796,0.225410743,0,0.007496078,1
1077.508379,37.29711466,401.8795356,947.7547892,62.37767652,9.651454823,66.21779799,-0.309697499,0,0.004941037,3
3487.016404,51.09737801,1781.773953,957.3895949,48.35289155,22.48676436,76.18455608,-0.243188726,2,0.012648391,1
690.7465866,38.96366094,269.140158,821.6540055,58.40559468,8.392906248,47.79824637,-0.807111454,0,0.006216034,3
1497.926367,45.7774326,685.7122331,840.2147612,52.75693425,13.63365632,58.06855168,1.95093076,0.266666667,0.008602797,2
1348.605363,50.96684566,687.3416138,611.2377428,44.48824034,10.65701046,47.03996107,7.422615953,0.6,0.010304075,2
1590.265657,59.65593447,948.6878382,781.8903004,39.30661484,11.89821473,51.4733409,0.040764221,0,0.006381126,2
2737.048653,21.96498303,601.1922724,876.130118,77.73840739,12.86831233,91.17874928,0.318739018,0.2,0.005947562,2
1231.518404,68.72940007,846.4152107,788.0314927,29.00899527,12.63813599,44.27696291,0.315227918,0.4,0.008384242,2
3376.111437,72.0366625,2432.038002,722.048071,23.8035386,22.57414346,69.14262851,-0.479850666,1.933333333,0.017697006,2
3290.326286,25.49115864,838.7422933,786.6395769,73.96383149,13.22057308,114.9896605,-1.005077984,0.2,0.007842827,1
1732.934676,32.5501279,564.0724534,929.8674024,66.9226753,12.23312589,64.75039321,-0.018030878,0,0.006496456,2
1104.040543,53.13056943,586.5830274,750.5181548,37.76565172,14.62944242,43.05546628,-0.216089047,0.066666667,0.013659524,1
1202.905698,36.39969454,437.8539995,807.8852237,61.71910307,10.52223827,51.82426354,-0.15613233,0,0.007377754,3
3445.974364,46.80458471,1612.87399,947.84834,52.63331338,21.35329167,76.4861358,-0.133020285,1.533333333,0.012198179,1
788.7839623,38.12888719,300.7545472,759.1601858,57.14709413,9.810622922,39.17876376,0.092328519,0,0.008236549,1
3156.917128,68.88541563,2174.655485,717.2354071,26.30985178,21.99250749,69.3698814,-0.383265014,1.8,0.017779938,2
4832.956543,15.58129148,753.0370459,643.1961086,82.22701347,14.69409281,143.2342755,3.120669521,1.266666667,0.018678385,2
4352.670362,16.28284922,708.7387522,650.1816161,81.709282,14.2185286,137.4541377,2.649844311,1.133333333,0.017510639,2
716.9624868,40.38466248,289.5428804,718.1854187,54.32605784,9.151025115,34.78360433,0.462734811,0,0.008093867,2
1113.417275,36.33157135,404.5219915,932.900609,63.15303956,9.618820827,86.87874112,0.543352197,0,0.005233484,3
2005.36344,47.08515869,944.228558,852.8056783,51.49012095,15.56973684,67.61355214,1.976770071,0.6,0.009585993,2
1736.020789,31.93716074,554.4357497,927.3896697,67.7150079,12.29262998,73.04904659,1.033981328,0.466666667,0.006553663,2
4332.677967,65.82688281,2852.066848,758.4902369,31.47260574,24.60005147,84.76218264,-0.889020552,3.8,0.017351058,1
823.0059839,35.76832781,294.3754782,732.7259624,59.56068519,9.783290359,43.40744234,-0.119625306,0,0.00889599,2
4083.423939,13.18273043,538.3067703,1203.131143,86.75672201,14.95699782,301.8992184,-0.787355692,0.733333333,0.006461463,1
671.0879484,43.17046073,289.7117592,717.4667466,50.89418303,9.479370681,34.44394346,0.744479997,0,0.008615702,2
2059.448984,30.02983757,618.4491845,775.2147554,68.47212931,11.71220463,58.26023593,0.354033617,0.2,0.008176451,2
3571.491726,36.43369656,1301.226458,976.9665909,63.32261627,19.15618327,108.0886511,-0.10410754,1.066666667,0.009803907,1
4245.34528,26.09754381,1107.930844,1013.598168,73.80857259,17.18926932,156.5169739,-0.509677052,0.866666667,0.007245251,1
2145.077203,34.77176379,745.881178,802.2821672,64.53716406,12.93672545,85.45865547,0.077334631,0,0.00747479,1
2996.209095,35.05357038,1050.278264,796.5776964,64.21680398,13.82524533,70.82252115,2.629777221,0.133333333,0.0079621,2
2539.77406,11.54665297,293.2588969,689.5380744,87.62821801,8.448029653,228.4014162,0.590106491,0.266666667,0.007100741,2
5341.559004,36.4220752,1945.506637,1035.703682,63.50976564,22.36311279,103.4452052,0.083826545,2.466666667,0.009114218,1
6132.131276,15.67125018,960.9816334,848.6062574,82.64692883,17.21821009,399.1093451,-0.455489754,2.2,0.015608227,2
3921.979373,22.05057222,864.8188939,954.5146085,77.85165118,15.50212154,119.9374435,-0.136175084,0.2,0.006298504,2
1809.942365,24.80201981,448.9022638,1074.80307,75.18924968,11.35894709,82.39575609,1.035616029,0,0.004048412,3
4416.84899,68.18069475,3011.438328,756.8067108,29.09440164,24.48217078,84.91063063,-0.903843024,3.466666667,0.017110451,1
3015.22857,30.07549986,906.8450644,667.7998721,61.33486212,17.78935571,121.9721748,-1.022362955,1.533333333,0.021751669,2
4482.563916,27.98723845,1254.545852,1003.35414,71.92519799,18.30974495,144.3823738,-0.499733014,1.466666667,0.007608044,1
8822.027407,5.276798002,465.520566,1201.24193,94.71137215,17.01460389,230.1039816,-1.11216936,2.266666667,0.004686618,3
5618.101529,35.26281774,1981.100902,1100.737923,64.70952496,22.96718746,146.5515368,0.5515838,3.066666667,0.008428733,1
3332.335753,24.39005646,812.7585717,869.635756,74.96173265,13.61693663,104.6030197,0.183747987,0.4,0.007798043,3
1696.063617,34.6398609,587.5140778,894.008163,64.46135841,12.37848461,94.47285045,0.110286148,0,0.007432202,2
2890.513279,40.44330001,1169.018957,788.8973792,58.41538891,14.2471019,75.13870178,0.758532596,0.4,0.008893187,2
5947.133969,4.846445567,288.2246106,1283.30903,95.13083231,14.68180932,258.477046,-0.433829743,0.933333333,0.004231355,3
893.5484783,43.60945815,389.6716497,747.4697243,53.20003572,9.479893073,62.3979765,-0.641531097,0,0.007470465,2
5470.398827,13.4810925,737.4695262,627.1900703,82.32601981,16.89158283,194.5427854,0.501611586,1.4,0.023818683,1
5652.400768,15.13451798,855.4636107,634.6207156,80.73818942,16.64297366,152.9635383,3.648509675,2.333333333,0.021608249,2
6904.449143,11.07424897,764.6158882,742.0522479,87.60885432,16.4932808,197.0849049,0.898463274,1.533333333,0.016896619,1
2768.345274,29.48302273,816.1918664,1009.868357,70.31439399,14.71521685,87.19955635,1.635639526,0.4,0.006887542,3
2399.195226,13.56756696,325.5124188,732.2788602,85.25258932,9.372453705,73.17184567,5.157979227,0,0.007155766,2
4004.91518,47.15535481,1888.531963,990.9150932,52.58409774,21.684217,107.2737589,0.911678899,1.733333333,0.0107256,1
8799.088491,8.646523573,760.8152606,817.4577046,90.46177314,17.24526971,257.7731501,0.187315291,1.866666667,0.014120144,1
2942.960854,40.25062885,1184.560251,791.7772699,58.24743335,15.63451215,78.22694551,0.493837136,0.866666667,0.010567618,2
2074.541039,71.0045144,1473.017791,835.1939022,27.68710024,18.97969305,57.80795816,-0.613390553,0.266666667,0.012004284,3
5476.429172,19.6758604,1077.534559,935.5341197,79.49647678,17.28469969,194.068579,-0.982428093,1.466666667,0.010832348,1
1162.766217,37.69702991,438.3283287,805.1642345,60.25882128,10.06095671,48.9218959,-0.24790635,0,0.007039038,3
3978.006678,54.94946615,2185.893433,894.501934,44.30892887,21.86460053,95.73799406,0.319185646,1.133333333,0.012373312,1
2999.026774,22.22449483,666.5185503,753.1566655,76.41537594,12.30410064,98.23243145,-0.337257628,0.2,0.009142182,2
2963.002936,35.43552428,1049.955625,796.957084,63.82321825,13.79646187,70.85634155,2.628242709,0.133333333,0.007978857,2
4440.066067,13.42117333,595.9089627,732.9550159,86.14716497,10.75773923,242.4778645,-0.781642254,0.866666667,0.007142422,2
3654.454246,62.24610554,2274.755447,730.8124116,35.55524049,20.28585111,83.89576881,-0.657011079,0.866666667,0.013984473,1
3726.957889,60.74116602,2263.797679,920.8897581,38.5703323,22.7404484,84.87832844,-0.336799251,1.4,0.012597226,1
3235.653377,16.07334379,520.0776911,759.0297901,83.22598636,10.7960576,191.0921367,1.318938735,0.2,0.009353339,2
1463.862194,30.74530254,450.0688604,749.2498383,67.74311438,9.662526882,54.76419425,0.373706514,0,0.006637424,1
4793.026393,18.65546942,894.161573,926.8683074,81.1391217,14.8420756,146.7930234,0.737884175,0.733333333,0.0073379,2
1606.85018,25.0462244,402.4553019,736.8276342,73.25070974,9.649042262,62.43998028,-0.210133763,0,0.007077934,2
6343.351761,30.61642531,1942.107554,993.3063574,69.32024471,22.77419397,128.8042202,1.774268319,3.333333333,0.009534482,1
2446.113136,33.69676033,824.2608807,1001.963816,66.15807948,14.86493861,81.68597997,0.056938302,0.333333333,0.007205066,3
1506.605173,31.0363383,467.5950784,766.4485277,67.15537191,10.39873449,54.74698206,2.00795906,0.066666667,0.007420273,1
783.0552548,34.9669871,273.8108299,729.7789019,59.48625322,9.70516841,42.55001848,-0.060370502,0,0.008880455,2
3556.340614,49.21294322,1750.179887,999.1286207,50.33705193,21.35740105,94.80220633,-0.88679723,1.533333333,0.011104992,1
2222.348879,39.57195966,879.427002,794.2434609,58.21093212,14.41636906,81.54678613,0.485368017,0.866666667,0.010352271,1
3728.034869,69.55282128,2592.95343,745.2284175,27.06465792,23.40029014,74.75406326,-0.795860912,2.6,0.017374349,1
2831.749141,37.94054878,1074.381164,796.8555512,61.16518008,13.8386795,70.88478499,2.618939171,0.133333333,0.008000168,2
5776.554695,8.781156521,507.2483093,954.9536118,90.51623461,14.68068135,367.9156071,-1.179171248,1.333333333,0.013221922,1
3470.897567,59.31624177,2058.805993,710.9946121,36.53922024,21.29607927,75.457903,0.619901187,1.533333333,0.017495999,2
3782.370342,36.31086199,1373.411275,877.0911197,63.22649199,18.37674334,93.07122782,1.27620031,1.733333333,0.010490696,1
2824.147487,21.4338074,605.3223331,892.3242226,78.01350577,13.74040384,73.42962187,0.401148124,0,0.007643953,3
4582.620541,45.25357001,2073.799395,1025.526463,54.65639231,22.36204171,92.92018613,-0.497258924,2.133333333,0.009384777,2
2499.944123,58.87339717,1471.802032,677.1047001,36.59719055,17.2437943,78.33711491,0.297575139,0.6,0.015511126,2
2473.962225,19.24087924,476.0120842,953.3709662,80.64802718,11.53023665,63.97002511,-0.114899329,0.2,0.004805103,3
4191.839823,68.55977205,2873.915827,762.7684037,28.41356896,25.71294939,90.41666921,-0.648001633,3.666666667,0.018350718,1
6846.94714,18.59780123,1273.38162,1107.595959,81.31323333,20.94860664,283.2020448,0.613972888,3.533333333,0.008916901,3
525.326076,32.27521997,169.5501466,581.8558618,64.0344985,5.549873386,31.12611413,0.988603454,0,0.006080107,2
4686.570623,25.1039251,1176.513179,947.9752071,74.76808251,16.73374511,124.9412955,-0.745584308,1.2,0.006891477,2
2107.087714,34.65762311,730.2665183,862.1049154,64.12756536,14.01244894,62.24835525,0.17727658,0.533333333,0.008839247,2
1365.960255,31.43132924,429.3394649,818.4685154,67.13300452,9.987250915,85.71566613,0.543779417,0.066666667,0.007132168,1
6077.87459,10.69794287,650.2075511,969.7952589,89.2044426,15.53966381,183.9252445,-0.895755559,1,0.005747143,3
4404.033084,48.4071679,2131.867689,1005.321596,51.39210811,23.58800472,101.0361947,1.100037624,2.8,0.011708652,1
4549.705611,66.68169546,3033.82084,771.4646274,30.34684563,26.33806993,91.51294431,-0.662662542,4.333333333,0.018620606,1
1720.652827,26.62850802,458.1841761,858.9402722,72.65422832,10.6510121,67.02280629,1.203212077,0,0.005833954,2
3126.590779,41.04151497,1283.200222,816.3899355,58.02929277,15.79090277,105.066635,-0.365773282,1.733333333,0.009572019,2
2303.197802,35.81749841,824.9478362,869.1110246,63.32604128,13.92582221,97.0089262,0.801263007,0.933333333,0.008361085,2
2169.634095,30.45926409,660.8545788,844.9754722,67.33782602,14.47333416,86.75522937,1.001007158,0.066666667,0.010321568,3
3181.249571,56.04331613,1782.877754,706.5884917,41.23366662,18.33002144,79.35513535,-0.604989546,0.8,0.013571267,1
1624.51493,37.71723018,612.7220356,801.9628858,58.81834355,13.98905724,51.28917752,0.093398856,0,0.010959132,1
2692.390691,25.59211374,689.0396881,937.7750476,74.32775324,12.78869514,80.70125482,-0.406221609,0,0.004761782,1
4897.778461,23.35873587,1144.059134,854.3895732,73.1166521,20.90212682,222.8817888,0.283775529,4.2,0.017525276,3
1209.763957,19.56883626,236.7367278,833.2301423,78.85652247,8.522271502,55.54916754,1.252360598,0,0.005835115,2
664.1612355,47.28896879,314.0749994,720.9296887,46.27552949,9.704900146,36.80426754,0.877171001,0,0.008871368,2
3737.686119,21.41083752,800.2699022,922.4409389,78.49357774,14.19931352,89.49047087,-0.42124517,0,0.004941916,1
3078.183625,23.34680629,718.6575681,854.3439859,75.73125796,14.06726946,78.59397787,0.054156745,0.533333333,0.008630391,1
776.3334698,34.53257184,268.0879132,727.5143914,60.83453221,9.335398996,43.49918393,0.083236902,0,0.007923979,2
3791.316698,60.7428897,2302.95532,902.5791316,38.43571927,22.61435438,89.62565512,-0.313882312,1.466666667,0.01275014,1
4826.943665,13.76410369,664.3855309,934.9551293,85.65808566,14.38338074,366.3482421,-0.850846977,1.266666667,0.008737556,2
9878.569292,2.985222516,294.8972747,1216.838257,97.00797597,16.38693898,269.47745,-0.017674419,1.266666667,0.003861131,3
5853.778736,34.96078626,2046.527072,1071.582537,64.99314244,23.18430326,142.6928344,0.367658474,3.2,0.008828817,1
2847.641824,21.63080112,615.9677398,871.7337949,78.05616186,11.49506942,115.6851131,2.200872509,0.6,0.005938696,2
2357.653277,27.42367752,646.5552319,776.8934223,71.11845044,12.01727908,63.82429667,0.109352826,0.133333333,0.008084105,2
1559.47842,62.03976854,967.4968023,790.9401549,36.92558271,12.06052393,50.56780535,-0.248658156,0,0.006514552,2
818.016921,41.70083203,341.1198623,798.8811328,56.13951455,10.25432184,44.97013128,-0.186982583,0,0.007411018,1
1526.278493,27.66893595,422.3050187,715.1986807,70.71440528,9.593499252,59.55372777,0.009498499,0,0.00719268,2
1895.659319,38.23332173,724.7735264,797.2701875,60.45476905,12.48142002,70.06958572,0.202791902,0,0.007952877,1
1980.620492,37.72335466,747.1564926,780.1591547,61.4435946,13.00941008,85.58655249,2.50650705,0.133333333,0.008861888,2
2126.709229,36.004893,765.7193825,787.6983618,62.8687465,12.35273693,67.40582222,-0.040588102,0,0.007689261,1
1666.245679,24.84508264,413.9801158,738.5412618,73.43304753,9.671739674,61.57181982,-0.1428469,0,0.007044412,2
1185.258411,18.5044063,219.3250321,844.8216677,79.96724926,8.682776486,56.08111832,1.000504813,0,0.005839598,2
1758.328366,24.24785148,426.3568506,779.8537687,72.48844889,12.75564612,104.0007349,0.105914823,0.266666667,0.011846373,2
2673.310959,65.32832653,1746.429312,666.8775208,30.05644854,18.94487929,77.7026729,0.869877205,1.066666667,0.017060104,2
3102.021888,56.28299918,1745.910954,822.8565126,41.83883288,20.96472673,71.21596659,-0.463525441,0.666666667,0.013612714,2
2321.068174,71.24448547,1653.633078,822.6713641,27.17193579,20.95352844,58.08007614,-0.139277166,0.466666667,0.013982216,2
3010.848591,25.21701491,759.2461381,869.4039249,74.11852552,14.1134334,76.60192907,0.433464722,0.333333333,0.008099898,1
2656.513422,64.41259096,1711.129124,690.1773141,31.20535225,18.64554487,66.59044036,-0.267137784,0.4,0.015278207,2
3778.852816,37.04231903,1399.774716,865.9891118,62.13587678,17.85166892,88.46785882,1.15906941,1.6,0.011140077,1
3134.596231,21.17926684,663.8845003,878.6964067,78.13751748,14.03496736,89.97865473,-0.321261129,0.533333333,0.00773158,3
5258.904173,52.32521396,2751.732861,1023.283251,47.6013992,24.28715729,102.7195052,-0.109657346,3.333333333,0.009916512,2
5395.852272,11.24734685,606.8902206,1143.026461,87.79479741,16.80491366,387.1716102,-1.368188352,1.933333333,0.010483615,2
7226.414073,23.3101605,1684.488719,789.5764597,75.5765654,19.31956892,236.7079486,1.57217954,2.866666667,0.013852521,2
3456.152971,44.45601862,1536.468008,1007.484029,55.41639882,20.32459267,91.00513956,-0.182609341,1.2,0.00945374,1
3961.734177,71.73110975,2841.79589,780.2637607,25.14759787,25.47161253,79.00149705,-0.677243805,3.6,0.017851043,1
2890.549569,49.61021392,1434.007825,935.3973243,49.8676626,19.84048164,66.08041082,0.10701904,0.866666667,0.011587609,1
5149.745168,50.94041142,2623.301376,1019.858504,48.98541847,24.10683576,102.5646987,-0.109673033,3.2,0.009862898,2
9942.143758,4.133540172,410.9625062,1186.745961,95.85771641,16.9931134,291.2928424,-0.645784325,2.6,0.004615166,3
3836.468733,29.55162757,1133.738952,892.0364857,70.16343117,15.81793387,106.0219023,1.173869134,1.266666667,0.007985151,3
1753.741492,40.60238364,712.0608486,826.5279694,54.19755206,15.44936757,94.71856891,1.501064706,0.733333333,0.013224172,2
3121.574235,24.25291327,757.0726919,834.4302853,74.8841893,13.52285602,131.236652,1.131673796,1.066666667,0.009619307,2
3401.677614,50.6201624,1721.934732,955.1702738,48.7998439,22.24877536,75.69847164,-0.158396434,1.866666667,0.012595937,1
1803.638016,35.18265724,634.567781,731.2369628,63.71477671,10.4585888,78.86337984,-0.765022563,0,0.006486936,2
2627.236738,34.19662102,898.4261905,795.461538,64.94631788,13.22107414,68.29430582,0.460083551,0,0.007961539,2
6096.785977,14.41073396,878.5916074,893.1796526,84.23626201,17.87942728,254.6660511,0.494239332,2.8,0.014295391,2
5792.875568,14.53480703,841.9832852,965.1712247,85.07404199,17.00123074,172.6728584,0.881293276,1.533333333,0.009503264,3
4439.44453,30.50512621,1354.258157,774.864052,64.74984202,20.72298002,168.7953002,-0.17621222,4,0.017984752,3
1542.513076,40.2197117,620.3943123,748.6136161,58.42248056,10.43952461,67.94913505,-0.49889857,0,0.006722998,2
2525.991191,34.6020105,874.0437371,828.9886579,64.85254491,13.579567,82.21571538,-0.280708657,0,0.007480259,1
1766.642544,23.27197605,411.1326298,759.7044809,75.30463907,9.980447258,59.52063216,0.576685582,0,0.007156092,1
2712.005553,55.57577602,1507.218132,844.2024037,42.97786219,20.11390874,68.29997716,0.192089935,1.866666667,0.013067743,1
4060.685142,28.72441361,1166.407996,937.4578897,71.13653216,16.53099478,129.7318577,-0.620916889,1.066666667,0.006795363,2
3732.057577,48.20756293,1799.134005,769.647416,49.72213601,19.05877223,109.5429063,-0.139173316,3.066666667,0.013424974,2
1488.717533,57.81005762,860.6284635,791.0924083,41.23628939,12.2339283,51.88874839,-0.09701211,0.266666667,0.006906509,2
3155.731723,17.57739313,554.6953711,702.1362535,80.7920661,11.78460149,112.3666557,0.57318081,0.266666667,0.009520042,2
1082.333038,36.40145089,393.9849294,949.8539658,63.27953401,9.666030575,64.89443086,-0.146831065,0,0.004926625,3
4430.963759,34.46431265,1527.101203,751.4133842,61.64652912,20.72314655,154.4478427,-0.483519084,4,0.018037825,3
5948.768939,13.05752178,776.7617997,1021.079706,86.69479437,16.42333243,219.9904031,-0.800651663,1.866666667,0.007993444,3
1685.774238,34.36739457,579.3566839,783.8175514,64.34865875,11.63182837,64.61630304,-0.10971281,0,0.007559105,1
1391.846495,26.99529355,375.733047,759.6979491,71.18697757,9.588880854,53.71504453,0.858544469,0.066666667,0.0070512,1
1612.108294,25.79895317,415.9070639,769.5958212,72.24498483,10.63178357,56.36122539,0.601951578,0.2,0.007658665,2
5829.550132,19.85402517,1157.40035,975.6518394,80.00975887,17.14875293,178.4619188,0.602367728,2.333333333,0.007320902,3
1205.706157,46.44041775,559.9349762,575.0868906,50.57195168,9.014684663,52.78116597,1.802604936,0.133333333,0.008708272,3
1884.52075,20.95732067,394.9450568,726.2240011,77.63143348,9.856712073,58.71226201,-0.016041905,0,0.007320132,2
3075.817033,48.5402098,1493.008041,812.9418591,50.66355504,15.17194047,81.25643053,3.394140928,0.2,0.008567211,2
798.0158206,43.82413768,349.7235519,731.2568084,51.19759275,10.21514516,41.27908637,0.750929707,0,0.009031948,2
7792.448853,13.66780425,1065.056656,994.6496861,85.88554477,18.06518444,223.3333232,1.408957504,2.133333333,0.011651964,3
3744.980751,16.90244016,632.9931305,810.3024973,82.56120224,13.4525942,122.3875694,0.100713219,1.2,0.008222307,2
2776.927099,54.2071843,1505.29399,853.2164258,45.46587298,16.08158199,72.56125082,0.060856059,0.2,0.007725728,1
2325.254607,48.24360318,1121.786606,733.4096092,48.47493742,15.48216026,85.14087413,6.096369089,1.2,0.013622126,2
4119.292866,70.68103745,2911.558933,748.0192598,26.27283482,24.23877264,79.01933856,-0.656339063,3.533333333,0.017531389,1
1498.316048,28.58872276,428.3494209,723.0513121,69.53274362,9.48839584,51.7332916,-0.292558637,0,0.006916666,2
1459.955937,28.29847831,413.1453141,736.9985216,70.32901066,9.270667217,52.96681106,-0.6425047,0,0.006265683,1
775.8748854,35.00376228,271.5854005,758.603596,60.9993471,9.472958728,40.29393222,0.412136058,0,0.008075237,1
2633.797083,40.00833153,1053.738269,864.9557268,58.38814592,16.91885596,74.71073718,1.618185525,0.733333333,0.010660808,2
1930.644977,49.70473876,959.622042,969.0936562,49.97332666,15.29301663,87.8023074,-0.228291382,0.4,0.007226769,2
2331.233535,19.30780512,450.1100279,954.3893102,80.58490226,11.41619056,63.46270447,-0.108006779,0.2,0.004770698,3
2737.721656,49.68189322,1360.15195,908.5968087,49.87135091,16.87851402,75.8192246,-0.139646181,0.266666667,0.008799039,1
3549.906723,22.09055325,784.1940348,838.5251564,77.1856456,14.02995757,122.683269,0.416607544,0.466666667,0.008000486,2
2884.812807,55.5698629,1603.086522,853.8309235,44.13418988,16.28761371,73.14192502,-0.169881293,0,0.007719268,1
7569.377287,13.82131545,1046.187512,946.9070762,85.71165573,18.90796084,169.065588,1.601173595,2.4,0.010477562,3
4553.957039,35.7006026,1625.790105,1026.907681,64.20626202,21.22069285,100.8639048,-0.153956286,1.733333333,0.008745601,2
3000.473377,19.83531487,595.1533419,806.2964902,79.14493735,12.84238495,89.66561875,0.108038685,0.2,0.00798084,2
3997.936071,19.23202885,768.8842186,931.7225033,80.63436843,14.38796649,111.3167913,-0.041603801,0.6,0.005796123,3
1885.139346,43.3564483,817.329466,766.1074668,51.96698053,16.52218861,63.18757639,-0.492914708,0.066666667,0.013940128,1
2406.914054,60.79426078,1463.265607,809.9342505,36.8735456,19.46897067,62.84895069,0.132705575,0.4,0.013467328,2
2290.996609,35.9882384,824.4893216,638.8782235,58.80454839,14.52182054,114.3719639,-0.219350937,1.266666667,0.020611544,2
4419.799979,56.21560078,2484.617111,1001.152459,43.64465679,23.12409985,115.6293613,-0.275026253,2.133333333,0.009913531,2
2487.192363,57.72574271,1435.750264,807.2424422,40.1821105,19.05121127,64.96562128,-0.105323136,0.4,0.013198476,2
2880.351698,23.87413739,687.6591218,906.6289544,76.07342262,12.43413264,72.25797123,-0.391938861,0.133333333,0.004374317,2
2548.066113,54.09763667,1378.443548,810.3461796,44.02621332,19.06564226,62.17341987,-0.517157318,0.2,0.013025629,2
2310.552232,71.7448826,1657.702986,818.1936576,26.5021968,20.92118527,57.98230238,-0.152061293,0.466666667,0.014106491,2
6555.467468,14.22046368,932.2178702,858.709021,84.18186152,17.24710986,319.7864363,-0.817655838,2.466666667,0.01493561,2
2547.635767,23.59280962,601.0588563,840.1058194,75.11503443,13.09791042,67.32025185,-0.14621555,0.266666667,0.008418722,3
5884.714209,6.898006308,405.9279573,1196.657232,93.05881281,15.09874115,312.2291691,-1.09089208,1.6,0.00540007,1
5445.965186,16.34618276,890.2074225,620.8579551,79.22737544,16.57269852,132.9755161,5.453801684,2.266666667,0.021614474,2
4310.625566,48.94285762,2109.743333,1072.843305,51.01446518,22.15889809,95.68578172,-0.300384828,1.866666667,0.008676931,2
2501.713203,19.9402001,498.8466185,955.6092874,79.95594279,11.55281578,64.81637967,-0.190868941,0.2,0.004782542,3
5659.437046,4.238248426,239.8610015,1267.882166,95.73987971,14.2281659,277.3473391,-0.456668718,0.733333333,0.003914485,3
2578.372867,30.91913229,797.2105178,891.6724476,68.18271189,14.2108497,106.3821087,-0.299280221,0.733333333,0.008275547,3
9624.473814,5.547487261,533.9164588,1116.869855,94.09970694,18.47120725,385.6315118,-0.677552178,2.533333333,0.015515026,3
1563.848476,44.8358387,701.1645805,825.0532972,48.6250467,15.50067314,94.64687841,1.430195341,0.733333333,0.013271396,2
3046.790717,27.62295018,841.6134818,868.7304646,71.64657169,14.38262283,80.08099247,0.317024329,0.533333333,0.008340624,1
1880.936147,24.3270506,457.5762882,1060.380105,75.63758562,11.35651377,85.07623719,0.794693006,0,0.004142993,3
4988.698812,23.02348283,1148.572214,844.409676,73.62445453,20.75934375,227.6781303,0.16233245,4.333333333,0.017513359,3
1801.722996,37.12966317,668.9736796,976.2283112,62.72802669,12.91473759,62.16974539,0.442972776,0.2,0.00609529,2
2260.478564,60.76766196,1373.639972,775.0442389,38.055757,15.1199817,69.56424806,2.148534389,1.333333333,0.009000823,2
1374.049419,26.34352599,361.9730658,731.9774177,71.93359207,9.345185955,75.06943594,1.461715328,0.133333333,0.007335872,1
1738.551598,22.51159785,391.3757442,759.8154817,76.08757601,9.709887601,59.35417133,0.601772726,0,0.006943789,1
2987.519235,24.35799566,727.6998055,1117.630609,75.45277016,16.09583222,291.9066505,0.060068875,0.8,0.007805467,1
1870.853493,35.15421584,657.6838748,858.0314284,63.40650372,13.95372615,61.57647638,-0.017016191,0.133333333,0.008862353,2
2869.449318,14.99331178,430.2254825,976.833423,84.57631957,12.69106972,339.6957701,-0.934373341,0.6,0.007784628,2
3009.730061,16.97177686,510.8046702,770.1732165,82.31089627,10.30956055,179.7345444,1.696709311,0.2,0.006331362,2
9344.008116,8.265168645,772.2980291,1026.101837,91.47798459,19.80414024,253.7740702,-0.199982054,3.133333333,0.009731259,3
2464.142627,29.6183811,729.8391542,807.010919,69.39923308,13.27684271,69.27016284,-0.306783734,0.266666667,0.00783998,2
914.7888663,33.46549467,306.1386193,656.5071458,62.65931943,8.707555586,49.76683723,2.923173259,0,0.008864136,2
2731.747974,59.23702712,1618.206288,829.7264596,38.64325243,21.31814519,67.38817007,0.41388599,1.533333333,0.014602305,1
1282.251603,48.54358617,622.4509118,791.407282,48.03059164,13.22068127,53.14846346,-0.09416719,0,0.010297398,2
2170.615343,34.78572288,755.0642381,738.8848922,61.67662137,15.25398635,78.58163092,2.372070802,0.133333333,0.012924852,2
7470.359559,11.80708192,882.0314726,752.4422954,86.86009691,16.0434745,206.6670603,0.297713853,1.533333333,0.015200128,1
1941.416731,59.86500181,1162.229161,828.5082826,39.37968272,14.63884511,61.14059353,-0.203543593,0.133333333,0.007983994,1
1633.452598,38.32588082,626.035096,716.8123181,58.43352447,11.67157124,69.15630779,1.85154999,0,0.010005381,2
1614.704124,34.80093304,561.9321008,828.8719715,64.51826467,10.54269063,64.29085424,1.874004998,0.133333333,0.006057692,2
1754.725376,39.77572776,697.9547887,800.9777197,57.2599523,14.60742265,64.48045598,-0.257726593,0.466666667,0.010931214,2
1371.69196,29.7339297,407.857923,821.1082857,68.99777958,9.809769713,85.56889278,0.668154441,0.066666667,0.006801207,1
1160.040994,28.3651096,329.0468992,775.1729612,69.11043472,10.12191341,51.42578162,1.784244982,0.066666667,0.007643336,1
718.3055965,39.92824896,286.8068469,824.5777371,57.14536389,8.633463257,49.39306374,-0.812766937,0,0.006470323,3
718.0430619,40.15487479,288.3292924,727.8685657,54.13675768,9.927966565,36.86231001,0.457110272,0,0.009056433,2
2622.607241,48.21852447,1264.582514,805.9797024,50.70757941,14.68176753,78.60683436,3.676596764,0.133333333,0.008402976,2
3364.740327,68.84293548,2316.386012,723.4272777,27.72978969,22.21800927,74.43302974,-0.553411007,2.133333333,0.016587649,2
2186.298867,30.09871498,658.0478646,775.6677934,65.29685662,15.11793027,121.8320348,0.118066751,1.066666667,0.014714012,3
3965.423414,33.41971461,1325.233188,919.8338284,66.1607822,19.07507173,118.9746726,-0.444080283,0.8,0.010428701,1
8880.492934,7.337306119,651.5889514,1190.052955,92.26096711,19.18144438,418.5561329,-0.714596039,2.8,0.01566903,3
2237.65715,34.81254719,778.9854513,810.4985751,63.28947338,14.0297699,82.67700705,0.594526735,0.866666667,0.009757939,1
3560.334412,45.21805627,1609.914018,1006.200895,54.65335721,20.39457193,91.08335615,-0.283632782,1.2,0.009461558,1
4394.852603,46.79021412,2056.360943,983.4559562,53.02271959,22.5407639,118.7415316,-0.264620799,2.2,0.011154921,1
3667.726615,69.50807188,2549.366052,731.6389267,26.78913492,23.04401717,78.75834032,-0.63207111,2.066666667,0.017387842,1
1404.968518,27.55708693,387.1683959,761.4601175,70.60947266,9.561447179,52.8250824,1.000034025,0.066666667,0.006992901,1
9199.94131,7.12983302,655.9404533,859.4839112,92.40114859,16.16809514,231.80847,0.421426433,1.466666667,0.011443425,1
1976.275963,36.23305454,716.0651475,976.2040368,63.60826608,13.37580674,68.32186237,0.325474673,0.2,0.006332139,2
1869.902597,25.56697484,478.0775263,851.0947534,73.76487043,10.49337519,68.35799413,1.044506964,0,0.005695209,2
2335.239696,34.18101901,798.2087242,680.7608315,57.17968215,16.97738673,93.38316709,2.265601707,1.733333333,0.021106215,2
5621.759802,29.25987228,1644.919738,742.1964809,67.01797626,20.96668378,240.1304753,3.522606176,3.533333333,0.018877628,2
2482.169039,25.82799307,641.0944472,879.5791214,73.47095198,13.38993562,78.5535557,0.231878056,0.466666667,0.008063514,2
3298.099188,21.46362936,707.8917857,715.0164621,76.06729911,14.42511627,73.86838348,8.076903584,0.933333333,0.012409004,2
900.6047091,29.8308089,268.6576697,765.5406401,66.24659863,9.616583236,44.99663442,-0.073240294,0,0.007910959,1
6002.848699,8.933527179,536.2661201,1052.009356,90.73039857,15.38175808,286.3476511,-0.793604554,1.333333333,0.01029768,1
3378.538626,48.65998323,1643.996329,791.7289427,49.07369302,19.11448559,115.7379363,0.093161729,3,0.013408996,2
5901.1489,11.2169671,661.9299308,754.7759596,87.71447315,13.75618351,144.508735,1.134942493,0.666666667,0.011973771,1
3439.21242,24.72288825,850.2726435,715.941357,73.33199267,14.22703908,75.57575505,7.331446971,0.933333333,0.011026994,2
2519.008738,35.17136487,885.9697543,817.9988596,64.01342283,13.61464033,98.61109103,-0.077770116,0,0.008048101,1
8743.433524,13.22601507,1156.407836,844.951924,86.19043459,17.24771786,292.0086456,0.282459426,2,0.012555773,1
4280.847044,28.12922698,1204.169181,888.5789696,71.18692223,17.83447419,109.9395999,1.143903289,2.133333333,0.010541487,3
9226.976068,3.422812224,315.8220647,1143.699171,96.54657215,16.29030818,281.0782893,-0.025862157,1.4,0.004576997,3
4594.117129,66.4538485,3052.967637,774.7232123,30.70731733,26.242089,92.34213875,-0.715030611,4.133333333,0.018532329,1
4188.213018,40.06854458,1678.156,899.8155927,59.47047683,18.46260096,125.3589109,-0.010798484,2.533333333,0.009253041,3
4003.564826,43.66614294,1748.20234,1005.081848,56.1647387,20.9475806,93.24651528,-0.335379455,1.666666667,0.009542126,2
5783.95785,13.78517043,797.3284471,723.002541,84.08588653,15.92776094,169.9639515,2.113249945,1.333333333,0.016760562,1
1694.131678,21.85949189,370.3285767,719.2533601,76.41816583,9.755529413,62.99372283,-0.186867594,0,0.007680027,2
4065.708393,69.65685396,2832.044558,759.8850549,27.37143114,24.60972681,79.05538357,-0.760556684,3.266666667,0.017608122,1
2061.540832,43.66121584,900.0937925,810.010028,53.72357656,14.66214229,77.10462859,1.201553813,0.866666667,0.010240242,1
1713.181133,24.88219532,426.2770756,664.5646315,72.22056819,10.40616503,52.36493188,3.11522959,0.4,0.009893915,2
2458.006558,26.69516697,656.1689548,898.8904938,72.81955612,13.76372493,90.99997839,-0.341820774,0.333333333,0.007678264,3
2476.250331,47.09095176,1166.089849,798.4043398,51.24564045,16.23320367,72.69943297,0.366218726,1.466666667,0.010798601,2
1246.562117,37.62813216,469.0580409,776.3787149,58.88283592,12.49006359,52.02890468,0.940220233,0.4,0.009997683,2
4089.604646,21.27635918,870.1189735,921.3924545,78.5515312,14.76081895,123.7428085,-0.143591377,0.4,0.006403482,2
653.9903811,45.7849767,299.4293436,720.8975559,48.37170194,9.528611881,36.30258806,1.034898297,0,0.008701118,2
7172.363031,14.40574805,1033.232547,846.4215906,85.19963146,15.78636979,170.961218,-0.19544895,1.733333333,0.008719294,2
9574.192194,7.487903138,716.9062378,1038.489873,92.39025018,17.6893568,314.351179,-1.141412841,2.6,0.0079336,2
907.1592522,48.19407257,437.1969883,683.1241859,48.5114116,8.835488809,44.51057322,2.736114275,0,0.007046739,2
4421.890405,66.43104452,2937.507984,772.8415046,29.59722319,26.20423746,84.17079033,-0.517715524,4.733333333,0.019038037,1
2378.348254,25.6312123,609.5994903,798.9106624,73.68554727,11.92132744,99.32439628,0.304933272,0,0.007145544,1
1614.582151,40.86223788,659.7543992,829.4130833,57.3647046,13.674084,76.62797513,1.481981458,0.4,0.00893876,2
2558.235197,46.12312155,1179.93793,838.1227388,52.37616565,18.10061389,69.70821749,0.459503152,0.6,0.012133222,1
2145.405907,24.4668625,524.9135135,931.2108004,75.19367184,12.21876816,66.51354236,-0.23598692,0.133333333,0.006197222,2
1792.817797,45.63260696,818.1094988,708.0910387,44.54478001,17.36988124,66.90266028,2.305312294,1.533333333,0.017762698,2
1096.50676,32.19474529,353.0175584,898.9190739,66.89443055,10.01454574,46.27020251,0.187719062,0.066666667,0.00623494,1
4561.847109,42.66550009,1946.334883,981.4737971,57.11773468,23.11998493,106.2272596,-0.054189048,2.666666667,0.011570257,1
2445.617792,23.05216316,563.7678037,932.2809171,76.82728193,11.8566156,82.52387634,-0.735977461,0.133333333,0.004658082,3
2279.139474,27.75542091,632.5847541,775.6451299,70.67687702,11.93904239,59.29944469,0.281632645,0.2,0.008220894,2
3951.430584,44.44453416,1756.194916,975.8403078,55.10249774,22.47214551,93.11406208,-0.132107797,2.066666667,0.012250697,1
968.167493,37.83804797,366.3356804,792.8117386,59.65291523,10.98759763,45.10710141,0.025412108,0.266666667,0.008229187,1
4234.670205,32.06549684,1357.868041,722.4796049,65.12536886,18.33148198,131.8197719,-1.096957512,2.4,0.017245552,2
2465.767856,24.87113935,613.2645596,878.8754408,74.51260655,13.30019355,83.96013336,-0.185315726,0.333333333,0.007802096,2
5721.316497,22.66449207,1296.707324,975.4660235,77.24040851,18.6053542,136.7656239,0.194544915,0.866666667,0.007858731,3
1575.268304,29.43881712,463.740355,740.1464783,69.35787284,9.471422425,57.86496393,-0.289205687,0,0.00625036,1
1859.669977,27.13722468,504.6628199,929.3385015,72.39001962,12.16091331,65.96938362,-0.041896446,0.133333333,0.00634448,2
6971.104014,12.26782009,855.2024984,895.4126742,86.46819672,17.82335441,317.6572938,-0.999720273,2.4,0.014709834,2
4655.67898,20.80177528,968.4638791,1088.683298,79.16062514,18.1912266,172.6903577,-0.899582831,1.466666667,0.006838973,1
4410.085514,17.74615819,782.6207517,1043.350326,82.18149851,15.68972351,157.644985,-0.946064812,0.666666667,0.005583355,3
3428.633333,41.79609932,1433.034993,941.3952148,57.63507828,20.76744571,72.39483558,0.161837389,1.466666667,0.012018003,1
1584.200591,58.4806127,926.4502121,635.6158844,37.57451398,12.51002941,59.3067767,0.912341899,0.533333333,0.010859856,1
1918.698133,41.92952084,804.5009334,774.5981916,53.5125756,15.88563348,68.08692848,-0.445548455,0,0.013442442,1
3759.976112,69.41414407,2609.955235,728.4474246,27.16754827,23.08029284,75.96061011,-0.660997892,2.133333333,0.016844451,2
5014.714478,44.78263393,2245.721227,1045.897709,55.12377808,23.08490759,99.4373927,-0.451620369,3.333333333,0.009281796,2
3151.622875,29.80921602,939.4740709,611.4126321,60.89447223,18.51117505,126.4765682,-0.964178967,2.2,0.02346229,2
4257.772216,45.32141364,1929.682558,987.8321348,54.4783154,22.74681547,114.695894,-0.359256804,2.333333333,0.011417805,1
3702.963924,20.44491753,757.0679204,813.3256474,78.89009805,12.77162187,122.624213,0.079539336,0.933333333,0.008019081,2
1727.629255,24.77250326,427.9770137,775.8653184,74.26155502,9.765085683,55.95167445,-0.414737764,0,0.006011766,1
9209.278735,7.560219007,696.2416413,1066.505596,92.37000234,18.31662587,194.4864984,0.265609993,2.533333333,0.006924789,1
9180.770863,9.410740232,863.9784972,925.0403883,90.03968483,17.72010189,307.4747513,-1.045815713,2.6,0.011966016,2
5501.893337,16.60668997,913.6823686,1104.907268,83.38652867,18.23083817,122.7357804,0.04769682,0.733333333,0.005710211,3
3921.516564,17.47932937,685.4547967,883.679284,82.20649105,13.504958,93.28305937,-0.101886827,0.133333333,0.007032449,3
6024.817278,17.68849506,1065.699507,941.6836386,82.19214695,17.41319117,128.8127533,0.678492141,0.666666667,0.007722263,3
1759.186025,25.37299051,446.3581032,760.3286438,73.11168229,10.03732494,60.71771065,0.426191559,0,0.00698502,1
2762.598431,36.90308391,1019.484017,793.4904336,62.23640228,13.81229668,72.37579738,2.087400201,0.133333333,0.008354781,2
3306.386441,66.91383415,2212.42994,717.6752426,29.34097607,21.60931744,73.85038738,-0.51848215,1.533333333,0.01642492,2
966.1899791,37.13490709,358.7937511,775.2062923,59.82348242,10.9710132,52.17055607,-0.004730531,0.066666667,0.008728271,2
2571.468183,33.15398988,852.5443009,830.9374025,66.35612307,13.685158,82.75520221,-0.330694517,0,0.007515848,1
3412.165139,68.68200199,2343.543329,723.6832935,27.83270913,21.97519245,73.37756817,-0.488979091,2.266666667,0.016328862,2
1402.323882,30.4371671,426.8276632,759.67448,68.1763214,9.391234025,55.99128025,-0.29014102,0,0.005998022,1
3335.384426,26.58058176,886.5645845,912.5156933,73.14760252,14.87503041,119.7359269,-0.21429423,0.6,0.006654627,2
4362.406835,33.27340275,1451.521196,1005.049118,66.61746603,19.42485762,126.8212977,-0.625083971,1.6,0.008185795,1
2454.452534,48.7401302,1196.303361,678.8484842,46.82141288,14.91202329,79.8010139,2.934195912,1.6,0.013521179,2
2420.239735,34.68464622,839.4515897,907.9636083,64.28279469,14.43368942,108.6893738,-0.68719914,0.733333333,0.008391969,3
2447.253769,26.4654247,647.6761037,898.8498459,73.04391492,13.76074288,90.97733782,-0.339496806,0.333333333,0.007677864,3
1979.945887,21.46458605,424.9871886,734.0584467,77.20248945,10.2072922,62.26754754,-0.207188151,0,0.007225993,2
4250.886311,25.69235,1092.152589,1144.848189,74.2720675,18.20097837,170.2027841,-0.273066891,1.2,0.006586978,1
3886.728327,19.87795161,772.6019761,654.2091378,76.9374981,15.7875585,139.4369196,2.28765982,1.866666667,0.019455875,2
4554.834931,43.34547429,1974.314804,782.7270016,53.89921905,21.53097791,159.1956702,-1.066921976,3.266666667,0.016306815,3
2763.500036,53.21407441,1470.570966,839.6182403,45.1462347,19.55186221,73.03975975,0.638274515,1.266666667,0.012920944,1
7597.569695,11.59955919,881.2845936,744.1537201,87.23301095,15.86871653,198.9674991,0.718906522,1.533333333,0.015249568,1
3075.389435,58.84267513,1809.641414,828.5887361,39.19320658,21.83721825,70.49002275,0.194264393,1.733333333,0.014755829,1
1200.484156,48.70268931,584.6680686,869.2926581,49.70519055,13.41651362,59.37830382,-0.038739052,0,0.008924571,2
952.2096029,38.12495189,363.029453,774.6614,58.85761221,11.08082659,52.18885497,-0.024689004,0.066666667,0.008849328,2
5297.259486,14.95534829,792.223606,617.9444372,80.58013083,16.55413499,196.9275442,0.573646794,1.333333333,0.023134645,1
2804.630967,57.43175476,1610.748779,852.7346486,42.16535897,16.55111122,73.4550513,-0.188393225,0.133333333,0.008097967,1
5796.489944,36.7642949,2131.038657,1072.987645,63.19008485,23.21143102,142.7895469,0.37946453,3.2,0.00884772,1
3100.647893,50.81371841,1575.554489,939.8298541,48.58612268,20.77386558,71.43772707,0.307714275,1.2,0.011986094,1
2341.019966,27.96664022,654.7046314,778.1645741,70.78856567,11.75046786,61.61648981,0.281581781,0.2,0.007931197,2
3266.025164,57.15294283,1866.629495,711.6109633,39.40546762,20.19461193,78.16679038,1.036513693,1.133333333,0.015864284,2
1468.549628,28.77355629,422.5539539,770.4017731,70.0197537,9.50245794,55.03986687,-0.023694401,0,0.006051711,1
7527.445737,14.9570603,1125.884598,949.155378,84.57102325,18.95862684,175.7579158,0.992857086,2.466666667,0.01040096,3
8855.952825,7.255289185,642.5249876,856.0411914,92.24187168,16.07933882,233.9944712,0.376082949,1.466666667,0.01139073,1
8558.417155,16.0544461,1374.006469,921.9803588,83.69472086,19.08927078,258.8198744,0.393061273,3.066666667,0.009533958,1
4506.54326,18.67069604,841.4029938,1019.895104,81.20848592,16.3470053,146.3559495,-0.878868291,1.133333333,0.006172671,3
4861.995188,34.82754127,1693.313381,894.9050224,64.80641127,18.46554823,129.805421,-0.271633027,2.666666667,0.009255269,3
1544.484824,56.17953121,867.6843335,778.9526664,42.80136929,11.85272819,50.7720866,0.02851335,0,0.006463724,2
4247.892707,69.34930413,2945.884032,764.0841286,27.75207037,25.19823755,89.22741357,-0.565562177,3.266666667,0.017759553,1
8687.005562,23.31335089,2025.232088,741.7276681,75.0543947,21.0836413,190.3698143,1.492913995,3.266666667,0.01661374,2
1078.484346,35.09400733,378.4833755,784.4434053,61.78515073,11.15265573,54.92873336,0.894259704,0.266666667,0.008887648,1
3041.214219,19.38758917,589.6181186,689.4313534,78.8282833,11.58428955,105.5760446,1.02423024,0.266666667,0.009546206,2
3187.074407,36.32160771,1157.596664,912.8727554,62.97559914,16.52819668,177.2840903,-1.36530589,0.6,0.008913249,3
2457.505278,64.70915512,1590.230902,841.8178908,34.11835954,19.45674081,61.62846908,-0.511741508,0.2,0.01195859,3
9096.728119,3.140552383,285.6875117,1198.207702,96.8513671,15.68434618,266.0596676,0.157272277,1.066666667,0.003724962,3
1945.415168,59.53187219,1158.142071,835.6147364,39.80548486,14.41942819,60.98343966,-0.087943249,0.133333333,0.0077344,1
3420.291572,3.122686369,106.8049787,1176.802635,96.71232255,10.34292232,556.1487484,-1.879277312,0.4,0.004892605,2
3624.74959,2.976248812,107.8815666,1182.730015,96.88292993,10.36331911,555.9854096,-1.878066975,0.4,0.004883706,2
2584.768125,32.96273233,852.0101986,919.4850344,66.70864232,14.31695506,158.6289876,-0.497908654,0.466666667,0.006851928,2
3700.874439,28.21222161,1044.098899,880.5359345,71.36492924,16.16363105,94.3817492,-0.649107039,0.2,0.008750189,2
5206.025484,29.24505328,1522.504927,618.7166477,66.6883446,18.59418979,173.157756,0.729786185,2.133333333,0.023891794,1
1094.249196,50.22215569,549.5555347,724.8347188,41.9735683,12.47385127,69.54724781,-0.287379115,0.066666667,0.012331382,2
10038.36457,8.459380893,849.1834948,868.1943352,90.72516461,18.51810097,271.7219686,-0.227454697,2.133333333,0.013718314,1
4053.54425,42.58032655,1726.012379,983.6618219,57.12087591,21.56268893,107.7440868,0.515749752,1.333333333,0.011359906,1
2452.979624,64.56618311,1583.795315,671.4670998,30.68024856,17.69349274,61.41558492,0.356432397,0.266666667,0.015293074,2
11060.19938,9.495657975,1050.238705,826.2946793,89.69422161,19.11926616,206.4541673,0.610738457,2.533333333,0.01284807,1
6397.785254,14.68001683,939.1959521,803.8588407,83.78042755,16.99852808,231.1245697,1.218899312,1.6,0.01633692,1
3829.07527,29.31934964,1122.659966,1071.565484,70.65216587,17.6855876,93.65627056,-0.47738709,0.666666667,0.00693328,1
6186.027872,7.479718118,462.6974475,1200.427283,92.47921733,15.10131472,308.3201691,-1.059811297,1.6,0.005404728,1
5789.791561,13.24128531,766.6428193,980.0008722,85.88483141,17.50865466,289.9906867,-0.675013803,2.133333333,0.014413818,2
4548.026516,14.31378296,650.9946444,945.7289564,85.51271254,14.73731691,158.4140501,-0.655342697,0.6,0.00604163,3
1053.942403,56.5055042,595.5354688,569.7667837,39.83110844,8.948768557,47.7680606,2.358696623,0.133333333,0.008876014,3
2296.271058,20.01468547,459.5914298,954.0720408,79.87603852,11.50848845,64.07141235,-0.175467748,0.2,0.004823284,3
3380.996658,20.5064492,693.322362,786.5612541,79.07877294,12.26693691,94.10995398,-0.042315451,0.2,0.007569846,2
1165.112497,45.67813182,532.2016223,863.3903052,52.64782984,13.23275711,56.53647676,-0.049035311,0,0.008911653,2
1888.864229,69.44537813,1311.728906,815.336269,27.60448523,19.51533343,55.05682548,-0.472945195,0,0.013952056,2
5076.435743,20.19064973,1024.96536,1116.09052,79.80143242,18.94197004,116.0511822,-0.020881145,0.466666667,0.005818889,3
732.6905539,35.97277675,263.5691372,723.3756428,59.13149552,9.021554024,39.58652398,0.344835818,0,0.007791,2
2366.564125,22.72621713,537.8305015,938.1958699,77.15657488,11.65557837,80.30700449,-0.513434703,0.133333333,0.004496143,3
3700.690212,37.25625147,1378.738452,761.4226272,59.5958588,19.15885043,149.7074437,-1.280184613,2.8,0.016999929,2
7001.758377,16.56749398,1160.015898,939.7714186,83.2416929,17.15078164,214.6850257,2.033002057,1.333333333,0.010319274,3
1593.507376,41.59681553,662.8483236,855.8542283,55.36309557,13.93111475,56.64619718,-0.211335757,0,0.010003493,3
4064.120579,21.58148199,877.097451,879.881303,77.99053283,14.99151055,107.0436307,0.238035737,0.666666667,0.008148736,3
2951.781632,64.9028678,1915.79093,699.5922249,30.72579948,20.39886123,65.78914577,-0.216543057,1.066666667,0.01667557,2
4939.623373,20.57741561,1016.446831,903.0782198,79.26217413,15.74103064,124.1317245,2.09186738,0.733333333,0.007255652,3
2827.582606,25.99902955,735.1440374,899.1918453,73.92041175,12.89780125,74.71841959,-0.313680382,0.133333333,0.004723012,2
2481.85691,11.98003548,297.3273385,688.1364103,87.13585127,8.525946068,229.1720164,0.583661232,0.266666667,0.007136935,2
6293.308862,12.30493359,774.387476,996.7813752,87.46731698,16.60592267,233.053636,-0.74762329,1.866666667,0.008481791,3
5041.18723,16.14688646,813.9947781,654.0908989,81.76758931,15.05051368,153.8706174,1.869200142,1.266666667,0.018828105,2
5326.288513,42.50004608,2263.675072,1033.577313,57.44649942,23.54375414,111.3184451,-0.012199647,3.533333333,0.009103723,2
3323.962547,58.6317228,1948.896507,705.1924681,37.90128024,20.39892701,72.8222443,0.463850546,0.8,0.016125568,2
2812.642892,39.53234284,1111.903631,936.4018671,60.14923945,15.92250301,162.7987511,-0.844406279,0.666666667,0.007305392,2
2864.309971,47.73186748,1367.188639,933.1481978,51.65907617,19.87311097,66.7570978,0.076183409,0.866666667,0.011470038,1
1758.158861,42.9047758,754.3341175,860.5710106,56.30886088,12.8682389,75.61150892,2.431415742,0.266666667,0.007347489,3
3668.145511,42.78541725,1569.431362,958.1314167,56.7626746,20.91736067,110.4901063,-0.181494124,1.333333333,0.011467396,1
2189.031237,48.28713433,1057.020454,863.5363484,50.28716353,16.578408,68.05993527,1.881256097,0.666666667,0.010372846,2
1354.565893,55.18408408,747.5047811,775.7397451,43.79084915,11.27135799,46.7801534,0.105759618,0,0.006213467,2
3506.152841,4.518359917,158.4206046,938.7626893,95.17123974,9.894059938,504.9966374,-1.046193507,0.4,0.005924176,2
2289.3292,25.23583982,577.7314498,805.5937383,71.91912981,14.36188001,109.1953146,0.678239022,0.733333333,0.011802065,3
6503.848118,30.85750764,2006.92543,992.5606447,69.07363726,22.74484496,128.9180447,1.73823647,3.333333333,0.009529648,1
4851.457791,11.91122137,577.8678771,723.1976977,86.03104581,14.60357558,153.9909131,3.125665926,1.933333333,0.013556691,2
9262.934269,8.367997519,775.1221098,1049.03371,91.40255831,19.07586912,253.8681759,-0.239847304,2.8,0.009061642,3
1326.474942,31.72523013,420.827228,723.6597191,65.70834054,9.535041858,48.25644033,0.027043911,0,0.007458855,2
2950.103947,65.72688846,1939.01153,683.440529,30.78202367,19.02372533,74.40909719,0.19079956,0.666666667,0.015201684,2
2380.920059,39.94078309,950.9581162,804.105115,58.76840775,13.83294534,63.76740457,0.240214398,0.466666667,0.00861519,2
2653.256951,23.40430548,620.976362,932.7260325,76.52053939,12.53555921,79.99662056,-0.385633418,0,0.004702375,1
1924.973124,27.52700182,529.887387,928.5306662,71.98333038,12.11258872,65.9935709,-0.023851868,0.133333333,0.006357478,2
4798.080915,20.51706734,984.4254924,783.6259061,78.62555332,14.8334731,192.9969396,1.346030507,0.666666667,0.009480971,3
2898.230259,24.89032957,721.3790633,852.9709526,74.32524093,13.57124147,83.55128873,-0.109573938,0.333333333,0.007910974,1
1512.537746,28.91335317,437.3253804,766.9556298,69.63927554,9.567932774,56.50500076,0.388233641,0,0.006828091,1
1653.231751,37.16549308,614.431732,720.7482599,59.02655404,12.10968489,72.46852744,1.479582091,0,0.01097049,2
3769.683211,25.69050646,968.4507087,908.7938273,74.11588906,15.09671189,113.5102163,0.375339194,0.8,0.006379491,2
3147.050733,14.22832923,447.7727394,725.9285396,84.04692124,12.02846382,111.9047873,7.223177016,0,0.009731992,2
5176.4016,21.04652374,1089.452592,865.6817607,78.0927929,16.33514912,246.7833092,-0.553969924,1.6,0.010353114,3
1760.01707,35.21124907,619.723994,736.2511414,59.01046221,15.50858667,135.5733325,-0.614965329,1.066666667,0.018603989,2
3987.54468,75.05163615,2992.717524,786.3755698,21.95000004,25.84803893,78.26663671,-0.579537499,3.533333333,0.017793688,1
9154.945118,5.845145925,535.1199015,1102.542242,94.05421065,17.61699578,284.5060981,-0.740526936,2.133333333,0.00736098,2
1580.929264,25.01221366,395.4254052,705.8562749,73.36048109,9.064914365,80.23398898,1.896767061,0,0.007101645,2
9006.918877,7.597062333,684.2612414,1113.945123,92.17464969,19.1774808,298.5048335,-0.560989107,2.8,0.008985505,3
1227.488219,44.70406767,548.737164,940.7450082,54.81041907,10.92239813,71.45003848,0.250483567,0.2,0.005900921,3
2766.402507,48.5861821,1344.08936,911.2130327,50.92628633,16.92616713,77.06696896,-0.174100682,0.266666667,0.008748494,1
2168.56931,70.74886214,1534.238112,836.1205507,27.92567018,19.05717528,58.09974395,-0.63036893,0.266666667,0.012056031,3
4336.697633,69.28350966,3004.616323,757.6245597,27.85490363,25.13828979,85.11498587,-0.526449841,3.266666667,0.017819139,1
2521.694194,21.17148752,533.8801715,931.4321981,78.60607853,12.3664442,67.94543956,-0.123279327,0.133333333,0.00590585,2
2266.41319,42.13997017,955.0658424,741.7778976,54.89648802,14.09503675,85.92991462,6.438773269,0.866666667,0.012596275,2
3476.283152,41.26063997,1434.336676,756.9471628,56.87996501,16.49734173,100.2326449,0.197432709,2.133333333,0.011539371,2
1354.171531,33.00114361,446.8920918,735.9365206,64.1566758,10.38040585,70.94088605,2.556450363,0,0.008966689,2
2431.744281,58.81854636,1430.316637,808.4657214,39.15209933,18.91249333,64.23516756,-0.062619189,0.133333333,0.012891701,2
3188.301892,32.78469728,1045.275124,909.2237845,66.76248984,16.53061915,93.70484808,-0.176111835,0.733333333,0.009265002,2
1843.026316,24.90357734,458.9794841,748.8419362,73.96165203,10.19008824,82.16875248,-0.392783942,0,0.00727036,2
1455.985709,59.99035817,873.4510417,793.5434683,38.92286324,12.1256016,49.5660179,-0.068512232,0.266666667,0.006821471,2
2610.813069,22.64593089,591.2429232,866.7570161,76.96917379,11.90207104,92.85883546,1.617435384,0.133333333,0.005827064,2
2872.05174,65.43392497,1879.296181,699.9998919,30.17950407,20.38408435,68.4193081,-0.371632398,1.066666667,0.016422285,2
1482.536874,30.94606949,458.7868913,747.3035966,67.58126341,9.888136169,56.22140134,0.271070605,0,0.006679735,1
3176.032897,27.72019158,880.4024036,995.5460529,72.20070194,15.04749679,82.32764923,0.116085881,0.466666667,0.006494185,2
1705.71664,32.14271824,548.2636935,926.4674841,67.3157955,12.14267584,62.50154799,0.143636117,0,0.00646647,2
2204.96414,24.69933908,544.6115696,905.464141,74.95884189,11.51333777,78.10425937,0.282885787,0,0.005845045,2
7639.482324,15.29543696,1168.492203,958.3803837,84.54297654,16.84370695,217.2510885,1.73291456,1.266666667,0.009944007,3
1031.542026,44.04010009,454.2921409,748.5799125,52.63684437,10.21210871,63.31120944,-0.542562684,0,0.007943417,2
1759.837943,27.09864444,476.8922269,890.1038902,72.37313225,10.56597818,66.74568698,0.323441403,0,0.005655386,2
4893.063597,16.79367877,821.7253827,568.1249776,76.99588083,17.17050972,134.5689651,0.962673819,1.466666667,0.025286188,1
2443.455521,38.1991203,933.3785141,799.7317227,60.33892507,14.1618532,63.97837638,0.14402136,0.6,0.009048402,2
1148.153863,54.6541757,627.5140298,759.2244616,36.87914248,14.50888056,44.24963653,0.078002987,0,0.013075042,1
3624.337499,68.29549561,2475.259258,729.6262074,28.59798837,22.63161679,75.02978108,-0.6296314,2.266666667,0.01646793,2
1889.927778,22.9644275,434.0110944,613.2999124,75.253854,8.71054659,71.40408822,6.543778451,0.2,0.007555596,2
1436.802901,24.80916983,356.4588719,719.9665538,73.50835091,9.053619645,52.25196913,-0.083992179,0,0.006791487,2
2626.797867,16.95024083,445.2485645,812.714421,82.165629,10.69702607,81.83466776,1.201145418,0,0.006779985,2
1867.49045,56.41089956,1053.468162,812.3683736,41.40960762,17.41269144,53.47421863,0.055802318,0.066666667,0.012291703,2
9244.048657,7.196256019,665.2254078,1189.169741,92.43726068,19.42292419,417.0884062,-0.695347594,2.933333333,0.015684523,3
3437.460463,63.47473814,2181.919027,723.7352846,33.45239018,20.67458865,85.63325874,-0.770032758,1.466666667,0.014838526,1
3004.460617,59.74292339,1794.952605,706.0255101,35.62288369,20.3172284,73.89144453,1.033992407,1.2,0.016920909,2
4357.808172,18.78870216,818.775598,1027.890108,81.09846747,16.15470492,147.1662556,-0.919019015,1.133333333,0.00610017,3
2740.467398,32.11791851,880.1810856,871.1292047,67.67103705,13.36700705,87.27036783,-0.398887956,0.2,0.005642304,2
9185.633866,13.0072382,1194.797277,1075.559558,86.92538252,19.94155287,191.7802248,0.417919699,3.266666667,0.007172564,1
2212.925333,69.10047639,1529.141947,839.9118289,29.77951667,19.3029999,58.78507772,-0.534463872,0.266666667,0.012010633,3
4162.337378,43.81187427,1823.598019,873.6572239,55.00109529,20.43438538,156.5885123,-0.729402294,2.6,0.013418956,3
1865.650589,25.85284361,482.3237293,1092.554408,74.14261787,11.63760952,73.72706808,0.6308686,0,0.004007559,3
1909.692712,24.493909,467.758395,855.7491137,74.87998623,10.46032686,63.94182336,1.296510317,0,0.005592881,2
2182.13957,60.35303802,1316.987524,807.8351733,37.0528615,19.11330775,62.36100484,-0.205406386,0,0.013673739,2
3651.670902,42.48754777,1551.505419,986.5884927,57.27451093,20.89696325,91.48198136,0.732806775,1.466666667,0.01054478,1
3729.98953,34.72460242,1295.224035,868.4579293,64.32003111,18.28484704,90.94992603,1.123998155,1.866666667,0.011251226,1
2680.812427,32.125516,861.2248253,667.6028526,56.63568075,19.61311466,95.44911785,1.538782789,2.933333333,0.024672001,2
6004.885489,20.84160618,1251.514585,866.6455268,78.23998851,19.14157564,303.9670031,-0.259696289,2.533333333,0.013173247,2
3707.509157,41.98446726,1556.577968,985.6608501,57.80713411,20.40181964,91.46167922,0.723873352,1.066666667,0.010062444,1
6607.202848,16.74612787,1106.450637,944.1100224,83.10090448,17.27563675,214.1853284,2.048846298,1.266666667,0.01026647,3
6088.055469,19.29411151,1174.636211,1066.814065,80.35093932,19.7633199,214.9254102,0.030570408,2.933333333,0.010467417,2
2145.799506,34.97172346,750.4230694,860.0296352,63.85611434,14.30303981,63.34594192,0.090066412,0.533333333,0.009078116,2
1936.661805,55.3256243,1071.470234,789.6062406,43.74892292,13.59542618,64.45245011,0.919535043,0.666666667,0.007541668,2
1199.709406,56.78064085,681.2026889,773.883282,41.74805356,10.9779818,50.53017685,-0.484454925,0,0.00661333,3
4073.013037,45.66658735,1860.006057,767.9775409,52.41137313,19.05570603,108.437953,-0.087163684,3.066666667,0.013431949,2
4262.370681,35.1242508,1497.125768,640.251552,61.16742324,16.72116474,118.6610541,1.231408928,2.4,0.016815859,2
2403.113788,24.04264736,577.7721737,904.401701,75.48824704,12.98096627,89.75295607,-0.347978027,0,0.007020424,3
1426.101245,26.45112031,377.219756,705.1966753,71.89987351,8.618387397,77.72785654,2.281086621,0,0.006900603,2
4127.764061,25.45304357,1050.641585,1163.175499,74.52304272,19.10266328,149.4557689,-0.442899229,1.666666667,0.006877326,1
2593.068075,37.77493317,979.5297326,976.2575448,61.95805592,15.00228286,105.5326118,0.875161347,0.6,0.007451037,3
2633.66033,63.27679877,1666.495948,675.3196871,32.29708353,18.41263941,82.21106755,0.212132121,0.933333333,0.016122704,2
2663.770725,32.57877513,867.8238744,926.641923,66.8366241,17.11239217,126.3989618,5.440948474,0.666666667,0.010109531,2
1677.065213,34.97030976,586.4748999,729.9446674,63.95427466,10.32646122,76.16996464,-0.812735131,0,0.006567282,2
3606.02327,38.7807902,1398.444319,1020.015843,61.0500714,18.72742538,154.9475551,-1.096399057,1.466666667,0.007609215,2
1185.490165,62.92171373,745.9307281,784.8485416,35.69540603,11.09443383,43.29763924,0.079703138,0,0.006666821,2
430.4490034,41.23979817,177.5163002,577.962823,53.50578722,5.649337729,27.30464041,1.518077782,0,0.006821592,2
2722.514511,31.10935179,846.9566166,891.1750426,68.09552847,14.27064945,106.8182817,-0.315352834,0.733333333,0.008259213,3
3188.7365,53.19690152,1696.309016,833.3494751,45.55316087,19.45343988,79.53460978,0.324538654,1.266666667,0.012387419,1
7571.426109,9.550572334,723.1145273,997.1998147,89.82391339,17.45122567,369.4587236,-0.33391435,1.8,0.011608695,1
1151.484332,65.5122627,754.3634403,786.3659028,33.21837684,11.09331184,43.43604378,-0.126041873,0,0.006593003,2
5065.464185,11.17887173,566.2617436,731.9897809,88.52151111,10.64776497,240.3869242,-0.70149944,0.666666667,0.006385219,2
3228.340111,54.43273393,1757.273783,817.5747641,43.70478714,20.79631894,69.4520437,-0.461192059,0.666666667,0.013487302,2
3808.093453,48.50805528,1847.232077,1035.299718,51.35408475,20.97805557,126.7158184,0.421720478,1.333333333,0.008650801,2
1020.076371,31.0582018,316.8173779,782.079476,66.13373394,9.01832286,77.19754515,2.748180151,0,0.007047581,2
2473.004036,29.27396293,723.9462845,806.5438131,69.73961501,13.02695304,69.45560844,-0.329131139,0.133333333,0.0074889,2
2742.522668,22.31390604,611.9639314,896.5017626,77.56377684,12.37035607,68.39263653,-0.381277356,0,0.004487544,2
3281.15463,39.3713134,1291.833673,921.7276888,60.10529973,17.70614818,95.40921121,-0.247031416,0.733333333,0.0095856,2
2244.310466,36.85980994,827.2485724,833.4749847,62.48467322,13.95834917,80.85235561,-0.04019519,0,0.007929665,1
3465.59696,17.20856222,596.3794093,844.1864397,82.14202497,12.51280306,102.7472084,1.741674414,0.933333333,0.00771668,2
3094.773416,20.1614627,623.9515881,769.15819,79.22285836,11.41482152,111.8163395,7.622947587,0.333333333,0.006605425,2
4430.005607,68.80054409,3047.867961,769.9815799,27.67241273,26.21526437,84.15408004,-0.484960213,4.866666667,0.019054327,1
1571.359219,28.73662902,451.5556692,741.1803813,70.0763913,9.538683701,57.71377548,-0.273256776,0,0.006224977,1
2499.268771,11.70285856,292.4858893,689.6009634,87.45547202,8.446890632,228.36973,0.5902931,0.266666667,0.007099931,2
1922.334949,38.84475722,746.7263437,972.0382312,60.88464361,13.7473209,71.04397183,0.575230169,0.866666667,0.006767639,1
1313.729975,55.51917898,729.3720961,778.5977483,43.50216841,10.93588611,48.76013861,-0.246702862,0,0.006084532,2
4271.702335,20.56595781,878.5164997,885.9770453,79.18916261,15.19776492,103.8759774,0.623074562,0.666666667,0.008215734,3
2773.904211,17.86007468,495.4213634,811.722644,81.16908814,11.32108713,83.38061898,0.969374862,0,0.007246102,2
2476.235942,36.80714885,911.4318491,975.7094419,62.91321437,14.82412675,103.5681984,1.089219027,0.6,0.007529525,3
3527.869418,17.84814895,629.6593886,735.0785974,79.78447539,14.05722281,117.0986585,7.018376862,0.6,0.013284933,2
4242.5898,20.04058037,850.2396185,948.3748361,79.86283109,15.23928299,117.1935079,0.032176152,0.2,0.006250659,2
4111.285843,32.23651028,1325.335084,727.7034361,64.76041087,17.86909104,130.8302827,-1.120149623,2.266666667,0.016154633,2
2512.506231,63.10431086,1585.499743,685.2566621,32.53185373,18.25625088,65.3067356,-0.240812913,0.4,0.015081188,2
6775.448581,17.1075261,1159.111634,646.6408625,80.64481792,17.49005159,158.7017141,-0.599735686,1.933333333,0.018742689,2
940.4129176,34.23218555,321.9238949,781.8052381,64.72342524,8.222510286,59.7146199,-0.551514945,0,0.005255238,2
9345.33778,14.90436624,1392.86337,807.5374794,83.75568936,20.71062818,206.8140838,1.058295776,3.533333333,0.016512369,1
2458.535809,21.40239668,526.1855863,929.5071701,78.35329848,12.3015755,68.82659993,-0.136622668,0.133333333,0.006010419,2
1763.870191,33.81666266,596.4820322,837.1231786,65.5400185,11.03787346,77.3542957,2.576413029,0.133333333,0.006161063,2
2797.18075,22.2217738,621.5831791,947.4062658,77.72640023,12.14563069,67.88224024,0.002261216,0.2,0.004290573,3
3185.379164,18.98325039,604.6885028,678.591479,79.20391828,11.66724121,99.42284613,1.740162394,0.266666667,0.009765721,2
2521.506928,27.1879147,685.5451529,884.5055272,72.59636191,12.38354577,67.60533375,-0.557384822,0,0.004946464,2
2044.106122,27.11684459,554.2970805,846.1736018,71.40075163,13.74943722,65.3002804,2.078921669,0.133333333,0.009890541,3
1667.804686,64.10597835,1069.162511,814.8213813,35.1281071,13.07546553,54.91810733,-0.417976025,0,0.006935197,1
3704.3053,21.0088925,778.2335182,880.5471684,78.51234745,14.48108456,105.3173606,-0.268871979,0,0.007881245,2
2039.006017,47.10112164,960.3947046,865.9577933,50.85504427,16.58474799,66.52707821,1.683251826,0.533333333,0.011068874,2
2938.076768,41.42711753,1217.160516,980.9361917,58.37695266,18.33800908,95.38365605,0.644815437,1.333333333,0.009241461,3
6913.37662,18.82236861,1301.261231,591.2987216,76.72004533,18.96876418,151.3033222,0.94447157,2.466666667,0.023566013,2
9667.878105,10.13686719,980.0199639,872.7805988,89.02204346,17.8488032,274.3885522,-0.987826199,1.6,0.013413863,1
1242.584069,52.86139893,656.8473219,574.4783967,43.79783073,9.177797881,52.71186091,1.896189186,0.133333333,0.009049537,3
4363.957903,28.8179367,1257.602626,941.3813638,71.04856799,16.9744452,126.5588944,-0.629904317,1.066666667,0.007017589,2
3709.40879,28.14559305,1044.035102,1107.628577,71.83814381,17.54387947,88.3249322,-0.108768349,1.2,0.006435561,1
3928.614934,33.39315561,1311.888498,945.5054818,66.3827196,17.37665686,143.3541108,-0.645286665,1.266666667,0.007259193,2
1523.131076,36.24792224,552.1033679,731.8332089,60.98566265,11.05852409,72.63188756,1.946216636,0,0.009291928,2
1069.451121,52.45524186,560.9831722,699.7237619,44.1024438,10.13585606,42.48777589,0.644652435,0.133333333,0.008370762,2
1531.093316,32.96832245,504.7757812,841.2057117,65.24303997,12.98840085,77.2184978,12.32934814,0.6,0.008672588,3
6384.403995,7.433836717,474.6061684,1045.992908,91.91400182,15.18109315,385.2938038,-0.831471901,1.2,0.010679517,1
1983.163984,29.88488712,592.666318,840.5754285,68.65727903,13.39940996,62.56748686,2.092995901,0.266666667,0.009283387,3
1642.939906,38.16332939,627.000568,863.5914707,59.00432606,14.19832196,58.27790151,0.468384406,0,0.009969451,3
2659.710696,47.21757629,1255.850927,674.2225469,50.64437588,14.05165913,69.08555038,2.327420208,1.266666667,0.011032714,2
2189.451798,63.19198778,1383.558113,804.8476238,34.40588548,18.66463549,68.50795693,0.140945993,0.6,0.012869164,2
3807.464577,17.84343834,679.3825942,713.6445367,79.52209062,14.37802517,225.6459181,0.468396327,1.333333333,0.01986031,2
5640.883872,22.91709124,1292.726504,971.955884,76.99818355,18.41809315,136.704348,0.178166479,0.866666667,0.007944978,3
683.182359,49.41064816,337.5648317,724.5137111,44.90608847,9.749437404,34.54495141,0.848536558,0,0.008633223,2
4568.867937,22.42584876,1024.607414,893.7010383,77.23331615,15.56918784,105.8944971,-0.39519796,0.866666667,0.008078697,2
4297.953873,11.3738446,488.8425946,1226.499611,88.58517579,14.86010132,286.4764665,-0.644373397,0.6,0.005796808,1
2489.400733,50.2616031,1251.212716,844.0531742,49.35709254,15.01387539,68.2452516,0.174968614,0.2,0.007496621,1
1202.564617,36.15446099,434.7807551,807.6764277,62.03224013,10.52781765,51.89844596,-0.167923772,0,0.007370955,3
1924.095806,22.57519329,434.3683473,716.1880071,75.8182395,9.97314291,131.4602248,5.208930822,0.2,0.007395476,2
2779.047541,45.34154706,1260.063149,804.8753409,53.65141094,15.11847839,80.47583462,3.183911994,0.133333333,0.008668307,2
8951.700632,4.115928936,368.4456366,1183.261624,95.87573218,17.01703175,308.3776306,0.028565106,1.733333333,0.008460853,3
3239.403991,50.34179429,1630.774094,1007.363825,49.51912965,19.96833095,83.08389251,1.082119386,0.8,0.00933654,1
3897.645311,33.79112163,1317.058068,944.024282,65.98146523,17.32441324,144.0904563,-0.655147046,1.266666667,0.007223299,2
4039.727407,23.0238945,930.1025765,886.1104806,76.52408147,15.83531171,97.01945332,-0.079175628,1,0.008545074,2
1529.509284,58.65591626,897.147685,790.5490543,40.25934287,12.20871469,51.19669938,-0.086723995,0.266666667,0.006920154,2
5024.045583,2.266613104,113.8756755,1322.016957,97.66012023,12.74108752,530.0346635,-1.621422729,1,0.004984263,2
3611.775793,67.19032174,2426.763776,727.6336526,29.66917587,22.50783886,75.76585909,-0.626789337,2.266666667,0.016435577,2
1713.706245,54.90582663,940.9245798,814.6900887,42.88043075,17.04617121,52.29652888,-0.159308599,0.066666667,0.012054598,2
1306.971963,60.26213003,787.6091439,793.3126132,38.53601667,11.65994186,48.10581778,0.034090972,0.133333333,0.006666795,2
2499.914519,19.12738177,478.1681941,955.8764475,80.7611328,11.56604784,64.74413288,-0.181179333,0.2,0.004772012,3
3638.552346,69.49236491,2528.516074,730.1066502,26.46855184,23.11697682,71.84206545,-0.308315708,2.6,0.017524166,2
4918.149786,33.40779388,1643.045343,646.6548267,63.38176523,17.76916965,123.8689304,0.905031611,2.8,0.017262623,2
1120.098987,49.24623663,551.6065974,715.6767766,42.64027294,12.88583964,69.73766544,-0.248553381,0.066666667,0.012921156,2
4086.279418,44.15603669,1804.339039,981.2802225,55.3049471,22.15223211,159.2523526,1.02776737,3.933333333,0.011338574,3
1769.801959,40.10477931,709.7751701,800.7237675,56.95160845,14.60124951,64.58691213,-0.27585007,0.466666667,0.010928014,2
1519.843311,40.3130148,612.6946591,859.3072925,56.91993677,13.64530521,55.24954068,-0.051046486,0,0.009610817,3
2576.230513,25.84061505,665.7138096,855.8855578,72.48741373,14.99725287,67.20735373,3.532956319,0.733333333,0.01047511,2
2801.031741,26.85738919,752.283996,720.3102735,69.43736688,15.35696632,67.40498882,11.50577581,1.333333333,0.01364875,2
1854.833877,44.47887199,825.0091855,850.0133277,54.11578872,14.39798791,85.40760467,1.221247372,0.4,0.009234617,2
4827.472893,28.92582503,1396.386362,628.8310184,67.08568272,18.56801677,174.1639128,0.407307696,2.133333333,0.023224428,1
9240.45913,4.858567592,448.9539527,1190.889898,95.13031089,17.02763761,228.7687813,-1.084808122,2.266666667,0.004706964,3
4036.908506,37.02189337,1494.539962,871.6603637,62.18331539,18.4533105,92.22997181,1.10570569,1.866666667,0.011386719,1
1794.674802,23.05257761,413.7188018,736.0906528,75.62618362,9.354065412,81.8355589,1.879131437,0.066666667,0.007261408,1
2220.616191,36.17140128,803.2279932,805.6718279,61.66261431,14.06047112,83.89456349,0.259414041,0.866666667,0.009804546,1
8572.451241,3.686064554,315.9860866,1075.790994,96.28329528,14.50393104,253.3884079,-0.863449514,0.666666667,0.004433728,3
2503.506342,21.47247477,537.5647676,875.6576837,77.78285201,13.06836624,74.11910461,0.102724381,0.066666667,0.007889513,3
1294.912893,34.1827394,442.6366996,807.8821633,64.02219122,10.57372536,51.87359785,-0.162935975,0,0.007446431,3
2982.126638,26.1464557,779.7204204,877.5801422,73.56826482,13.41835807,77.01897773,-0.214202435,0.266666667,0.005863666,2
2817.414185,27.07389604,762.7837875,883.5516152,72.62398422,13.15477177,92.53863359,0.034253305,0.2,0.005972033,2
2620.268423,23.4676698,614.9159414,784.8632934,75.88816055,11.5862009,77.87303454,-0.195986824,0,0.006905416,2
1629.281377,56.19823991,915.6274569,800.0702711,42.71451948,12.54362953,52.94064999,-0.196265954,0,0.007086607,1
1679.447205,36.9776924,621.0208214,973.1782621,62.88133167,12.2093527,62.02562612,0.529294539,0.2,0.005774069,2
6077.358656,30.98686927,1883.183182,760.9120755,66.9266403,21.01601203,169.6837592,0.555435761,3.2,0.016317647,3
2672.886476,18.65142124,498.5313159,811.5996432,80.31972715,11.33599773,83.40070335,0.967054322,0,0.007247689,2
1228.689215,60.78733398,746.8874164,780.7296285,38.05404777,10.79968195,48.63544339,-0.420416111,0,0.006239755,2
1817.138857,20.75199089,377.0924902,732.791159,77.6012689,9.958732543,60.54093121,-0.1502802,0,0.007410538,2
3869.332439,57.16780634,2212.012475,903.6182495,42.01296263,22.32890659,96.0707976,0.38161958,1.4,0.012403574,1
1849.616714,32.73051054,605.3889935,902.5561684,67.11589492,11.68462097,106.989909,-0.966224267,0,0.004587301,2
2594.777297,18.69587551,485.1163331,937.3329877,81.169341,11.89919749,73.42864878,-0.383501557,0.2,0.005102056,3
3801.656498,24.67728397,938.1455696,938.4622285,75.20305619,15.23833703,106.533318,-0.577445752,0.4,0.006124097,2
2768.354778,23.58715464,652.9761223,899.9319093,76.3187325,12.22700535,67.54733864,-0.26370873,0,0.004295135,2
2676.67643,48.42542149,1296.191843,742.9281162,49.11807675,16.29095286,94.88844997,4.008966499,1.266666667,0.013442188,2
3610.318058,50.2647038,1814.715678,780.5659167,47.42563622,19.0973539,113.930586,-0.11456474,3.066666667,0.013400247,2
3105.199621,44.84655922,1392.575187,893.7462291,54.71434766,17.4323745,88.46149446,1.813009169,1,0.008919262,1
4424.029004,27.53767457,1218.27471,945.9368014,72.34188237,16.96296549,124.3201981,-0.693415039,1.066666667,0.006858062,2
1677.342324,37.42097927,627.6779236,630.6159677,58.9407645,10.90691072,74.86125144,10.48916593,0.6,0.010228217,2
3249.54895,56.19826923,1826.190268,815.8021989,43.13460623,16.94047806,110.0975585,0.482747178,0.6,0.009000366,1
6962.479878,18.21856658,1268.464032,574.6051862,78.35378216,18.38944211,140.4217586,2.306859755,2.266666667,0.022242698,2
1778.547413,35.39279027,629.4775557,973.5520807,64.45482315,12.92940943,64.18235792,0.343782835,0.2,0.006167119,2
2086.553485,48.15246741,1004.726987,781.1332818,50.55284051,13.72035655,67.14758751,-0.161413987,0.6,0.00831285,2
3207.613452,50.71802527,1626.838201,916.4207778,48.46235157,20.70580832,85.07892263,0.152949912,1.666666667,0.012279975,1
2407.354918,60.86778944,1465.303723,809.7640079,36.89090017,19.46988885,62.90896237,0.118643387,0.4,0.013471567,2
769.5493308,39.48210794,303.8342974,768.9444064,59.22155337,7.819098784,68.02326752,-0.672821525,0,0.005293303,2
5280.514855,2.662930337,140.616432,1320.769104,97.25370992,12.74152197,531.778915,-1.618272569,1,0.004894166,2
3371.905044,20.74143013,699.3813287,810.0413101,78.35422149,13.10823318,96.43017235,0.667598618,0.333333333,0.008018377,2
2684.517471,41.8174454,1122.596628,881.0945345,57.23364235,16.40773617,81.21657729,1.33400022,0.466666667,0.009663089,2
1944.864502,26.79455547,521.1177979,881.7807144,72.92796208,11.10733936,62.21279709,-0.380614241,0,0.004625041,2
2325.24811,30.44525669,707.9277556,805.5713232,68.04331103,13.12691626,66.15363363,-0.225611273,0.266666667,0.008344713,2
1503.936803,26.39446186,396.9560259,713.9185483,72.01378046,9.467658711,100.2743076,11.88616888,0.266666667,0.006942882,2
6190.614637,8.580855422,531.2076917,1134.534494,91.3122033,15.94062511,258.9577362,-0.854576628,1.866666667,0.006636485,3
5013.801081,39.24716782,1967.774924,1016.576733,60.66977631,22.04359138,94.81726814,-0.471615147,2.466666667,0.009151893,2
4658.014695,47.73686835,2223.590343,910.0295251,51.87762008,21.43437526,127.9809328,0.102239958,3.533333333,0.011215552,3
4182.896155,31.01669766,1297.396254,729.8929929,66.35470252,17.8793791,130.9812871,-1.139748018,2.266666667,0.016137426,2
3618.80456,26.7270751,967.2006124,826.5539655,72.70468227,14.78829919,87.95729068,-0.274334653,1.066666667,0.007996896,1
6753.876538,7.868230507,531.4105742,1015.563772,91.64427143,15.92653329,366.1563367,-0.425073286,1.4,0.010225696,1
1649.592875,42.56363626,702.1267113,854.1176047,56.68170375,11.78005637,52.69640773,1.041881959,0,0.006439794,3
3319.207686,18.82552122,624.8581471,1073.09962,81.13554507,13.69592242,122.5864156,1.245575468,0.2,0.004784714,3
692.0401568,40.06460332,277.2631436,718.0355583,54.36204488,9.151240821,34.69823271,0.479069258,0,0.0081193,2
2996.16585,32.33635889,968.8509419,858.9566526,65.85858233,16.41704186,142.4494745,-0.591867066,1.133333333,0.012444672,2
4651.575843,22.87627443,1064.107255,898.1855772,76.81317409,16.26739006,109.8649973,-0.559884499,0.866666667,0.00836784,2
651.2392118,44.04801184,286.8579252,715.9668146,49.52392641,9.320357853,33.74715557,0.834023503,0,0.00855775,2
3363.180251,62.28297259,2094.688634,719.3255581,34.74930617,20.20155605,84.39842116,-0.730048123,1.6,0.01456145,1
2898.964632,36.42302235,1055.890536,799.241879,62.71316174,13.85488198,71.83115104,2.483305541,0.133333333,0.007939328,2
4076.945901,20.07480499,818.4389392,946.4224425,79.82562028,15.13124118,116.250732,0.089841125,0.2,0.006205352,2
3083.342892,50.42783282,1554.862999,811.1977796,47.67465112,19.68877606,67.06616638,-0.395876216,0.466666667,0.013027734,2
1805.161749,20.6920536,373.5250368,616.3444433,77.47841141,8.921829915,72.24391386,5.774765379,0.2,0.007457717,2
6100.257088,13.05599009,796.4489611,968.7633901,86.56704249,17.13128806,238.8967317,-0.576500832,1.866666667,0.009405561,3
1851.561159,33.0578541,612.0863865,808.4936703,63.22252585,14.77943102,60.29009537,-0.194017978,0.066666667,0.011824143,1
3275.142605,70.44939905,2307.318283,723.7747438,25.69344713,22.1093091,72.8376745,-0.424676332,2.266666667,0.016578357,2
1707.858093,58.16663545,993.4035907,815.6566092,39.68138722,17.50339753,52.9120292,0.073033075,0.066666667,0.012257028,2
1630.507466,35.56352108,579.8658666,731.8862268,63.34664913,10.31728358,75.65953141,-0.790584416,0,0.006563824,2
3837.160514,3.345760297,128.382193,1180.709249,96.49582804,11.33272847,562.0573978,-1.894752749,0.6,0.005153563,2
2987.462189,15.72137468,469.6701243,765.6570795,83.50680069,10.41079967,127.8919455,2.058632029,0.266666667,0.00714406,1
2580.685273,33.75459345,871.0998223,814.9600566,65.41272972,13.59426163,95.45046507,0.033854237,0,0.008040549,1
3021.914279,64.05679188,1935.741341,702.0703038,31.27607359,20.48985033,67.47788782,-0.204241854,1.2,0.01671918,2
2583.358528,62.29439147,1609.287474,669.9541435,33.1581754,18.2329673,78.82984513,0.614364409,0.933333333,0.016267267,2
400.2435728,50.81404607,203.3799535,793.9335616,44.22930161,7.486901716,31.84065914,0.678183528,0,0.006162349,2
5459.374533,7.652890859,417.7999746,994.1903239,91.73295019,14.31438867,358.4116582,-1.097676107,1.333333333,0.011855724,1
2415.249527,26.08239356,629.954887,936.0483338,73.82328788,12.52418106,77.51570177,-0.372671181,0,0.004675087,1
3456.064525,16.3684278,565.7034266,846.4904116,83.00765152,12.66726722,103.6468443,1.64310169,0.933333333,0.007789384,2
1920.648687,24.40454184,468.7255123,787.0953018,74.99871782,9.98421925,80.566641,-0.732573604,0,0.005721934,2
1982.507316,14.6879743,291.1901652,806.8003294,84.64611654,8.609222953,103.1571341,2.338004899,0,0.005239229,2
3180.327217,68.42863714,2176.254571,717.6244973,26.96293376,21.95426688,69.21358594,-0.356042875,1.466666667,0.017843456,2
2520.099057,37.40733122,942.7018014,854.8763482,61.05473982,15.7922768,74.25923434,1.035479206,0.6,0.010077061,2
2266.568007,48.2358108,1093.297456,890.2678826,50.63856775,16.60902387,77.89502994,1.136134563,0.466666667,0.009983959,2
1687.384733,33.36787514,563.0444307,933.3374793,66.1338095,12.39200837,65.63658412,-0.094306773,0,0.006530546,2
1603.200049,28.76887544,461.2226251,743.6386624,70.07924888,9.546631133,58.12259928,-0.334448391,0,0.006186835,1
1861.663969,28.3116764,527.0682786,839.0087873,69.52565857,14.23797819,61.7976557,2.574737416,0.4,0.010674297,3
2533.324734,35.32585641,894.918658,860.9741404,63.14561257,15.03185829,72.23187614,1.570147238,0.4,0.009608433,2
3269.065069,53.42790721,1746.593052,825.4999376,45.22595129,19.11215599,80.43461041,0.26421765,1.266666667,0.012149739,1
4521.438632,36.18200128,1635.946984,1037.61262,63.72708161,21.05543117,116.5402954,-0.170742452,2.333333333,0.008487747,1
9187.997657,6.647914759,610.8102523,1132.409172,92.93875674,18.70344065,380.8659558,-0.516683077,2.733333333,0.015640715,3
6734.65741,12.45255089,838.6366414,1157.638235,87.53934974,18.58400898,164.3025593,-0.019261887,1.333333333,0.005557506,3
1929.947654,27.22950388,525.5151715,847.1926467,71.0876094,13.65131894,64.41677892,2.319642947,0.133333333,0.009835585,3
2331.625773,28.80348173,671.5894035,647.3369729,68.67174268,11.17953139,103.5929915,4.77881447,0.6,0.010176612,2
1498.184934,28.44932398,426.2234855,715.9045305,69.8875369,9.422021295,60.65690902,-0.149745941,0,0.007114602,2
3506.673998,25.62524822,898.5939161,752.7179343,72.51808922,14.23945709,150.0758653,1.244132986,1.066666667,0.011883742,1
3262.154479,66.2383015,2160.795719,722.0723223,29.1441894,22.35286019,67.97245989,-0.166481219,2.333333333,0.017613138,2
515.3755613,48.10626944,247.9279562,780.227728,48.63401578,7.461088001,47.77051702,0.574158241,0,0.005737089,2
861.1419058,46.03773426,396.4502222,789.1985938,51.08165255,11.04878631,47.777429,0.302640329,0.2,0.008448085,1
6680.44649,27.66652277,1848.247249,998.9587469,72.03607649,22.43262654,259.3771627,5.92929071,3.933333333,0.011307995,3
1789.418291,33.27850186,595.4915993,807.7244478,62.83970069,14.67168909,59.78160971,-0.166539262,0.066666667,0.011742331,1
2951.365193,45.72940872,1349.641852,904.2176095,53.79094629,16.9669863,79.7646325,0.134476394,0.533333333,0.008575357,1
3997.85088,39.98640761,1598.596949,965.9181714,59.68958908,21.16696524,107.9401231,0.058233303,1.333333333,0.011312291,1
1466.621126,26.37091745,386.7614465,736.9483885,72.32859671,9.243550403,52.92322561,-0.637816402,0,0.00625412,1
4104.142757,16.06959088,659.5189502,712.4521688,81.69621907,14.33301833,226.0345027,0.465272343,1.333333333,0.019773909,2
3491.794485,13.7234188,479.1935808,812.7572466,85.51540529,11.83031719,88.04481563,0.681408202,0,0.007252917,2
2263.906456,21.3822709,484.0746114,776.2746544,77.25447542,11.46265,65.59344621,0.606078823,0.2,0.008040527,2
6564.959309,9.134263743,599.6606979,1156.883403,90.75090461,16.31025244,270.3745041,-0.911872297,1.866666667,0.006654364,3
3602.739566,22.3298876,804.4876958,932.302616,77.60018106,13.9737309,80.01200422,-0.522435383,0,0.004699551,1
1383.94063,27.84190098,385.3153798,762.9412426,70.47518087,9.510320888,52.21713363,1.154002887,0.066666667,0.007013568,1
823.4686156,28.9888007,238.7136758,777.3734256,67.23998284,8.921817076,45.06157527,0.068385426,0,0.007307929,1
4862.689235,14.26937287,693.8752582,826.9904071,84.83999603,15.04987743,115.9132018,5.921124268,1.133333333,0.011012623,3
1826.515429,34.6777145,633.3938059,836.2386105,64.70721249,11.04797591,75.42310568,2.482532032,0.133333333,0.006166744,2
3416.277064,67.63161093,2310.483212,726.6931279,28.07667101,22.75627316,70.49191448,-0.120475707,2.533333333,0.017627138,2
1866.005788,43.40538933,809.9470773,834.5778939,55.05741987,14.40805626,80.12145999,1.227326978,0.4,0.009366253,2
4110.665612,48.37729285,1988.628741,789.1297573,48.62432491,21.56416093,159.3475668,-1.108760673,3.266666667,0.016312967,3
3105.343632,52.66101164,1635.305371,912.9389618,46.37878875,20.88068481,84.05431319,0.231750445,1.666666667,0.012559633,1
3411.325469,17.16261164,585.4725421,888.3574736,82.44027892,13.9550411,86.3088718,0.875536061,0.2,0.007301474,3
4228.854994,40.10602092,1696.025469,1066.368482,59.86185816,20.81872978,102.7865498,0.843972901,1,0.00854869,3
3321.974972,33.56369016,1114.977387,820.0601863,62.81536376,18.64039252,125.0362154,-0.551464868,2.2,0.015853074,2
1433.104809,27.66343346,396.4459952,721.8214345,70.55934718,9.177956997,50.97597462,-0.141178316,0,0.006728414,2
3064.493327,41.9266326,1284.838858,787.3173888,57.17090868,14.33809456,76.41857807,0.534736908,0.4,0.008669849,2
2590.585911,66.35332794,1718.939965,680.8700294,29.27425601,18.14021571,63.63501157,-0.133520298,0.333333333,0.015009726,2
1724.512533,32.23783355,555.94548,700.201559,66.25122786,10.12794125,92.39694547,17.27268806,0.2,0.007172814,2
1781.280491,26.44679192,471.091545,1092.244659,73.54713047,11.6446663,73.75788233,0.623288558,0,0.003994888,3
828.5197894,31.24105164,258.8382952,883.5982817,67.23637651,8.957999117,54.2304007,-0.315027107,0,0.005931237,1
1561.089307,32.98414944,514.9120298,960.6190177,66.84300345,12.04408198,52.99556483,-0.110470452,0.2,0.005770704,2
8379.134847,7.833539156,656.3828092,827.2273218,91.56559169,15.44638728,212.9557024,1.695626039,1.466666667,0.011410121,1
3278.526992,40.83773727,1338.87624,918.8367091,58.59762188,18.08314244,97.30677048,-0.38737023,1,0.010054715,2
2471.096879,36.50200591,901.9999288,871.6338963,62.37847073,15.57300869,74.97224542,1.64936647,0.4,0.009595749,2
4002.083224,42.84783411,1714.805981,971.563938,56.90852785,21.52530647,103.6286341,-0.177901644,1.533333333,0.010920843,1
2658.598001,32.02186639,851.3326999,806.4432824,67.12432919,13.40725339,91.47500586,0.351904464,0,0.008037893,1
2281.444353,71.1776893,1623.879373,822.2185734,27.29417082,20.97809845,58.08017927,-0.135086268,0.466666667,0.014074454,2
2713.846701,23.72650451,643.90096,870.0649479,75.96016648,11.42381569,115.0160852,2.294368048,0.6,0.005964578,2
1045.679096,33.05824619,345.6831701,907.5765245,66.23151801,9.481983287,79.40312524,0.518528001,0,0.005472702,3
1617.896241,41.96593435,678.9652742,828.0707627,51.8002604,15.39582914,95.47965959,1.468199784,0.733333333,0.013183293,2
2405.822285,18.61691882,447.8899819,724.801786,79.09244864,11.75375407,105.2969577,5.551674487,0,0.009712789,2
1338.067763,44.57310581,596.4183598,811.5163678,53.65060162,11.54129383,57.70486248,1.140364564,0.2,0.007683505,3
1749.673896,23.90249504,418.2157163,766.6622418,75.08966927,9.691084919,65.60461528,0.303962432,0,0.0062214,1
911.7461067,48.4923682,442.1272791,563.015461,47.58806741,8.186429652,43.58235627,3.349679265,0,0.009242294,3
1945.192506,29.97353586,583.0429734,894.5398973,69.86455621,11.53415312,103.61066,-0.937783945,0,0.004636386,2
4355.596308,25.34515114,1103.932467,944.3950718,74.55625344,16.11393302,119.0536955,-0.445129747,0.733333333,0.006315642,2
1974.451608,44.14406969,871.6032937,680.5475516,52.59631822,12.56747018,75.74255705,4.019792584,0.866666667,0.01151192,2
1375.000118,24.60615806,338.3347023,722.8013547,73.48024007,8.811365612,54.61888009,-0.014615158,0,0.006925696,2
6155.540405,15.53554049,956.2964718,958.689809,84.36799518,17.74445972,179.6079678,-0.6291445,1.8,0.007109983,3
2396.681608,69.25859583,1659.908029,825.036361,29.34957717,18.81969587,60.15084893,-0.161586503,0.4,0.011706148,3
1116.904946,53.62093692,598.8948965,699.6326747,43.0883063,10.32961687,42.78953977,0.685567825,0.133333333,0.008525082,2
2576.635156,32.01090552,824.8042456,880.4839619,67.48618479,14.14805408,91.9414224,1.283549898,0.533333333,0.00742861,3
2258.496859,37.1114421,838.1607541,639.4743797,57.51811954,14.57223587,114.4614623,-0.210382295,1.266666667,0.020654444,2
2464.653747,26.51793798,653.5753521,886.1056324,73.16594199,12.43153268,87.09015725,0.742059346,1,0.006322702,2
2373.901572,27.3768264,649.8989124,774.8011571,71.12821302,12.11705808,64.27960375,0.049267234,0.133333333,0.008306905,2
3150.134206,37.4191412,1178.753166,928.4729375,62.24050677,16.72411116,90.3576134,1.814668156,1.533333333,0.008947235,3
4973.539878,2.642107772,131.4062836,1318.20533,97.28094525,12.68251037,535.1861987,-1.617291708,1,0.004790358,2
6100.043705,11.21761098,684.2791727,1105.282522,88.02515701,17.36590654,399.8847468,-1.468785509,2.066666667,0.011524051,2
4888.07339,38.50880539,1882.338669,1031.982761,61.40776045,22.03346272,103.3409865,-0.071802863,2.733333333,0.00903324,2
2045.959447,41.3973937,846.9738874,638.3958262,52.98666987,14.59784615,113.7038138,-0.18325489,1.266666667,0.020690975,2
3680.349875,27.03192813,994.8695331,1113.551047,72.95573696,17.49499544,91.06652819,-0.242767765,1.066666667,0.006386789,1
2894.293632,40.151165,1162.092612,652.0372202,57.64018243,13.8817901,89.17949447,1.353728987,1.333333333,0.013049912,2
3545.68504,69.921166,2479.184322,733.573409,26.76934616,22.67475354,76.85669155,-0.544985175,1.666666667,0.016210247,1
6388.199455,14.31710831,914.6054352,901.1538811,84.19650956,18.17839897,256.2668202,0.319716455,2.8,0.014261456,2
2379.351836,21.98440916,523.0864428,861.5799999,77.6168659,11.16509286,86.40294603,1.705632375,0,0.005668717,2
2598.157586,27.68043863,719.181416,775.5992386,70.73775203,12.71958084,98.12838526,2.305221405,0.266666667,0.009244138,2
6244.018557,6.157234464,384.4588625,1154.649729,93.19050312,16.42581381,387.4065992,-0.593281599,1.533333333,0.013672529,3
761.2073872,37.84044356,288.0442517,763.7803666,57.24609175,9.656634933,39.74284107,-0.077887236,0,0.008034812,1
3892.416248,33.03810215,1285.980456,880.7111847,66.35416955,17.23492822,110.352897,0.147305211,2.2,0.009649387,3
8656.966685,11.44759287,991.0143013,903.069983,87.69912789,17.92166631,321.5760507,-0.028285863,1.733333333,0.01342159,1
4574.124419,26.96750604,1233.527279,855.3275213,69.70445707,21.18529373,222.375266,0.29945859,4.2,0.017699486,3
2496.055569,57.67640091,1439.635017,812.6058862,40.31764696,19.22603459,67.74727863,0.10560048,0.4,0.013157369,2
3523.479931,43.4012625,1529.234774,890.5809304,56.24198095,17.31460268,90.09032879,1.667907332,1,0.008806514,1
4928.448912,20.24338806,997.6850387,1049.728743,79.72243848,17.55592098,169.3861605,-0.885697435,1,0.00674119,1
4206.322624,18.44517067,775.863387,568.0484539,74.65607039,17.32876164,131.6140516,1.061463264,1.466666667,0.02541009,1
3608.733823,24.99154606,901.8783757,950.3840617,74.90031128,14.91889147,116.508931,-0.211064121,0.133333333,0.006012004,2
2064.416376,34.47230037,711.6518141,860.3924438,64.11584384,14.19636012,61.59020167,0.106435627,0.466666667,0.009285152,2
4980.090144,63.61409822,3168.039436,784.7978379,34.02241988,25.97400706,87.54503751,-0.638990799,3.666666667,0.017548234,1
1865.59481,20.50724409,382.5820815,734.4898505,77.94312727,9.970976718,62.0503011,-0.184765833,0,0.007337183,2
4889.332391,2.944813754,143.9817327,1040.421517,96.86943184,10.91001355,543.2310023,-1.636439813,0.6,0.005465842,2
1393.099945,61.16180275,852.0450404,793.1584503,37.67987574,11.81614807,49.96761888,-0.093265507,0.133333333,0.006626028,2
2646.814349,14.41810853,381.6205655,729.5422748,84.55304276,10.05233494,74.5982547,4.957777103,0,0.007435935,2
2936.821562,24.65775755,724.1543403,938.9804526,75.2657513,12.96983258,81.54550946,-0.432310858,0,0.004761488,1
1227.340207,59.08199049,725.1370243,776.2530018,39.32364203,11.01020041,51.52895996,-0.462278338,0,0.006578513,3
1919.095347,33.27688133,638.615081,904.168389,66.24225682,12.40637356,152.9164986,0.112027527,0.2,0.006202486,2
4386.364382,47.12967714,2067.279371,919.3353413,52.34710766,21.01101531,123.1276473,0.524025511,3.466666667,0.010915443,3
1625.444926,27.05430731,439.7528654,772.0275943,72.05700711,9.706519542,57.1055814,-0.45151551,0,0.005865045,1
2504.678112,13.77324096,344.9753518,729.8805095,84.84466855,9.847899943,73.52467931,5.323326966,0,0.007823784,2
3379.711126,22.36545068,755.887625,1070.961887,77.59971166,14.65904053,124.1481145,1.03205915,0.466666667,0.005048558,3
4763.835938,11.36002694,541.1730459,833.7497128,86.86355708,16.22278147,290.8497725,1.656611298,1.4,0.017993964,2
4245.541746,39.69458849,1685.250325,1066.485395,60.27401621,20.78548624,102.5770976,0.848905539,1,0.008540827,3
3876.922559,35.6801129,1383.290346,797.5828932,63.34650566,16.61652119,131.4875994,0.25114564,2.333333333,0.011521496,2
762.3784435,37.44540099,285.4756652,759.859491,58.53772276,9.540485998,38.55229514,0.242416851,0,0.007954883,1
4408.005055,23.63725195,1041.931261,1041.343294,76.29024063,17.55824534,121.9490599,0.154972984,0.8,0.007622622,1
1554.813333,35.95973261,559.1067173,841.3338321,62.03470348,13.22716135,57.9569682,-0.128387776,0.266666667,0.009534172,3
3200.377946,30.32283389,970.4452882,743.5172715,68.84810822,13.17043407,86.0126675,0.314870696,0.4,0.008532889,2
2300.227321,37.09481915,853.2651647,967.5101166,62.56675431,14.59178677,102.9096379,0.904288752,0.6,0.00762511,3
3544.511251,39.78846292,1410.306545,634.0748559,54.52978819,16.51371897,114.7681431,-0.365126548,2.333333333,0.018334901,2
4665.891636,18.21713405,849.991734,819.6714406,80.58677129,16.36924878,198.5547032,17.43662516,0.866666667,0.011297298,2
4759.144732,2.853457117,135.8001541,1119.689354,96.98169619,10.97189761,559.0123234,-1.847971168,0.6,0.005234871,2
8350.112655,12.22742132,1021.003455,967.4532166,87.27876322,19.67227465,340.5181427,-1.071979462,2.666666667,0.01260784,2
9547.347846,10.45206927,997.8954102,839.7757857,88.64651554,20.34862661,248.3186994,0.098816305,2.933333333,0.015957348,1
786.2952683,30.63945496,240.9165846,780.5289102,65.92698292,9.09265685,44.91579692,0.232008724,0,0.007393716,1
3385.523208,31.57656024,1069.031775,743.9376097,67.33879344,14.02129792,92.25069145,0.202049575,0.6,0.009031276,2
1782.698321,55.78238247,994.4315958,634.5072329,40.45179067,12.54331766,61.76160152,0.666384934,0.533333333,0.010824752,1
2587.351994,53.18302261,1376.031996,803.8022471,44.48280844,18.43560857,68.82973056,-0.180310279,0.266666667,0.012783448,2
2615.446786,25.11305396,656.8185628,779.1609408,73.52857687,12.29283678,69.29961583,0.215612315,0.133333333,0.0081809,2
1449.211702,59.97716599,869.1961078,792.972658,38.94099095,11.79375937,49.73398286,-0.069441033,0.133333333,0.006677233,2
1921.400241,60.96839616,1171.446911,804.101328,38.29743092,13.84250483,63.66705711,-0.281472615,0,0.00731826,1
1085.573801,34.09861313,370.1656106,897.6121696,64.72667927,10.05842119,56.25274685,-0.462234183,0,0.006323828,1
3908.944882,20.35727984,795.7548483,1034.23492,79.51338373,14.83052664,143.2661727,-0.408136728,0.466666667,0.005570105,3
4596.607387,21.15341182,972.3392901,929.5464715,78.23026378,16.41223866,143.6532366,0.817040754,1.266666667,0.009438043,2
711.4975481,38.93273374,277.005446,729.4306171,55.19128099,10.03292421,35.999849,0.598109841,0,0.009077826,2
1882.789965,21.03466805,396.0386191,731.9631576,77.55435953,10.1051434,59.76910689,-0.052375016,0,0.00733129,2
2254.965835,44.49887198,1003.43436,743.2784491,52.41488579,14.0818844,86.70662901,6.276229134,0.866666667,0.012473514,2
2708.69857,18.92617862,512.6531297,1073.304391,81.02517614,12.72829897,119.9123428,1.551689707,0,0.004416818,3
3190.766488,29.20593039,931.8930394,746.4312642,69.92251941,13.1731938,86.39301807,0.33655384,0.4,0.008612347,2
2878.445362,27.24696594,784.2890274,864.9174056,72.01743817,14.35821617,81.90469846,0.245849506,0.533333333,0.008477989,1
6183.574925,28.78512556,1779.949806,987.2079042,70.90687868,22.00759022,266.2530978,5.477509521,3.733333333,0.011330478,3
4882.701397,63.57753152,3104.30102,785.8064793,34.00226061,25.99525964,86.96375247,-0.622164049,3.666666667,0.017569102,1
1618.0144,22.37777422,362.0756094,718.6852032,75.46486032,9.436261827,57.71192153,-0.370440558,0.133333333,0.007650157,2
3075.859917,47.02273147,1446.353349,1034.542553,52.8648008,18.98820419,76.92140014,-0.125780836,0.533333333,0.00849762,1
3565.311722,53.81821942,1918.787286,810.1796892,45.64052627,16.96214428,111.0968211,0.238546644,0.6,0.008816405,1
3240.787352,39.9367623,1294.265541,976.5084417,59.87799785,18.36229362,98.27475617,0.348401544,1.333333333,0.009141826,3
2346.229275,48.88868785,1147.040706,799.6256583,49.0937848,15.84482813,71.94307483,-0.118309398,1.333333333,0.010625634,2
4694.365744,14.07340235,660.6569791,935.2907146,85.27201224,14.39795526,366.1528659,-0.850010469,1.266666667,0.008719763,2
2693.96477,62.83302525,1692.699564,666.4987436,32.32431606,18.99543892,78.06367563,0.843071632,1.066666667,0.017082129,2
1278.258524,68.9561362,881.4376891,797.077007,29.10476081,13.00621356,43.98633828,0.242885135,0.4,0.008449351,2
1660.943414,17.10500698,284.104487,803.5938144,81.6124653,8.83232254,107.7435383,1.793477786,0,0.006446079,2
1008.11267,52.7247779,531.5251661,696.7546333,44.3254963,9.895036908,44.60171531,0.343273433,0,0.007419977,2
1290.323442,35.04598109,452.2065094,827.0352332,63.08188298,12.14271782,67.34472956,-0.066041758,0,0.008489802,2
5862.039419,24.44074892,1432.726336,1085.441564,75.53774395,20.15884096,150.9090894,0.738966869,2.666666667,0.007291805,1
2634.226279,47.55497089,1252.70554,885.6830881,51.89747348,16.4582898,85.82414197,0.421669395,0.333333333,0.008572422,1
9142.444298,5.731027228,523.9559721,1114.631798,93.76766687,18.49351513,385.043726,-0.672973995,2.533333333,0.015517065,3
3447.301282,67.40025288,2323.489781,723.2132693,28.28389837,22.54700916,71.5287974,-0.345531826,2,0.017724829,2
2048.930707,34.27419095,702.2544229,975.0150416,65.5858342,13.35596172,67.65674726,0.300992086,0.2,0.006317534,2
795.465664,32.28008529,256.7769948,757.2038579,63.66276691,9.249382797,39.85724585,0.430293138,0,0.007854724,1
7410.894329,15.02426924,1113.432717,1056.135737,84.42481015,19.4786003,367.413714,-1.098828874,2.666666667,0.01193333,2
2064.701304,33.1613461,684.6827453,980.026137,66.70157032,13.45027466,70.42852122,0.566527402,0.2,0.006322316,2
4166.134148,34.66271003,1444.094999,721.0042888,61.96797891,19.2434101,155.2555242,-0.013200236,1.733333333,0.018727168,1
2893.021521,25.33522219,732.9534303,890.0130167,74.41936664,12.66843616,90.48979824,0.369227737,1,0.006335301,2
947.1730952,52.80740901,500.1775705,691.8133456,44.39846454,9.488454062,41.29946727,0.863205599,0,0.007132214,2
3230.044287,17.15790471,554.207921,709.7036079,81.29737774,11.87404901,113.7923291,0.458447796,0.266666667,0.009461454,2
4198.403278,67.0460089,2814.861835,764.5080807,30.52877807,23.86752663,85.25861465,-0.655424401,2.466666667,0.016327967,1
1503.476253,28.17083211,423.5417711,764.1919007,70.34264266,9.541821117,59.12119238,0.078271175,0,0.006605856,1
3452.544864,54.47911335,1880.91583,825.1051559,44.18949397,21.8482231,79.57604776,0.233328265,1.333333333,0.014222815,1
3715.92076,3.011783286,111.9154804,1170.407552,96.84855666,10.33637531,556.3727684,-1.879676641,0.4,0.004902296,2
1516.094372,37.50628798,568.6307214,873.2636134,61.08297843,13.4523362,53.46211368,-0.142278576,0.133333333,0.009219256,3
3085.990374,18.56825529,573.0145708,819.7133551,80.91438279,11.66184322,114.854175,-0.710601677,0.333333333,0.006785517,2
3055.1321,30.08912373,919.2624777,898.8016498,69.09252121,15.00762623,117.2647586,-0.786894323,0.733333333,0.008585236,3
2726.232235,28.71249801,782.7693761,806.9781448,70.29687288,13.81376456,107.8561805,0.231987906,0.4,0.008978877,1
2210.804852,30.49242569,674.1280267,959.7957291,69.39188603,13.1196589,72.04283069,0.340706789,0.266666667,0.005855542,1
1944.379708,34.00285459,661.1446048,853.8090121,64.40850056,14.18680296,60.17948962,0.309014632,0.466666667,0.009284382,2
2055.940151,34.25374583,704.2365137,888.777177,65.29570678,12.21234777,145.0921628,0.845365026,0.2,0.006204393,2
3001.875907,6.420947493,192.7488758,851.0643519,93.08591121,9.166698042,469.1623823,0.020390723,0.4,0.006286102,2
2623.421025,25.11264162,658.8103203,840.7475603,73.97242355,13.10909713,71.44327033,-0.08610242,0.066666667,0.007965287,3
2896.172618,38.85331351,1125.259027,705.1625129,56.54530569,17.58477903,81.63172468,7.141953756,2.066666667,0.015886073,2
3633.647275,41.52674136,1508.935306,809.407301,57.49643576,16.81727259,106.092022,-0.444207906,2.266666667,0.010433378,2
4749.131126,12.33473002,585.7925029,824.2054444,86.55570446,17.29590483,285.5198908,2.470455741,1.933333333,0.013378511,2
4354.390527,35.19512467,1532.533175,876.6143736,64.24210999,17.98095432,116.2913906,0.429936647,2.666666667,0.009859261,3
4473.891382,18.81306559,841.6761202,1023.588044,81.09014636,16.18737099,148.1185121,-0.919640681,1.133333333,0.006123904,3
1801.91426,24.1365779,434.9204389,887.7468126,75.34414776,10.40762619,66.67225545,0.287846153,0,0.005576394,2
2058.176456,33.61331694,691.8213754,872.4111066,65.9145191,11.97036578,135.2785696,1.811582225,0.2,0.006182025,2
2971.248067,19.59487573,582.2123662,819.4843133,79.85218097,11.62481601,114.6706752,-0.699093251,0.333333333,0.006758831,2
1248.265966,50.1111384,625.5202858,576.1267306,46.74568697,8.978592935,52.16547505,1.887534923,0.133333333,0.008682954,3
2160.952158,59.68647765,1289.796227,763.9403298,39.13739645,14.69403268,64.89713432,2.568485764,1.333333333,0.008853302,2
5255.930139,26.7008049,1403.375652,760.7618436,70.75675381,18.11900431,331.1746465,1.970005455,2.933333333,0.017038965,2
1567.650332,45.86298898,718.971299,841.5099618,52.10827717,13.52523199,53.22092377,2.059421228,0.266666667,0.009046663,2
945.5341914,54.81349862,518.2803709,914.805325,44.39086414,10.59901483,87.43322853,-0.841977716,0.2,0.005987131,3
871.1974579,39.23398679,341.8054956,772.5458332,57.31917348,9.808110644,43.34331924,-0.143111936,0,0.007670679,1
929.3736256,36.41997998,338.4776884,768.1237605,61.38721329,8.820831517,43.87884098,0.751902736,0.066666667,0.006214979,1
3755.470571,58.54776338,2198.744023,902.3761951,40.66483726,22.79163386,89.65261752,-0.315063225,1.666666667,0.012812892,1
2220.639684,23.56752815,523.3498827,931.3936321,76.14228412,12.42821485,67.88529009,-0.296149938,0.133333333,0.006048223,2
4761.37858,13.38197214,637.1663549,931.1766507,86.09196649,14.15710452,368.8218366,-0.861957265,1.266666667,0.008825331,2
4256.832469,25.79673011,1098.123583,875.0020246,73.43270425,16.80970374,116.8350654,0.153124793,1.933333333,0.010234956,2
5024.862021,2.908946985,146.1705723,1318.68197,97.02051504,12.85438728,534.7910469,-1.610841832,1,0.004658222,2
3277.113354,68.75887229,2253.306186,723.5117268,27.52921896,21.82630172,74.16082372,-0.515475475,2,0.016316291,2
2506.220264,27.55965898,690.7057581,884.6151127,72.17370019,12.72062389,68.47980733,-0.599256096,0,0.00522884,2
1206.854443,36.01615169,434.6625268,784.7273497,60.74157128,11.9020328,54.78612617,-0.110831184,0,0.009687136,1
2952.918371,18.69014066,551.904597,828.7859473,80.7771199,11.42863467,121.2742248,-0.753973813,0.333333333,0.006647192,2
6040.659896,22.50205215,1359.27244,889.5653724,77.22241762,16.62469037,147.3314103,3.990939322,1.333333333,0.010375973,3
2704.252161,20.59567477,556.9589802,947.12751,79.3585175,12.06338146,67.83072638,0.006624335,0.2,0.004260086,3
1575.124647,38.23295662,602.2167228,746.6826634,60.4591358,10.51213828,69.35726168,-0.60808127,0,0.006703867,2
3755.165977,71.70407053,2692.60686,762.8661909,25.23159422,23.29921493,81.21674819,-0.655557522,1.866666667,0.016097476,1
1113.450391,38.06502399,423.8351584,744.208079,58.1408233,10.79529472,47.66484993,-0.172438792,0,0.009135877,2
3070.931003,45.34336034,1392.46331,905.5011654,54.20294108,17.02918991,80.05950984,0.125748031,0.533333333,0.008605373,1
784.1509612,45.31372982,355.3280479,728.7122809,49.71897937,9.93934843,37.98149168,0.65162032,0,0.00860686,2
2292.586898,25.67543755,588.6317173,805.6924277,71.84673548,14.29712137,109.1317398,0.687057176,0.733333333,0.011748822,3
3040.378306,29.3615769,892.7030142,896.1424657,70.32440243,14.47398931,105.6339626,0.019906639,0.6,0.00657566,2
786.4977081,35.50415488,279.2393644,759.2644975,60.22779061,9.450822651,39.72286292,0.335489646,0,0.008001006,1
3071.296663,51.41477429,1579.100247,811.9590704,46.83104391,19.94346867,67.80036142,-0.408569297,0.466666667,0.013092046,2
2533.648927,37.90400422,960.3543962,976.3672274,61.82432666,15.03544098,105.4735659,0.886639188,0.6,0.007465955,3
6841.878715,6.773714622,463.4493389,1034.474098,92.72901776,15.78502822,364.1420927,-0.534454943,1.266666667,0.010018746,1
3066.201416,26.49959575,812.5309801,1060.692065,73.29120398,16.02634047,228.6983863,1.658988863,0.733333333,0.00804385,1
9619.3696,4.699514473,452.0636666,1137.473081,95.15402158,18.10218989,365.7927918,-0.383785823,2.4,0.014727987,3
2722.852317,26.89728809,732.3734319,873.2706212,72.38118635,14.39264138,78.35834966,0.418287133,0.533333333,0.008192141,1
3979.337558,53.63426111,2134.288296,883.9043627,45.47005398,21.75602976,99.31292176,-0.024992332,1.2,0.01253974,1
1963.200929,16.4679384,323.2987196,827.0998935,82.58859851,9.723700398,74.61836888,2.163648752,0,0.006074509,2
1175.770859,52.81352383,620.9660227,759.8454694,38.9134423,14.48877503,44.59719164,0.039552051,0,0.013000923,1
2690.665943,21.42592176,576.4999798,891.4973068,78.04241003,13.72285642,72.21448804,0.544687054,0,0.007601299,3
3073.206281,42.18115155,1296.313799,660.158314,55.90844499,13.99389732,85.60575476,1.883662305,1.266666667,0.011101931,2
1285.194382,36.35998874,467.2965327,813.4559166,61.60832237,12.26580769,77.84746189,-0.214087648,0.066666667,0.008712158,2
3512.908458,35.40351989,1243.693245,946.9356463,64.15468508,17.38036914,171.4924332,-1.280653164,0.6,0.008702676,3
4747.194336,38.14074981,1810.615515,1148.988666,61.83529062,22.72038614,150.3116458,1.266603528,3.133333333,0.008109675,1
2496.067049,49.00842224,1223.283079,804.5028771,48.63406488,18.39495637,68.95893685,-0.160452187,0.266666667,0.013122879,2
1729.896276,23.44189851,405.5205292,763.2234956,74.97303857,9.630912889,61.17801258,0.246592424,0,0.00704639,1
1067.743543,56.46528223,602.9044052,696.3866873,40.66342321,9.654730806,41.21240421,1.054726815,0,0.007370972,2
3227.163284,33.62433027,1085.112041,951.3204785,66.19328964,15.83586676,118.9346713,-0.117359972,0.4,0.00739223,2
1829.20431,31.54677191,577.0549115,842.1545104,66.96614406,13.51871413,61.11902359,2.420176738,0.266666667,0.009388527,3
2823.215597,21.52491356,607.6947169,929.0659298,78.39451057,12.23376068,95.35911922,-0.554190464,0,0.004595001,1
10217.59128,6.084575664,621.6970723,1036.108043,93.79695031,17.93291681,316.7533174,-1.167077255,2.6,0.007966028,2
1836.257813,26.58314819,488.1351357,920.2851348,72.89797811,11.95104304,62.82598213,0.152153097,0.133333333,0.006314962,2
2650.994231,32.62308777,864.8361748,815.9105906,63.25300555,17.43369691,109.6373718,0.176697692,1.933333333,0.014883055,2
3794.017293,45.60779227,1730.367526,1027.793828,54.2927679,21.32742591,85.66694752,-0.182005299,1.6,0.009518509,1
4916.65844,7.650508528,376.1493732,1148.818061,92.20609089,14.88183035,332.7120526,-1.270075199,0.933333333,0.007081559,2
3569.438212,66.19785396,2362.891495,725.928779,30.57834272,22.41472207,75.08951941,-0.604741791,2.266666667,0.016491551,2
2797.40783,21.71884429,607.5646507,718.095306,75.13659615,13.67460634,65.99082745,12.01056769,0.666666667,0.01178632,2
524.2868664,48.82291757,255.9721446,707.7918969,42.82936746,9.249391004,31.18447436,0.805343163,0,0.009205774,2
3336.757148,60.86308224,2030.853247,718.2826962,36.31906322,20.10938375,83.73766199,-0.687085249,1.6,0.014464924,1
1533.507608,54.57813376,836.9598335,599.2355464,42.22071694,11.27655199,86.8470918,1.111848881,0.2,0.009902555,3
2875.622217,21.7875309,626.527079,856.44362,76.59691546,13.6818617,204.4180277,-0.528774307,1.266666667,0.012499156,1
6922.020399,17.7979003,1231.974289,581.3166401,77.97965989,19.14481749,143.26146,1.74870918,2.466666667,0.023719574,2
2197.476791,17.75537318,390.1702049,912.5025153,81.96160653,10.71688255,63.61696832,-0.30313299,0,0.005103595,2
3736.405141,48.8925034,1826.822011,781.1842754,49.03154547,19.0958341,114.1782471,-0.121682708,3.066666667,0.013400404,2
4163.155385,45.12606855,1878.668353,983.2754386,54.6934243,21.56365693,115.3999668,-0.134749252,1.666666667,0.010497744,1
5388.109118,8.610175782,463.9256664,1138.929919,91.33287841,14.95969296,312.6509908,-1.031172148,1.533333333,0.005551685,1
2793.296953,26.6424139,744.2017357,863.0499799,72.4830112,13.96579273,80.03200451,-0.156275555,0.533333333,0.008435221,1
2358.422559,29.24337853,689.6824364,878.6536449,70.4748807,12.35429349,67.12126023,-0.565071721,0,0.005270045,2
4582.396233,18.17255967,832.7386897,567.7230712,75.36174311,17.05444648,131.1789076,1.117752846,1.466666667,0.025341099,1
1574.325887,35.43390463,557.8451334,828.8535871,63.81905765,10.6844836,63.94705796,1.902815764,0.133333333,0.006151446,2
2654.705692,54.77296277,1454.060961,809.8605582,43.26043294,19.23218295,62.70344298,-0.538100263,0.2,0.013070463,2
2920.787103,29.87827163,872.6807042,888.5948228,68.92535158,15.71420801,120.9658514,0.570853191,0.933333333,0.011553131,2
3534.818596,38.76127747,1370.140844,890.2461562,60.86112934,17.44359205,89.93733072,1.678507742,1,0.008883629,1
5118.969557,6.966382494,356.6069991,1258.188157,92.92212316,14.40693494,297.0155598,-0.660824523,1,0.005368226,2
6453.123482,12.16930424,785.3002294,960.7483649,87.25883119,17.01512922,173.3949504,0.901939897,1.533333333,0.00953068,3
1854.69893,22.85186249,423.8332492,766.1723617,76.13754933,9.727152671,65.64913667,0.288484817,0,0.006256821,1
4539.290621,22.89007009,1039.046805,880.2226335,76.23850385,16.76394419,122.7805467,0.008250764,1.933333333,0.010227528,2
4033.331474,51.76239432,2087.748942,878.5174417,47.51663258,21.28053844,99.71626646,-0.072934629,1.266666667,0.012120149,1
4276.275467,19.64147177,839.9234387,951.378751,80.07366134,15.61063122,131.1037858,0.859028961,1.133333333,0.007958422,3
3391.308818,52.69705296,1787.119804,806.8344288,46.68493003,16.74155913,109.5976466,0.306794635,0.6,0.008740291,1
1413.771673,29.60569094,418.556872,762.5574908,69.03455106,9.536957042,56.15263135,-0.257865566,0,0.00620158,1
2095.46888,48.53258037,1016.985118,857.788808,49.94196339,16.04224249,67.93004044,1.976642795,0.666666667,0.010125822,2
3208.386731,18.99942301,609.5749667,887.0904272,80.48733705,13.59454033,285.5365548,1.663101244,0.733333333,0.008570488,2
682.9230332,40.01291798,273.2574331,823.2043787,57.20397055,8.310283378,47.79056395,-0.775338489,0,0.006080756,3
8170.833481,6.454753637,527.4071713,1165.274165,92.96035734,18.5901014,402.6305785,-0.535506496,2.733333333,0.015616367,3
6589.445655,26.34938916,1736.278679,981.4925932,73.41875792,22.05797702,160.7314838,0.261773924,3.933333333,0.01032172,3
3167.646378,60.67703217,1922.033811,711.8478079,35.45843355,20.53400877,77.11140443,1.119361182,1.266666667,0.016617395,2
5760.047113,9.678724933,557.499116,1159.714352,90.26160242,14.8209365,320.7546525,-1.153358518,1.6,0.005439255,1
1371.553719,66.70541121,914.900548,795.6318034,31.17841861,13.39109939,45.90900077,0.043250931,0.466666667,0.008800466,2
4738.162921,25.01572872,1185.285983,950.3497119,74.857608,16.83163061,126.0589884,-0.803296479,1.2,0.006884812,2
3182.636789,20.95128537,666.8033159,875.8198609,78.79926883,12.70168878,101.1314276,0.448932921,0.133333333,0.005770304,2
3305.386311,73.56184978,2431.503313,719.0748966,21.64067796,23.47312985,74.86716895,-0.409025809,1.933333333,0.018216742,1
3417.645362,59.04960533,2018.106098,719.909686,38.39647085,19.31873775,83.42523067,-0.683746777,0.733333333,0.013739595,1
7466.03659,12.90516025,963.5039863,1003.069229,86.78059377,17.83317893,318.2364381,-0.660237346,2.266666667,0.009128504,3
5086.53021,15.18477366,772.3780995,1023.150905,84.46765363,16.43962268,188.7940267,0.692307966,1.333333333,0.008798433,3
2493.560221,20.79713543,518.5890963,953.6360843,79.11312936,11.43967033,63.78241128,-0.153912549,0.2,0.004810182,3
8411.020424,11.70321406,984.3597249,925.5464935,87.47881643,18.45021757,350.0975656,-0.312038642,1.866666667,0.013522192,1
1552.075607,35.50465862,551.0591458,841.9405907,62.53626708,13.09822981,57.88564907,-0.115882676,0.266666667,0.009434311,3
1779.006679,47.81229713,850.5839593,761.6239559,47.12443276,16.28832346,59.88871668,-0.304847565,0.066666667,0.013943785,1
3227.296948,19.87473473,641.4167073,885.6090251,79.74675298,12.98751307,96.80178865,0.339963028,0,0.007041744,2
1513.584493,26.41535934,399.8187828,732.0446543,72.1516126,9.375588252,79.04634693,-0.474131291,0,0.006886704,2
1376.007082,40.80481752,561.477179,774.4005679,56.82726196,11.05374309,67.39791111,-0.411119011,0.266666667,0.008369307,2
1892.318472,21.86100542,413.6798438,736.9919458,76.80214731,9.71760968,80.87480106,1.376988486,0.133333333,0.007450839,1
2294.063679,23.00002666,527.6352578,901.7024885,76.68998851,11.60397426,75.47198122,1.991730908,0.133333333,0.005448175,2
4055.68014,42.79114863,1735.472117,977.261053,56.96579139,21.7429139,97.62476724,-0.337860867,1.533333333,0.011053608,1
5571.406261,2.47209843,137.7306467,1320.853198,97.44849157,12.73606468,531.667243,-1.618293947,1,0.004878127,2
1200.979553,56.24677511,675.5122683,776.8125775,42.32242273,10.96366398,51.68577308,-0.480431058,0,0.006593957,3
4321.708749,20.29266953,876.9900746,1093.895038,79.66877938,16.75669658,144.6339639,-0.184537911,0.333333333,0.005787552,3
1919.540798,20.33781779,390.3927098,621.8694969,77.81990287,9.664828378,81.69102374,7.471813638,0.4,0.007900479,2
2526.69432,32.24569275,814.7500871,881.341522,67.24816515,14.20472414,89.37494003,0.47592723,0.533333333,0.007409698,3
3103.699521,49.9225934,1549.447292,989.1016972,49.71875145,20.7469334,83.30840183,0.921367593,2,0.010765331,3
2639.950491,52.00562794,1372.92283,849.8963229,47.60922109,15.81931954,70.51929473,0.161014368,0.2,0.007676333,1
2115.566215,40.35647737,853.7680006,638.4399038,54.15668507,14.59046354,113.7292004,-0.184153658,1.266666667,0.020676259,2
2330.965852,50.64893235,1180.609318,739.4430071,46.33801169,15.8619434,90.3933223,4.984151178,1.2,0.013594943,2
2344.856168,33.37761265,782.6570088,809.1348785,64.66677896,13.91511669,82.6230728,0.555127963,0.866666667,0.009700807,1
1281.851317,62.82481649,805.3207375,584.0919901,33.15766186,10.6853628,65.53972517,1.716826783,0.266666667,0.009743209,3
2527.719413,21.66806915,547.7079904,930.5129784,78.12305232,12.2555093,68.59137282,-0.146292755,0.133333333,0.00587867,2
2834.93739,62.93039927,1784.037419,672.1122564,32.61213671,18.94045528,76.69250375,0.744391534,1.066666667,0.016937488,2
1159.00218,27.89916043,323.3518776,720.4134215,69.80140181,8.83578067,56.80310755,0.134883103,0,0.006872628,2
2818.177302,16.85386102,474.9716858,814.3192486,82.22414616,11.40058731,83.60974235,0.909032379,0,0.007248589,2
6637.752963,13.43817426,891.99281,937.1620458,85.41856068,18.13796323,260.5421,-0.24932577,2.8,0.014201213,2
1195.282684,20.85417948,249.2663963,851.0245662,78.12003239,8.487695626,56.97131821,0.222387041,0,0.005374199,2
5445.027592,17.44080012,949.6563787,927.94306,82.41395828,16.70414035,116.0632473,-0.151600326,0.6,0.00756239,3
5101.650495,22.0879499,1126.850005,1076.085267,77.87027399,18.5893817,165.8029654,-0.779879371,1.533333333,0.007006935,1
3230.060103,27.80673894,898.1743806,770.8789052,70.69948426,14.7659435,106.9570767,-0.490756371,0.866666667,0.012262079,2
3023.956912,36.32419131,1098.427894,768.9994329,62.82187964,14.57889306,100.6429875,0.29599431,1.133333333,0.009112184,2
3169.826991,58.79287261,1863.632345,710.9250902,38.50364027,18.6454271,80.85935636,-0.651365331,0.733333333,0.013491538,1
2231.817435,71.26744342,1590.559228,818.0739277,27.05594768,20.68692874,57.8112974,-0.132519096,0.533333333,0.013897111,2
787.1399053,38.62107661,304.0019059,768.8441791,60.01869037,7.826345906,67.98893374,-0.670249701,0,0.005298654,2
1900.179503,21.65564634,411.4961528,734.0819238,76.82103561,10.18997373,62.22247375,-0.213098487,0,0.007414636,2
4400.960449,27.74372426,1220.990332,934.4245815,72.12570368,16.51215137,131.9900789,-0.687367874,1.066666667,0.006809127,2
3548.970708,47.66266955,1691.534181,1007.665273,52.11636871,21.52292849,83.35723488,0.20609752,1.133333333,0.010734199,1
2914.435654,29.40196213,856.9012674,883.2826221,70.1898763,14.29638948,94.14154149,1.576918886,0.533333333,0.007467496,3
2615.277288,31.22478561,816.6147261,871.7267141,68.17378376,13.25263382,85.19565129,2.044498123,0.266666667,0.007364226,3
2816.206996,24.06049661,677.5933887,908.7665794,75.88107097,12.24824002,67.66363038,-0.24861057,0.133333333,0.004314922,2
1215.913152,62.28591417,757.3426224,782.4726923,36.41440325,11.0283606,44.70123157,-0.019395676,0,0.006612295,2
2447.717024,31.85184109,779.6429367,855.1887163,67.89178775,12.46943005,92.61012805,-0.511704579,0.2,0.005382278,2
1883.288708,32.95295113,620.5992076,954.8932166,66.84069021,12.47316429,79.54889028,-0.191441834,0,0.005785598,2
2941.73034,64.45855552,1896.196884,838.4665054,33.65099408,21.52220684,72.98555487,-0.337865092,0.866666667,0.01388503,2
4040.637398,28.00705144,1131.663395,933.4484229,71.84556867,16.25975969,128.0608469,-0.605544614,1.066666667,0.006779899,2
703.7869661,42.72049906,300.6613042,716.4184289,51.12401856,9.438130455,34.15907709,0.801933155,0,0.008792234,2
2824.456084,21.54884798,608.6377478,888.4568232,78.30545242,12.61641402,69.4559361,-0.378644766,0,0.00455885,2
1730.361306,25.48381059,440.9619978,764.1560948,73.79637629,9.332090142,61.16091839,0.058691397,0,0.005715657,1
4122.456308,18.53234117,763.9876677,737.1677087,78.73133507,16.64226642,130.0768741,4.035236414,1.266666667,0.017926356,2
4018.708968,22.04245776,885.822227,878.1775522,77.57268745,14.88365641,103.1457078,0.379800539,0.666666667,0.00797237,3
1815.583987,20.69712338,375.7736579,732.7921532,77.65983355,9.959404017,60.54137105,-0.150340305,0,0.007410913,2
2130.84522,34.47473908,734.6033297,812.7569639,64.75759907,12.97105277,77.392225,-0.2689862,0,0.007545943,1
1206.955533,57.65801349,695.9065843,774.9460235,40.77724116,11.03320549,50.37560842,-0.485853107,0,0.006633595,3
4938.596145,14.55948821,719.0343235,1143.236074,85.43570228,17.06683726,105.786331,-0.662624177,0,0.004897095,3
3786.82761,18.39524715,696.5962979,830.9222871,80.94817125,12.8391659,111.4574801,0.930743281,0.933333333,0.007984789,2
4147.277897,42.21836107,1750.912757,996.4030368,57.57757314,20.01480515,136.9692,-0.308928245,1.133333333,0.008869496,2
7235.299793,8.394869079,607.3939451,1109.293655,91.11435922,17.74014319,399.1939305,-0.778638404,2.2,0.015609017,3
4393.939773,47.51529316,2087.793364,957.8226702,52.13847407,21.31003973,132.3235289,-0.652728888,1.8,0.009599883,2
2669.70687,22.43724883,599.0087733,762.9700986,76.93516194,11.0874522,114.7293621,7.092525181,0.333333333,0.006524252,2
1116.697291,35.43611713,395.7141599,904.7656299,63.37695777,10.44079473,54.32798084,-0.178307983,0,0.006501362,1
901.7492974,41.84523856,377.3391448,791.3039257,55.53216843,11.00481673,46.07562302,-0.040156549,0.2,0.008262336,1
1298.670832,39.61636904,514.4862294,782.3679783,55.75387601,13.82812411,55.88925803,0.460990012,0.4,0.011243961,2
2846.013706,17.56582323,499.9257367,782.1542093,81.60132868,11.25093727,73.8850927,0.914369533,0,0.007240751,2
2096.033068,59.58289838,1248.877253,828.4575714,39.70738484,14.83236726,61.48794672,-0.242601511,0.133333333,0.00798193,1
1255.756357,19.22379242,241.4039954,832.0354407,79.25478512,8.680913754,56.18689996,1.175515996,0,0.005895689,2
2282.785452,36.0387084,822.6863925,773.7502317,62.55083382,13.41973885,87.34835441,0.528193224,0.6,0.009280371,1
3428.85638,28.6233851,981.4547662,888.1480255,70.98719915,16.08150933,92.96905536,-0.466997372,0.266666667,0.008743861,2
7113.374708,12.43926192,884.8513114,983.475325,87.20215199,17.23261975,323.1796243,-0.622968753,2.133333333,0.009220124,3
2052.690714,53.57960032,1099.82348,791.6100995,45.55740925,13.64669984,64.46922888,0.988077184,0.666666667,0.007509265,2
2592.349973,27.07593859,701.9030867,882.7111153,72.69646693,12.56469666,68.69797848,-0.615651058,0,0.005224816,2
3926.576418,29.36111684,1152.88669,1082.478165,70.6181497,17.63157458,89.71723215,-0.287422434,0.466666667,0.006596369,1
3176.369283,54.96963831,1746.038706,706.1723421,42.45385756,18.27785671,79.286349,-0.592707661,0.8,0.013567452,1
2556.056683,17.47169328,446.5863837,814.13448,81.44963526,11.09214596,81.14130114,1.305513291,0,0.007193263,2
3939.527126,43.78075603,1724.75476,1002.685325,56.10480565,20.89923805,97.62047262,0.349592099,1.533333333,0.009511409,1
2053.843335,45.71091886,938.8306602,861.291035,52.40331759,16.73603143,67.75919887,1.78480918,0.8,0.010879948,2
1105.244206,32.40694185,358.1758471,902.7989337,66.64936617,10.24412155,46.6688332,0.248332372,0.066666667,0.006339189,1
2792.173251,38.86545394,1085.190809,839.6788773,60.18474105,15.61720075,113.0077545,0.072928081,1.533333333,0.00952719,2
2031.968233,24.96218687,507.2237073,842.8706096,74.02244595,11.79989591,77.33102797,0.033527255,0,0.007639119,2
2920.013447,47.5435685,1388.278594,911.123101,51.96034108,17.39743453,75.04378169,0.681156491,0.533333333,0.009059999,1
513.4768436,36.19437479,185.8497333,580.6393478,59.74820341,5.641502144,30.72182247,1.217078467,0,0.006212036,2
4829.212851,12.88370742,622.1816542,885.4166739,86.81923769,14.26983689,96.08356401,0.179447714,0.333333333,0.00731618,3
1745.879949,21.85905232,381.6328116,613.4711109,76.38343672,8.708718633,71.31128368,6.568214619,0.2,0.007566594,2
1268.072982,26.14021927,331.4770579,767.78177,72.21328842,8.917203369,50.23338253,0.661381975,0.066666667,0.006330562,1
4105.417518,69.23724336,2842.477917,763.7998039,28.25998615,23.26070637,84.73314562,-0.633454371,2.133333333,0.016011613,1
993.42922,36.83569158,365.9365235,823.8366172,61.26754965,9.31559413,51.25683897,-0.513460799,0,0.006500225,3
1943.925086,36.29950629,705.6352088,794.054459,62.60557775,13.36747753,65.5708262,0.137135724,0.133333333,0.008948984,2
2934.712372,27.95221226,820.3170312,893.9673907,71.95995288,12.98070513,77.10528423,-0.328921376,0.133333333,0.004882654,2
2689.525104,32.12017921,863.8802833,806.5185845,67.02744856,14.11638778,71.82992504,-0.21324171,0.533333333,0.008477206,2
6828.485758,10.05868072,686.8555804,818.834671,89.13377596,15.37750497,251.8834914,0.401943781,1.533333333,0.011228809,1
1386.397637,29.48318632,408.7541984,767.551452,69.19943675,9.45223793,55.20568334,-0.065558218,0,0.006099454,1
4167.494055,32.03790893,1335.17795,718.114537,64.8438602,18.46812509,155.0683417,0.012346118,1.733333333,0.018278694,1
2611.960143,45.90626533,1199.053353,799.4538326,53.16066784,14.19440302,72.44432819,4.863228654,0.133333333,0.008405989,2
1883.680507,34.79976336,655.5163589,786.0167571,61.46936179,14.73410684,70.33434728,-0.434077291,0,0.012170754,1
3554.772338,37.1836961,1321.795743,979.3952433,62.48937135,17.94145364,162.2684502,-0.980413785,0.6,0.008540734,3
2672.181345,29.17840867,779.6999932,775.3166652,69.32480763,12.94386992,98.10336918,2.304720454,0.266666667,0.00928538,2
3782.173976,51.52360756,1948.712477,1003.384491,48.29936588,22.32247785,101.2751174,1.027314432,2.333333333,0.010885549,1
3944.286194,45.10429947,1779.042657,984.6257291,54.71976687,20.98091554,115.1006565,-0.093854859,1.466666667,0.010167211,1
2002.769567,27.50659551,550.8937237,845.5344901,71.00015444,13.69710402,65.36338224,2.051074083,0.133333333,0.009876614,3
1613.386129,40.81207852,658.4564139,829.4029998,57.42935999,13.62436601,76.61529308,1.483338449,0.4,0.008916411,2
3247.396752,70.78702311,2298.735489,723.467161,25.30634654,22.08416702,73.01015881,-0.431731823,2.266666667,0.016565978,2
1414.848778,42.76305785,605.0326015,873.3584445,55.97240548,13.88681605,60.65751451,-0.067771626,0,0.009185062,2
4705.753497,39.87494684,1876.416705,1021.244244,60.01791544,21.71253585,101.9962277,-0.400587584,2.2,0.009458935,2
3343.478037,57.78569651,1932.052071,711.895968,38.45399485,20.30229949,78.64523451,0.932105855,1.2,0.01622199,2
2901.93232,29.7033498,861.9711077,815.9358818,66.10848889,17.47429118,120.6992405,-0.410926321,2.066666667,0.015438424,2
1646.922558,37.59502027,619.1608693,971.4526463,62.24309625,12.32296175,62.11950934,0.523709003,0.2,0.00584351,2
670.9546166,49.50229433,332.1379291,725.5613884,44.69552421,9.856945027,34.72473403,0.784715287,0,0.008654562,2
1625.649427,53.30557494,866.5617737,802.2605679,45.67796378,12.55616746,53.31855156,-0.211815288,0,0.007033147,1
4300.825776,21.7535552,935.5825091,884.2140837,77.8142531,15.58778641,105.2139685,-0.422636498,0.866666667,0.008252105,2
4381.575968,23.17656105,1015.498629,1070.405865,76.76959512,17.66308403,144.8131564,-0.503018616,0.6,0.006493178,3
5335.274241,47.99785492,2560.81719,1021.177398,51.94311256,23.62967298,101.5087031,0.284974523,3.333333333,0.009617715,2
4953.542583,63.93474514,3167.034826,784.7301009,33.6889405,25.9690004,87.53693587,-0.638279175,3.666666667,0.017546454,1
4666.014623,46.68598231,2178.374762,984.3657435,53.06093894,22.0236251,124.1395592,-0.643053537,1.666666667,0.009520502,2
1103.765225,35.04902675,386.858969,744.2094043,60.86923718,10.77965092,47.6496988,-0.169351401,0,0.009139745,2
6275.548747,15.5968898,978.7904223,677.9967519,82.79477409,17.12906824,152.014029,-0.478490008,1.533333333,0.016267187,2
1933.584515,16.08747483,311.0649222,796.3506793,83.27365821,8.573481784,106.7626655,2.270392428,0,0.005351832,2
1324.660382,46.65863424,618.0684428,575.674061,50.38618265,9.03332604,51.65072342,2.051244078,0.133333333,0.00896974,3
1034.862248,39.71344581,410.9794582,957.327172,59.96156392,9.623242424,60.68557609,0.401623103,0,0.004823831,3
3426.286074,34.96547709,1198.017272,794.8783942,61.64606958,18.45184359,129.2355943,-0.965525977,2.266666667,0.015692179,2
4912.464384,21.5010795,1056.232872,1115.238056,78.49121855,18.95330304,116.6325228,-0.048095892,0.466666667,0.005735246,3
2174.698081,64.60734802,1405.014758,821.2915326,33.68846113,19.85599837,56.47099513,-0.319667367,0.333333333,0.013377598,2
2033.286471,27.76254629,564.4920978,847.3183074,70.75088609,13.68913177,64.56469535,2.278008142,0.133333333,0.009829326,3
3475.730341,37.34415807,1297.982233,754.5208385,60.89306452,16.52913443,101.1728539,0.079941119,2.133333333,0.011496497,2
1064.741662,32.77660417,348.9861601,829.1346162,65.10207949,9.702465325,49.83484824,-0.408202655,0,0.006897277,3
3322.88544,24.84758446,825.6567661,953.852763,74.80623951,14.52051592,97.34949979,0.228506062,0.4,0.007189452,3
3039.001026,18.31938404,556.726269,821.5513752,81.05337086,11.76540923,115.4801256,-0.713887382,0.533333333,0.007030875,2
6657.223941,11.51985213,766.9023537,931.2016608,88.29750724,15.43299868,201.4581006,3.898984222,1.466666667,0.00748467,2
2513.692486,20.28241384,509.8375125,751.3826922,79.09596577,10.37543518,110.359339,9.744653133,0.333333333,0.006006949,2
3296.030537,60.15179094,1982.621398,846.9571284,38.70143703,21.80885224,89.11726353,0.193765331,1.2,0.013620498,1
5008.977837,34.53467853,1729.834393,1071.505273,65.44644956,20.87720309,104.4591024,0.015729099,2.133333333,0.007920989,1
3446.61922,54.11553783,1865.156528,824.834451,44.52754316,21.85951764,79.51943615,0.233748832,1.333333333,0.014223943,1
1468.370729,55.81659408,819.5945293,791.5565074,43.33380606,12.03169554,51.17821801,-0.13638292,0.133333333,0.006669904,2
1202.523924,31.21444195,375.3611322,730.7911272,66.27775167,9.536381019,52.80753754,0.255164638,0,0.007391759,2
5231.816823,21.01009881,1099.209884,940.9404367,78.12726375,17.88361175,193.9805577,-0.94003388,1.6,0.011117363,1
2512.917874,35.36780677,888.7639379,828.6489059,64.06787037,13.55602884,82.44859441,-0.296669994,0,0.007438961,1
2448.271439,32.74526803,801.6930446,790.0173459,65.91106755,13.10147321,85.48905036,2.028538984,0.333333333,0.008936083,2
1971.922026,27.25788045,537.5041484,877.8045154,72.46105286,11.24122539,60.5426975,-0.426101054,0,0.004612946,2
2582.951657,17.50492611,452.1437789,812.928633,81.47641668,11.22236368,81.89353709,1.198518393,0,0.007418045,2
1965.251346,36.78313975,722.881149,962.6244214,63.07532404,13.62239479,70.98852869,0.426390876,0.533333333,0.006413951,1
3539.465282,33.11543531,1172.109336,788.2712794,66.25588336,14.11325514,76.30974729,0.594005223,0.2,0.007920649,2
1331.345518,43.6781931,581.5076664,782.5733736,51.45509039,13.50101145,53.10354225,0.897551277,0.4,0.01109267,2
1023.077812,66.63703741,681.7487443,775.9530595,31.66220435,10.8013236,40.8718772,-0.13822104,0,0.006571144,2
3859.88571,42.20831163,1629.192589,999.3750777,57.5891389,21.24671334,89.93787255,0.114514781,1,0.010594481,1
1870.095803,65.53094338,1225.491422,816.5357254,32.33153659,18.72148761,53.97202573,-0.127588375,0,0.013055963,2
2952.257254,54.19870769,1600.085279,1021.754231,45.66460686,19.82226609,70.81313923,-0.258588223,0.933333333,0.009159057,1
6799.196123,16.50956742,1122.517868,1022.311979,83.28535072,18.28642537,318.7944801,-0.377237167,2.866666667,0.008576417,1
1458.353271,28.61188516,417.2623631,767.0311579,69.70381535,9.858428664,54.40900509,2.141008235,0.066666667,0.006948313,1
4009.015999,34.39616702,1378.947839,876.036158,65.01664319,17.90186071,115.9353179,0.448348822,2.666666667,0.009859508,3
4190.077984,11.06216672,463.5134122,1209.499617,88.88693609,14.83481623,298.7372323,-0.758018604,0.6,0.006223163,1
8620.821976,7.944272067,684.8615522,1118.146505,91.81917767,18.76291059,293.8592612,-0.456353115,2.8,0.008957128,3
3473.934092,19.58986168,680.5388836,735.5313329,78.3762481,15.2844565,121.5228445,5.907401657,0.933333333,0.015369981,2
7064.100853,11.76708404,831.2386843,741.9763367,86.93656814,15.50949146,196.5286515,0.915018974,1.333333333,0.015190226,1
4026.61434,41.63173708,1676.349495,997.0137483,58.12985926,21.9750774,89.7783827,0.067289552,1.333333333,0.011075746,1
1242.036156,34.09527099,423.4755931,696.2605063,63.86362194,8.741138375,96.32923037,10.99054131,0.133333333,0.006779891,2
2938.651513,48.99804907,1439.881911,747.9188369,48.99836434,16.61289321,98.47854565,3.449422959,1.266666667,0.013130772,2
5090.597931,9.576915,487.5222369,841.8687681,89.64769051,14.80568253,270.5089281,2.732938,1.2,0.011060817,2
1490.976269,32.96046097,491.4326513,734.49333,64.44510699,10.77942041,72.31139958,2.154372972,0,0.009145673,2
7494.716137,20.42287444,1530.636467,1015.185727,79.38522222,21.63674091,204.0547019,1.900659257,3.733333333,0.009808197,3
7147.545172,17.23501182,1231.880256,942.2524398,82.57128926,17.23234546,214.1194538,2.066303607,1.266666667,0.010295324,3
2382.372573,64.70869973,1541.602315,831.1794239,34.0061724,18.27225907,60.91321873,-0.138696231,0.266666667,0.011080514,3
1737.882607,32.12443419,558.2849542,664.7711108,65.00256042,10.41268017,52.36945475,3.108785427,0.4,0.009884436,2
6786.262299,18.22960971,1237.109131,1127.333103,81.7001604,20.83089188,285.4561596,0.284435506,3.533333333,0.008734832,3
2759.610397,25.77722486,711.3509774,889.8188166,73.84453269,13.57147406,103.8473192,0.292467293,0.466666667,0.006349979,2
2261.233513,38.7097085,875.3169013,977.4820384,60.96549312,14.78495302,103.1478813,1.214864823,0.6,0.007493832,3
5648.473603,19.76469032,1116.403316,974.1983786,80.08965023,17.74877262,179.6109947,0.565941791,2.6,0.007515048,3
3072.325066,15.45248889,474.7506897,811.6717491,83.58974492,11.83055708,74.43342422,0.196299155,0,0.007666301,2
1084.533239,33.550316,363.8643288,814.3770023,64.43246811,9.491327654,54.82551777,-0.672212133,0,0.006746192,3
2477.414905,13.90243146,344.4209092,730.6355853,84.80764916,9.856716513,73.3640269,5.327571684,0,0.007860745,2
2514.903314,20.15475256,506.8725401,954.3989723,79.73950494,11.5552893,64.30298441,-0.157672404,0.2,0.004813704,3
1142.632696,27.78653091,317.4979872,662.5786929,69.13431336,9.095787298,50.4521669,3.476915243,0.2,0.008205043,2
2389.632666,32.7588726,782.8167207,861.2687249,66.98280561,12.61516595,91.22350988,-0.528129154,0.2,0.005421125,2
2293.367648,71.26977438,1634.477949,815.9978739,27.08056205,20.94143822,57.820764,-0.142322326,0.466666667,0.014141188,2
1287.679832,56.35253292,725.6402011,772.4422457,42.50817624,10.95474353,44.29906298,0.000484475,0,0.006234581,2
2031.852991,28.70780733,583.3004419,862.3901161,70.72528038,11.59688681,74.04751234,0.380454039,0,0.006002483,2
3495.008436,44.97138634,1571.753746,754.9548812,53.01483594,17.69823839,101.7765307,0.049862347,2.6,0.012453264,2
3365.00524,55.85528101,1879.533133,823.1284064,42.5213856,22.09494634,77.99403595,0.164941716,1.733333333,0.014767028,1
1717.116524,24.78867507,425.6504358,887.0959469,74.66893807,10.42291645,66.08417503,0.317500854,0,0.005587511,2
1449.727523,59.87324488,867.9989097,792.091147,38.97239527,12.11786517,48.4512889,0.081915509,0.266666667,0.007032195,2
1040.611082,53.36322884,555.3036728,845.9809772,45.07179564,10.85392763,84.00811785,-0.6314088,0.2,0.007020424,3
2444.702708,64.4692348,1576.081129,671.3260078,30.78959253,17.64710412,61.5653155,0.343461576,0.266666667,0.01523476,2
3806.205786,50.26434595,1913.164444,786.0585374,46.43212916,21.31102576,158.2583902,-1.088303366,3.266666667,0.016365652,3
1593.232179,28.22761111,449.7313837,815.3636503,70.04714961,11.98684944,80.15699177,-0.117577406,0.066666667,0.008490636,2
2300.694642,10.97817362,252.5742523,692.5659869,88.32565868,8.192551512,226.6604235,0.608171963,0.266666667,0.00668547,2
4407.728307,41.47616683,1828.156746,1014.368809,58.41704864,21.78834461,90.16504127,-0.337039244,2.533333333,0.009321412,2
1211.722284,18.73755841,227.0471707,836.4949994,79.67769565,8.493993781,52.30462744,1.07365108,0,0.005847817,2
2199.383099,56.81352703,1249.547111,765.2057538,41.95478034,14.20645728,63.84355762,2.797765332,1.066666667,0.008642794,2
4421.084433,23.00178715,1016.928431,880.0369182,76.59852038,15.89097763,100.679479,-0.337060161,1,0.008635362,2
2520.865507,24.20085477,610.0710004,899.3735125,75.31211344,13.08290044,87.38752994,-0.312929684,0,0.007115057,3
1258.269273,41.83209939,526.3604527,779.0010537,53.2361947,13.42079825,52.22331841,0.913157125,0.4,0.011149181,2
2533.864678,66.26072857,1678.957197,677.3114129,29.24050421,18.07072131,61.40261312,0.166224965,0.266666667,0.015314443,2
3521.966055,22.27260807,784.4336957,876.5972538,76.60786136,15.28510162,109.8445925,0.593711839,1.333333333,0.009707285,2
4208.026687,40.93923731,1722.734032,987.9199113,58.77714826,19.84253199,140.9514593,-0.423920997,1.133333333,0.009021207,2
2177.403571,34.41369919,749.3251148,776.403393,64.54302095,14.04893709,87.19053894,2.338296287,0.733333333,0.00981082,2
3923.94541,38.09328072,1494.75954,629.1722347,59.06889505,16.6174866,99.58550275,0.085975313,2.4,0.01668877,2
2300.690377,69.2879289,1594.100713,831.5413489,29.24529373,18.96530703,59.32203318,0.067864512,0.4,0.011931667,3
4333.525496,49.59053212,2149.018353,1072.161343,50.36522301,22.16648165,95.50944185,-0.291194061,1.866666667,0.008690917,2
1398.252365,24.59987914,343.9683918,726.922394,73.2883091,9.173252996,61.50327577,-0.051537405,0,0.007335324,2
7080.025876,14.84164286,1050.792155,963.853235,85.02913392,16.68212409,218.0160856,1.658363151,1.133333333,0.009830519,3
1155.120822,45.84417698,529.555634,764.375855,45.8400445,14.2598446,53.34333188,0.731934038,0,0.013114187,1
4131.315459,47.01669079,1942.407815,993.2872544,52.76486704,21.73911213,107.4119468,0.969231291,1.733333333,0.010699431,1
3470.838652,23.67513999,821.7259097,789.4885498,75.91289265,13.20279304,114.158878,-0.948918324,0.133333333,0.007500461,1
3038.888666,50.04330045,1520.760186,987.0693236,49.60544986,20.68654519,82.93175824,0.927482824,2,0.010768573,3
1520.034475,26.29507065,399.694139,666.5214531,71.38497509,9.156726142,47.36008814,4.81816682,0.2,0.008497553,2
6439.579535,9.88666312,636.659535,1003.502887,89.60357288,15.94517375,368.1949428,-0.355126031,1.333333333,0.010555376,1
4194.141092,43.32759504,1817.220468,949.4313948,56.30242486,20.09927334,126.3654658,-0.5676232,1.6,0.009381889,2
4049.697399,46.02905098,1864.03728,995.7224807,53.8000256,21.14272698,106.3911772,0.193087381,1.6,0.010095045,1
3950.015639,12.23552415,483.3051175,761.2050496,86.95283763,13.05053512,140.7288214,1.290696155,0.666666667,0.010867546,1
3421.139177,28.66870728,980.7963763,739.7117717,70.23992304,13.84489494,92.25524764,0.085452919,0.6,0.00896922,2
2263.200028,17.35952306,392.8807307,826.2016248,81.7827617,10.13023874,76.2411826,1.85923957,0,0.006247061,2
2233.482563,26.14263133,583.8911122,832.075234,72.47959894,12.60980881,61.93258317,-0.060351369,0.266666667,0.008250968,3
1158.96918,36.49011279,422.9091608,780.6855475,60.78521856,11.36295021,57.43424257,0.351474252,0.266666667,0.008972957,1
2507.738334,33.77284446,846.9345672,681.2461595,60.8275234,15.20052691,157.0945009,-0.641639915,0.933333333,0.019141448,2
3809.4562,37.77635822,1439.07382,639.4740289,58.00084828,16.7662759,117.2973947,-0.41692758,2.333333333,0.018469326,2
2594.666631,17.9289828,465.1973341,846.0379369,81.50440666,10.98032796,120.8946446,-0.723649827,0,0.006353501,2
1776.245168,24.36180292,432.7253473,887.2381678,75.11483171,10.37933385,66.23395823,0.303784741,0,0.005578733,2
2681.040574,23.44361258,628.5327652,815.4575953,76.00656133,11.68343114,112.310818,2.542547869,0.4,0.007019841,1
1134.049774,43.76885869,496.3606432,920.6302074,55.65460532,10.86698545,83.17048811,-0.571167531,0.2,0.006094678,3
1661.597455,23.82144514,395.8165261,886.7044498,75.53826692,10.40639521,65.9029708,0.339317289,0,0.005588964,2
3045.127225,17.1715932,522.8968595,828.4690558,82.34562967,11.39886784,121.3722204,-0.76217897,0.333333333,0.006608662,2
1722.477129,23.87836422,411.2993624,766.2517812,75.01147371,9.774751749,65.52605936,0.282467585,0,0.006395648,1
9892.781699,7.184146534,710.7119335,1045.454969,92.71747247,18.2271531,313.0081706,-1.133578842,2.6,0.007990042,2
1915.326914,39.74642882,761.2740487,801.1445367,57.3807084,15.05646806,69.27048847,-0.210551932,0.4,0.010979601,2
1304.023304,50.52664813,658.8792664,617.1315551,44.67262244,10.64039829,46.34695205,6.975711924,0.6,0.010125533,2
1831.113596,23.12257429,423.4006015,709.0061905,75.41269758,9.183528948,82.29281535,1.732027274,0,0.007120951,2
4726.704902,21.64653579,1023.167869,891.26551,77.75736899,16.50657306,122.8638637,-0.060418355,1.6,0.009723106,2
5378.818708,6.987909709,375.8669947,1220.971855,92.86596545,15.92859729,332.5101463,-0.992541513,1.666666667,0.008789726,2
5545.57756,19.02242873,1054.903539,893.7504133,79.35319268,18.94378003,240.5743202,-0.69081573,3,0.013776022,3
3538.588089,30.44292566,1077.249741,834.2059222,68.65893833,15.27940235,133.682546,1.046076709,1.8,0.01055502,2
3007.798948,44.83850578,1348.652105,800.8573332,53.63624741,16.83443534,77.99793076,0.766301888,1.466666667,0.011344643,2
1062.449849,37.16030195,394.8095718,945.0909724,62.4972565,9.695605922,70.58890748,-0.093162017,0,0.005026077,3
873.8599611,32.88904136,287.4041641,822.6791411,64.77076307,8.805514419,49.94084525,-0.444003704,0,0.006389019,3
2440.816552,33.31416625,813.1376837,924.2115232,66.1237133,17.02159593,126.7242326,5.524401544,0.666666667,0.010162794,2
3778.505061,28.52520503,1077.826316,914.0316163,71.08959429,16.47930754,104.8021705,0.514670044,1.4,0.008767098,3
5129.585232,13.32443368,683.4881824,889.2856856,86.40642124,14.90045573,100.4990317,-0.052136419,0.333333333,0.007464443,3
2539.54178,50.22725293,1275.542073,806.4883993,47.39845677,18.4327669,68.77880523,-0.103196521,0.266666667,0.013065255,2
2802.065049,15.46811417,433.4266211,814.4586484,83.68155332,10.81871852,81.41725249,1.255522011,0,0.00691957,2
3001.060161,25.71800037,771.8126634,796.8194772,73.58680239,13.89702132,151.6347421,10.58717141,0.733333333,0.009464019,2
3647.576971,38.66764637,1410.432164,757.1237263,59.85987767,16.50955974,100.4447263,0.178007822,2.133333333,0.011540662,2
1865.791848,34.77801734,648.8854124,795.689168,62.58480395,14.69348051,76.32380126,2.642063555,0.6,0.01139286,2
2483.546698,54.89447079,1363.329817,810.5627936,43.27270272,18.91627314,62.11798081,-0.488798432,0.133333333,0.012829253,2
2362.184579,21.50034271,507.8777798,839.6150927,77.49316776,12.26484467,64.76761518,-0.170558088,0.066666667,0.007577062,3
2885.105707,22.68093625,654.368986,770.2894273,76.64985015,11.45418296,111.17462,7.765374094,0.333333333,0.00665341,2
9059.35398,3.096723734,280.5431648,1223.309094,96.89637992,15.97717287,267.2620333,0.049796574,1.066666667,0.003728384,3
1957.767319,27.46225444,537.6470425,928.9898499,72.06786233,12.15986239,66.13694356,-0.056265882,0.133333333,0.006335369,2
3791.188221,31.16328107,1181.458641,1074.180226,68.81177521,18.10704721,89.0282112,-0.092513985,1.133333333,0.00682965,1
3072.997815,19.37606575,595.426077,829.9060435,80.01392263,11.9179775,121.868735,-0.779616129,0.533333333,0.007022289,2
1472.637766,37.6407737,554.3122488,873.1386394,60.70027486,13.20859544,53.37131978,-0.130194414,0.133333333,0.008922356,3
8157.771171,13.92064426,1135.614304,1119.614158,85.56853917,20.20288345,392.608798,-0.918592362,3.266666667,0.012405827,2
880.5345006,29.5510146,260.2068788,879.8792631,69.22712967,8.836512573,45.8204344,-0.2597707,0,0.005632011,1
2406.524278,69.76632274,1678.943495,824.7456585,28.9057302,18.81144229,60.21724942,-0.171371957,0.4,0.011680716,3
2050.655611,22.8054728,467.6617076,1060.230478,77.16313835,11.35091692,84.95248286,0.805505035,0,0.0041318,3
3200.049794,38.62513993,1236.023711,964.5514659,61.05203841,18.08336302,98.75382158,0.369995481,1.2,0.009147611,3
9304.006467,9.911275,922.145667,924.7796321,89.42570231,17.94488138,307.7828781,-1.046220176,2.6,0.012523423,2
5226.435583,10.01955961,523.6658286,833.0111715,88.32360172,16.16537214,290.9335364,1.664649481,1.4,0.017977454,2
647.86464,46.4299023,300.8029194,718.5836678,47.73086965,9.543264242,38.10556047,0.989204012,0,0.008722996,2
5338.28984,22.79998217,1217.129132,842.0900426,74.47707709,20.57094435,229.4737165,0.119533317,4.333333333,0.017553303,3
1073.490797,47.28733306,507.6251688,566.5350653,49.46704752,8.322500445,46.10867269,2.278794277,0,0.008727342,3
9695.737923,7.698731197,746.4488003,1082.733371,92.1229227,19.50330964,309.9648162,-0.755748463,2.8,0.009462479,3
2198.238864,23.11797655,508.1883451,842.1037283,75.27361856,13.39800341,71.37340839,2.550857172,0.266666667,0.009763078,3
6559.54853,15.64304796,1026.113322,994.8025006,84.17927278,16.18902994,205.9882466,2.023231947,1.2,0.009732666,3
4537.802689,10.84431949,492.0938215,1228.550876,89.12123539,14.82316738,285.3222245,-0.628451537,0.666666667,0.005612019,1
1712.936146,26.8075702,459.1965598,856.9852123,72.56897106,10.47618395,61.65587985,1.567373515,0,0.005722979,2
6175.296827,12.15679637,750.7182606,985.0476562,87.47201544,16.77502881,164.5421788,1.078397937,1.466666667,0.008816708,3
834.0856245,41.30156666,344.4904302,796.5750488,56.51750916,10.42937658,47.56450557,-0.159292927,0,0.007573385,1
2392.092716,22.15429357,529.9512427,899.4197427,77.55296138,11.78169323,75.49320671,1.87083727,0.133333333,0.005468135,2
1137.486823,48.81642194,555.2803668,730.0275289,44.29950805,12.49305416,72.12221143,-0.395739258,0.066666667,0.012260265,2
6892.107312,12.84274993,885.1361068,738.1904032,85.47505136,16.58073914,196.5904351,1.009876616,1.533333333,0.01693782,1
1512.579343,62.4114012,944.021962,785.8614052,36.54612364,12.05684932,51.72467332,-0.191072753,0,0.006572501,2
880.7574338,30.01258435,264.3380677,879.008731,68.7632673,9.04324322,45.25802389,-0.16756412,0,0.005859606,1
2464.962182,62.93911082,1551.425279,670.0171803,32.45117718,17.64601456,62.17751235,0.294335691,0.266666667,0.015118485,2
2544.474743,20.44917639,520.3241283,898.4478788,79.25475608,11.78622654,76.64661799,1.699541796,0.133333333,0.005470199,2
3137.601211,37.62034277,1180.37633,828.4902071,60.09799337,17.26284842,110.7747176,-0.285790208,1.733333333,0.012807228,2
4012.771761,36.93392143,1482.073969,628.4682054,59.15186697,16.82295023,99.42935997,0.074760058,2.466666667,0.016908232,2
1340.77394,42.26492209,566.6770611,761.4037354,54.60452575,11.30244273,60.78831712,0.006255383,0.266666667,0.008822348,2
743.6806687,36.59363785,272.1398107,723.8829084,58.61678801,9.01184746,39.80753211,0.323582053,0,0.007770693,2
5620.547396,18.30528566,1028.857257,935.5047004,81.55299857,17.11545729,125.7990232,0.94220294,0.6,0.007562253,3
2296.735992,47.32132996,1086.846017,829.0788244,52.2664741,14.28062924,67.33739692,0.071291348,0.2,0.007283296,1
1991.377714,40.48249558,806.159395,829.427939,58.12651157,13.94616887,76.83580708,1.468587313,0.4,0.009084055,2
3291.788454,42.82758585,1409.793526,1042.561154,57.08250073,19.19712811,79.35062026,-0.175129774,0.666666667,0.008470463,1
9377.469045,5.345275953,501.2515979,1134.9242,94.56727154,18.30937006,289.3851292,-0.697389576,2.4,0.007494493,2
4857.914405,16.11879709,783.0373656,997.7339917,83.47759632,15.3092063,332.2298872,-1.259446673,1.466666667,0.011386315,2
3828.64514,27.31183161,1045.673114,914.2426553,72.24971923,16.59194578,105.0313574,0.501487809,1.4,0.008746289,3
5881.911616,14.11212723,830.0628505,961.3276504,85.47526255,17.08433261,174.1108256,0.840723615,1.533333333,0.009527072,3
1762.148919,20.94956691,369.1625669,748.3997064,77.97629986,9.306665928,86.4521447,-0.848374235,0,0.006517808,2
6702.521113,8.436847638,565.4814942,1065.22883,91.46965383,16.02729802,233.3242272,-0.775774369,1.866666667,0.006842072,3
4060.678061,64.36850708,2613.797845,751.6039316,32.8399408,23.93573621,81.98232428,-0.797796807,3.466666667,0.017200989,1
1717.192474,35.98449951,617.9231175,781.496911,59.77322931,14.81610541,70.23301539,-0.508611248,0,0.012543537,1
4139.23228,11.2175372,464.3199207,1190.026029,88.71500954,14.71633628,311.0665323,-0.855879989,0.733333333,0.006486444,1
1687.773098,38.13797746,643.6825237,742.0607473,60.75423933,10.42700227,71.98688997,-0.757060317,0,0.006608112,2
4298.525988,3.980550336,171.1049906,908.0286412,95.71311513,9.921449898,510.7396921,-0.728949303,0.6,0.006061016,2
8499.442113,5.811505298,493.9455288,1061.452943,94.0540985,16.77787655,302.8403471,-1.070644503,1.8,0.007383979,2
3438.997749,56.18611479,1932.239223,801.3175014,43.20574088,16.68799049,107.5332983,0.347104602,0.6,0.008667087,1
1132.870139,45.96088067,520.6770929,804.9002778,52.07887654,10.98648162,47.81620722,-0.148115857,0.2,0.007499526,3
2023.024276,22.07362685,446.5548296,616.2345353,76.29908205,8.930077455,72.51546602,5.657456052,0.2,0.007576367,2
1504.05158,56.40967141,848.4305542,789.4892064,41.79770914,12.9267859,51.65201654,0.26922965,0.333333333,0.008274936,2
1150.341156,35.58461198,409.3444366,783.1779533,60.57711898,11.62485669,53.11094959,0.075759452,0,0.009636891,1
1898.65683,22.77872508,432.4898194,707.6067919,75.83184918,9.1621772,82.54942126,1.607789175,0,0.007077384,2
1584.637208,24.26878226,384.5721536,726.522261,73.70969798,9.626352603,59.17455888,-0.419644609,0.133333333,0.00779504,2
1131.671507,34.40250335,389.3233279,768.2984056,63.62396934,9.16811356,45.87876937,0.740401323,0.066666667,0.006467686,1
3479.364528,39.49954168,1374.333042,629.3117554,54.67242817,16.35686903,111.5223931,-0.282896896,2.333333333,0.018339826,2
1510.118206,30.77715235,464.771381,766.6612982,67.45328076,10.39291913,54.59346621,2.049488265,0.066666667,0.007420792,1
4745.44936,33.50345052,1589.889278,891.0370077,66.10502753,18.14896097,117.5119072,0.412443254,2.533333333,0.009225982,3
6085.414306,20.08986384,1222.551448,998.1148986,79.78144719,17.79240666,155.843767,-0.140041523,2.266666667,0.007569982,3
2366.06118,14.35122018,339.5586494,733.1666905,84.54528763,9.355739809,72.70951143,5.256087199,0,0.00714175,2
2820.71644,19.31789973,544.9031734,924.1215675,80.5789923,11.72498924,95.73166896,-0.661353087,0,0.004540413,1
3408.875939,34.14701307,1164.029313,822.2497429,64.18085019,17.23564001,115.5553335,-0.614156798,1.733333333,0.012710601,2
2352.167756,59.36533362,1396.372236,777.5198984,39.58300643,15.13292992,69.07413246,2.410036002,1.333333333,0.008986278,2
4773.0384,16.2159407,773.9930762,829.2151815,83.11349693,14.38213646,110.4148644,6.936310496,1,0.008625831,3
2078.740076,36.36872713,756.0113059,815.5593021,62.81186796,13.14962087,79.02506353,-0.347158341,0,0.00765934,1
1586.312349,21.3458883,338.6124622,894.7818785,78.07084025,9.926158394,60.34213631,0.076903009,0,0.00534735,2
3709.832819,21.11720709,783.413079,923.4140376,78.78999274,14.15944852,90.44439661,-0.425009701,0,0.00492151,1
1896.065886,24.05641646,456.125506,851.5099007,75.34558079,10.65349538,68.58327783,1.081781766,0,0.005738434,2
3551.435823,2.655273746,94.30034302,1265.368169,97.22572164,10.78973246,551.4480875,-1.773479613,0.4,0.004572773,2
3420.149834,19.45864324,665.5147545,736.2355514,78.35310004,15.26612951,120.7851445,6.039804809,0.933333333,0.015269811,2
4727.521903,22.64360013,1070.481156,903.3556497,77.07146102,16.16661889,109.2386891,-0.473333095,0.866666667,0.008206015,2
2269.120328,69.65403625,1580.533895,829.4725445,28.88125407,19.10679426,58.83796767,-0.011242214,0.4,0.011988787,3
2394.661648,27.84582274,666.8132378,857.3163266,71.8171957,12.38417242,63.83006832,-0.61819316,0.133333333,0.005602167,2
2528.243843,24.3169916,614.7928428,884.3556236,75.49992721,11.91319114,63.78822301,-0.2240948,0,0.004572877,2
3025.531411,29.11086223,880.7582806,897.8149966,69.96280246,15.04467426,117.6707696,-0.801774484,0.733333333,0.008607283,3
2296.923324,24.57193123,564.3984195,834.0900777,74.15649698,12.70600205,62.83071436,-0.162173747,0.266666667,0.008215556,3
2640.907005,23.34102131,616.4146669,886.3513827,76.48806869,12.10289267,65.41154879,-0.214558281,0,0.004502041,2
1038.724477,68.81741454,714.8233291,778.2917762,29.50346072,10.99396747,41.47850482,0.067409963,0,0.006655325,2
2598.097391,49.64772002,1289.896119,808.4071155,49.4717823,14.70178826,78.44073061,3.857687826,0.133333333,0.008428884,2
3578.976693,18.61117181,666.0895013,889.7522177,81.06899361,13.57130065,95.60500959,-0.156739066,0.133333333,0.006810267,3
3043.558263,23.93046057,728.3375098,850.2026131,75.27692711,13.54157445,85.98356701,0.051107237,0.333333333,0.007942792,1
5515.366861,13.16130536,725.8942745,715.8511795,84.65961798,14.93757825,159.4473309,2.719824253,1.933333333,0.013799766,2
3609.656174,17.54618214,633.3568467,737.1635498,79.95692999,14.06468862,116.1312716,7.168129315,0.6,0.013076321,2
5580.408839,18.03657068,1006.514385,935.0281954,81.82028264,17.0889888,125.5653661,0.969538976,0.6,0.007555478,3
1626.990824,32.49855305,528.748476,842.0587785,65.82978791,12.98457558,79.5427701,12.18182075,0.6,0.008667272,3
3944.3685,20.72607743,817.5128693,931.2329604,79.09715997,14.44944113,111.0857407,-0.019418012,0.6,0.005816385,3
3221.881838,20.09201537,647.3409941,880.6193165,79.68144035,12.6598546,99.73742243,0.44917118,0.133333333,0.005658052,2
2959.241766,27.66907789,818.7949092,893.4856318,72.24141832,12.99679185,77.32146476,-0.347368325,0.133333333,0.004885428,2
3302.203376,18.60666379,614.4298798,880.7599901,80.90243749,13.04050493,99.15886945,0.096865624,0,0.007089548,2
1908.472891,65.86864655,1257.085263,806.5713799,31.52874094,18.50278421,55.42723867,-0.270778565,0.2,0.012774343,2
1512.619956,57.25168073,866.0003476,790.3718685,41.78960888,12.18147335,51.16793783,-0.084311321,0.266666667,0.006902973,2
2330.592263,33.75687355,786.7350833,761.047477,65.37748064,12.02604194,70.56240675,-0.44534528,0.2,0.007350373,1
2644.39166,17.05098946,450.8949433,814.4777957,82.04841127,10.82887575,81.43119447,1.252741281,0,0.006941325,2
3173.688834,34.62920804,1099.023309,913.9225779,64.9071618,16.80978171,100.4475983,-0.391506719,0.733333333,0.009427134,2
3355.048597,55.10086014,1848.660635,800.1071322,44.31002657,16.62694893,106.1547107,0.389536491,0.6,0.0086389,1
4976.88339,18.49487466,920.468345,923.7848121,81.00121298,16.47426998,148.947719,0.597911744,1.266666667,0.009406308,2
5785.169342,20.89255781,1208.669849,751.0820961,76.54134473,18.99141619,254.3746399,0.664993493,2.866666667,0.019377312,2
3257.344374,21.76183631,708.8579507,880.2526228,77.99207683,13.18499723,98.17367112,0.537278415,0.133333333,0.005954077,2
6985.074178,6.268596058,437.8660846,989.5045702,92.96465483,16.17884512,396.4158583,-0.709351048,1.733333333,0.01237543,1
1360.334056,28.53765458,388.2074341,767.0264428,69.55766668,10.09629428,52.55091135,1.625406967,0.066666667,0.007330838,1
1588.553983,25.67608633,407.878492,754.6195549,72.56249195,9.847755401,56.32293455,0.751484106,0,0.007189629,1
5765.86039,19.69906485,1135.820577,898.3520675,78.7432933,18.89744847,237.19179,-0.630233209,3,0.013720574,3
6880.107549,8.971431528,617.2441378,1201.887359,91.02050068,17.59781189,198.165585,-0.913780996,1.6,0.005089037,3
1660.314319,59.06384841,980.6455327,781.3103485,40.01391832,12.05061507,52.20336236,0.030226298,0,0.006407532,2
2801.673971,22.54928847,631.7575457,913.7695204,76.85323298,13.56936943,306.2252812,0.558268798,0.733333333,0.008494807,2
2231.125183,61.98553817,1382.974952,810.2170726,35.51722352,19.33633956,62.65353228,-0.193439766,0,0.013737793,2
3286.306949,33.84289968,1112.181564,915.6967511,65.7141308,17.27278075,100.2923907,-0.353017871,1,0.009589689,2
1567.580403,23.79218378,372.9616104,754.8088641,74.40417669,9.781938828,56.89985827,0.639496156,0,0.007237819,1
4109.028218,46.03076674,1891.417194,1050.93565,53.90997117,21.41761118,122.6531426,1.058570398,1.8,0.008660955,2
1063.897639,48.56993502,516.734392,565.5044085,48.04604651,8.225568572,45.42913577,2.612094421,0,0.008611611,3
1643.192133,35.78238905,587.9734021,817.4122443,60.26758279,14.56912595,59.03513651,-0.014029113,0.066666667,0.011456786,1
1086.656528,65.63414773,713.2177506,775.2164055,32.84103074,10.97470745,41.74929618,-0.19082805,0,0.006534771,2
2516.432541,26.68757925,671.5749289,856.418418,71.37726421,14.88459069,67.10638123,3.545277928,0.666666667,0.01037064,2
1652.184915,40.49920765,669.1217997,863.4732563,58.94984815,12.00954084,58.65200767,0.822077427,0,0.006300077,3
2496.051035,24.13081767,602.3175244,905.0009711,75.79571803,11.83971719,64.94867776,-0.428047861,0,0.004010933,2
2870.021505,48.71588924,1398.156497,805.4377259,50.26947803,15.0970839,80.47336506,3.212550323,0.133333333,0.008711648,2
4682.121137,70.20831128,3287.238183,764.7125766,27.42081153,25.32646178,87.41297142,-0.917205965,3.933333333,0.017279837,1
4157.210087,17.62543771,732.7264745,772.055769,81.31064077,13.64655074,161.3403923,0.09806162,0.6,0.010206668,2
1049.401857,35.80767052,375.7663593,739.2644552,59.72440232,10.93973844,46.46682146,0.200408441,0,0.009608185,2
1439.718354,32.04442004,461.3493969,748.9236595,66.36753381,9.792523993,54.8250568,0.368797701,0,0.006662339,1
1528.060855,23.47483043,358.7096945,770.188521,74.85625408,9.396273768,54.66096193,0.03553807,0,0.00682623,1
2182.131727,57.81784272,1261.66149,764.623596,40.93905283,14.35590044,64.05007673,2.965188666,1.066666667,0.009095283,2
3144.794733,22.0706545,694.0767802,783.7052212,77.35744396,12.5702582,97.92154259,-0.037728042,0.266666667,0.009066725,2
760.1004521,42.23137002,321.0008344,730.0771158,51.89185359,10.12700837,39.86106694,1.026614423,0,0.009543807,2
9084.979123,8.195709134,744.5784637,815.9229128,90.92777729,17.19184804,258.2436996,0.18768728,1.866666667,0.014092588,1
2904.396148,36.81293257,1069.193396,600.5310197,52.72047088,18.7709278,129.0909628,-0.917366117,2.333333333,0.024642613,2
3826.192568,69.64594195,2664.787855,745.997891,26.44305242,24.15253339,77.31336275,-0.760126519,2.466666667,0.017813831,1
2905.612985,45.26079802,1315.103624,813.5011417,53.83215359,15.31082918,82.03668417,3.21374024,0.2,0.008535201,2
6082.226092,13.5874127,826.4171605,1003.217938,86.13934778,16.51837765,230.8686811,-0.760894952,1.866666667,0.008327081,3
2525.404111,24.46398055,617.8143705,885.4129671,75.3549352,11.93324007,63.91056833,-0.235656579,0,0.00456193,2
3742.828865,25.16635507,941.933602,923.7290303,74.48759638,16.21963196,99.47177465,0.242584608,1.2,0.008569213,3
3518.727224,39.18207709,1378.710413,890.2678314,60.42141333,17.44361013,89.92410871,1.682050124,1,0.008883935,1
2533.660378,10.49858446,265.9984748,691.8818729,88.8305325,8.378452605,227.1506274,0.599373885,0.266666667,0.007067511,2
3172.016781,15.18841896,481.7791981,726.4350316,84.14702418,10.21996544,125.6673942,7.137878927,0.333333333,0.006961962,2
2274.270301,24.43468469,555.710777,865.9728067,74.4450108,13.02478473,73.32544995,-0.106169726,0.066666667,0.008165986,3
2641.894234,49.16704,1298.941195,835.1098229,49.14691688,19.34738035,69.67785127,0.369999003,0.733333333,0.01312767,1
3150.868447,54.32117979,1711.588914,832.7763816,44.32781568,19.61325681,79.59090304,0.298783529,1.266666667,0.012530438,1
2280.78894,25.94128976,591.6660678,883.2870476,73.85733289,11.91943975,63.66749795,-0.300220396,0,0.004685191,2
1583.232737,56.16228291,889.1796491,779.5423543,42.94855497,11.81227781,50.58040178,0.037308228,0,0.006338995,2
3610.173643,27.8322682,1004.793211,1093.396839,72.15107743,17.24995231,105.9651838,0.146186301,0.8,0.006423277,1
744.0019086,38.93482182,289.6758174,729.4526574,55.31484333,9.960019989,37.0687669,0.504187422,0,0.009126949,2
4028.821001,24.30955651,979.388518,1009.4452,75.46870962,18.10641072,146.2953661,0.197004669,1.4,0.00886035,2
2872.332469,65.56185471,1883.15444,677.1671053,30.36912325,19.27265539,75.97207801,0.603705357,1.2,0.017113854,2
4690.91382,36.02481804,1689.893168,883.9040666,63.51192702,18.08183971,121.3853892,0.198476961,2.533333333,0.009233052,3
2174.540833,27.03363257,587.8573788,815.7160209,69.99380524,14.52583805,107.0234376,1.156255536,0.733333333,0.011856264,3
2849.972596,14.81357322,422.1827774,930.4305072,85.0576692,11.29605226,73.40302854,-0.161156075,0,0.004883908,2
3290.415197,69.03014194,2271.378281,721.7341065,26.3626875,22.52411433,69.17052591,-0.475621449,1.933333333,0.017719511,2
1161.864067,45.62804099,530.1358126,764.3134192,46.0930897,14.26177985,53.28038382,0.742592749,0,0.013114047,1
1063.303725,37.35183837,397.1634889,744.3268908,58.53552688,10.78045656,47.64303214,-0.167508401,0,0.009116541,2
7487.960072,13.30982609,996.634463,956.3219713,86.32080447,18.93235545,326.8538535,-0.470689917,2.866666667,0.010787571,3
1833.060402,32.11323138,588.6549283,889.250973,67.70214443,11.60464602,101.4184624,-0.937070262,0,0.00471392,2
4176.104902,2.535582188,105.8885721,1256.297429,97.34654978,11.47109139,558.0300521,-1.83138189,0.6,0.004892662,2
6829.633483,16.63435717,1136.065627,634.5859586,81.16325212,17.28292304,158.29666,-0.468252828,1.933333333,0.018606863,2
4635.854843,37.02340925,1716.351511,893.6336291,62.57725912,18.32878674,126.8727552,-0.178082599,2.666666667,0.009269072,3
558.13558,35.93114072,200.5444807,580.946296,60.58758701,5.544416533,30.43340185,1.337414769,0,0.006077559,2
1676.757458,24.29860201,407.4286215,763.3924394,74.16439069,9.633312654,61.173721,0.249810287,0,0.00704195,1
2635.528752,34.28548421,903.6037942,853.0771574,64.25547888,14.96500995,71.4174751,1.366667003,0.533333333,0.009480642,2
2574.404194,33.16164706,853.7148326,799.8862273,65.92010975,13.05281465,84.81384085,0.653137785,0,0.007953989,1
3278.170955,17.4389502,571.6786004,717.273262,80.41353304,13.60344971,224.9428904,0.433810837,1,0.018397345,2
2690.596392,20.01368647,538.4875259,897.8875655,79.71810783,11.79263181,76.91467244,1.621330993,0.133333333,0.005467979,2
3431.390607,66.8522359,2293.961343,723.1362731,29.65985287,21.86840675,73.91827244,-0.496829454,2,0.016485871,2
1268.99268,58.83793856,746.6491334,768.7371164,39.79752734,10.8764941,51.40794135,-0.488547771,0,0.006457851,3
2571.767452,61.77301107,1588.658193,680.488186,33.79540377,18.29279984,81.84654732,0.063220593,0.933333333,0.015892092,2
6289.322836,17.81158173,1120.227877,810.3803725,80.48862991,18.00835651,372.5510531,0.31344406,2.533333333,0.016380848,2
422.3933236,48.93206486,206.6857751,791.2222518,46.17629809,7.5289746,33.58180117,0.676259987,0,0.006188501,2
2544.508476,28.99944408,737.8933127,855.8924683,68.80234108,14.78602731,67.1020576,3.57037807,0.666666667,0.010299409,2
6847.283947,17.63414001,1207.459638,617.5364275,79.85070004,17.54021793,157.8823226,-0.195416879,2.066666667,0.019227342,2
1470.856963,28.81190064,423.7818467,736.9913281,69.81278726,9.262357739,52.96315905,-0.641963452,0,0.006265525,1
1853.645815,21.66158105,401.5289905,732.9641972,76.83999607,9.982238359,60.25956609,-0.104139952,0,0.00740742,2
1076.58494,38.7065775,416.7091841,948.7649492,60.96456806,9.66894018,65.42813456,-0.214437886,0,0.004939754,3
2424.407474,31.97150705,775.1196066,808.7887943,66.3400026,13.91823823,82.71079601,0.530767524,0.866666667,0.009703046,1
1356.9903,58.04885564,787.7173401,782.5363175,40.90861334,11.21879748,49.74116206,-0.286002092,0,0.006314009,2
1756.484573,22.12037697,388.541009,607.3758498,76.23457882,8.582625644,72.735515,6.676872365,0.2,0.007437686,2
1998.473886,11.71660706,234.1533324,692.3883287,87.48827371,8.165851982,226.7500693,0.607642138,0.266666667,0.006626307,2
6000.812144,13.98797482,839.392092,835.4147726,84.84586449,16.72733167,261.6700587,0.340150856,1.266666667,0.015631613,1
9352.02207,7.221851005,675.3890998,1106.020955,92.56258489,18.92859586,297.7856319,-0.551235604,2.466666667,0.008977203,3
5190.419508,23.92705949,1241.914764,643.8943107,74.75998754,15.77438616,138.7584544,-0.417995487,1.4,0.022227044,2
4996.969954,14.52718141,725.91889,828.6672204,84.84326162,15.12781432,117.2458673,5.502288785,1.266666667,0.010320823,3
4152.28609,14.02042927,582.1683344,774.0724569,83.73561715,15.65374911,209.7392839,4.320921037,1.133333333,0.018116914,2
1745.944807,54.85663858,957.7666326,804.5915598,44.26524438,12.97742867,55.48826902,-0.213005754,0,0.007087474,1
4290.207506,48.41894445,2077.273189,994.0084304,51.33723917,23.26060905,109.7189267,-0.135463955,2.466666667,0.011787636,1
4334.641354,42.57751112,1845.582405,1033.975225,57.34292608,21.89043467,94.58701451,-0.440915362,1.8,0.009339727,1
3959.04381,18.14794207,718.4849774,1021.488873,81.75887171,14.81777896,140.1598177,-0.395693474,0.466666667,0.005572673,3
5891.565676,12.82546619,755.6207638,862.237999,86.07937556,16.08300201,303.0629468,-1.289075561,2,0.014820981,1
3891.303708,17.47163538,679.8743953,890.3991678,82.20430664,13.55210952,94.87758437,-0.106885813,0.133333333,0.006751539,3
5463.610349,45.97777567,2512.04651,1018.638882,53.95641705,23.65152622,102.0314445,-0.003709664,3.2,0.009783369,2
1971.539087,17.30524325,341.1796347,653.4998484,80.35864485,9.260458774,103.5674105,4.204606184,0,0.009482584,2
6951.064779,11.25108655,782.0703142,746.7260692,87.47053654,15.56437035,195.4782206,0.902938441,1.333333333,0.015293441,1
2039.328218,33.1053192,675.1261162,852.9236548,66.3794458,11.76393722,111.513601,4.22090419,0.2,0.006237666,2
2852.765079,40.33789908,1150.745499,783.7276111,58.67667918,13.88948072,70.93032021,0.600028567,0.2,0.007829222,2
2788.207721,28.81653605,803.464883,906.5255908,70.54245311,14.49420216,115.4232644,-0.723975617,0.333333333,0.007764714,3
6174.996828,12.47015019,770.0313787,983.400019,86.8155486,16.73751062,305.0654559,-1.117481079,1.6,0.012837477,1
2531.644369,21.52072069,544.8281135,743.8616404,77.33321889,10.95210945,88.43675339,0.202831887,0,0.007742443,2
1471.66758,34.95060477,514.3567195,949.1025081,64.92009382,10.76868857,73.90030541,0.083206342,0,0.004975904,2
2382.436388,67.63179279,1611.284441,826.6428051,31.0904277,18.31259331,60.09676427,-0.172218135,0.266666667,0.011260381,3
2704.491731,19.27069898,521.1744603,757.1995893,80.16510886,10.43898372,111.043715,8.905256762,0.333333333,0.006023614,2
5276.427785,20.31722518,1072.023715,1108.507148,79.67589041,19.59094109,118.9012741,-0.100863086,1,0.006189183,3
863.6633929,42.20342273,364.4955127,729.8460766,52.99790842,10.19791983,39.87861068,0.568747089,0,0.008787597,2
2831.24812,30.20632408,855.2159825,772.1610507,69.04977306,12.57407077,80.20546253,-0.389323371,0.2,0.007426726,1
3034.307318,34.94547198,1060.353014,960.2144919,64.71964272,16.82136334,93.72085691,0.258777303,0.466666667,0.008631388,3
772.7184614,30.38942678,234.824711,779.4459413,66.17616123,8.788664672,44.40800129,0.257487445,0,0.007091554,1
2142.366565,61.40824347,1315.589676,808.2528349,36.0082208,18.95476718,62.51525065,-0.198398016,0,0.013516585,2
2998.447548,42.44058268,1272.558611,785.1459055,56.72391223,14.00054038,70.69629583,0.364833629,0.2,0.00794178,2
9020.570778,7.956887917,717.7567063,1107.881465,91.85663927,18.73740639,296.761085,-0.522311219,2.466666667,0.008955532,3
611.555351,31.08384989,190.0949473,782.6871872,65.49402801,7.220729317,53.93315949,1.647129671,0,0.005947059,2
4958.661659,36.53461259,1811.627827,1023.064674,63.36834493,21.75349873,101.9398357,-0.160491635,2.333333333,0.00895462,2
3109.740129,33.0674299,1028.311137,784.3644722,65.89012917,14.56181745,84.59603583,-0.400725271,0.8,0.009067957,1
1901.716101,66.12004493,1257.41554,808.1477744,31.43769921,18.08258798,55.75095015,-0.319900749,0.133333333,0.012433869,2
2269.14382,27.44703185,622.8126271,889.5347999,71.82887279,13.48861922,72.78652012,-0.005810623,0.333333333,0.007907588,2
5307.11278,21.69902713,1151.591842,1109.476908,78.29304787,19.27900724,116.9840901,-0.025162586,1,0.006116801,3
8599.164506,6.054813313,520.6633573,1190.619646,93.39810439,19.18014223,418.5824382,-0.712557651,2.8,0.015669149,3
5839.845255,19.62461582,1146.047196,975.074137,80.23696919,17.82300443,179.9131857,0.549023901,2.666666667,0.007484659,3
934.8865205,47.23744172,441.6164753,893.1815949,51.62969673,10.2859915,74.7481155,0.473719423,0,0.006215559,3
3686.867998,73.58874902,2713.120038,756.3760891,23.17952867,23.28453642,81.4400642,-0.6960312,2,0.016439775,1
2777.958684,39.35533869,1093.275049,863.0149782,59.2095563,16.75910351,74.76612559,1.523051637,0.733333333,0.010534837,2
3628.528151,60.62034334,2199.626224,920.1271046,38.60731746,22.67057432,84.39000576,-0.298441281,1.4,0.012558505,1
3629.924693,49.67339509,1803.106834,977.7683645,49.81723405,22.66132262,93.2914621,-0.185028047,2.133333333,0.012337554,1
2565.128583,29.01821445,744.3545129,892.354395,70.68077051,12.5654334,88.23843327,0.549276579,1,0.006315668,2
2631.844866,16.45289765,433.0147422,747.1264835,82.94915086,9.891396923,109.0301121,10.80837148,0.333333333,0.00599289,2
2743.494488,37.14143885,1018.973328,793.4857916,61.97037135,13.81323167,72.37307512,2.088006532,0.133333333,0.008357455,2
3145.507406,67.93020492,2136.749627,722.5127953,27.51399166,22.02228613,76.1968236,0.247404636,1.666666667,0.017541176,2
1963.641696,32.09802334,630.2901698,903.6960989,67.74321091,11.60164862,106.9698051,-0.953650611,0,0.004603002,2
4801.179022,13.48100239,647.2470589,934.7946483,86.19851675,13.71209711,366.036236,-0.853176832,1.133333333,0.007319292,2
1894.521922,30.9918812,587.1479833,837.9786468,67.44791086,13.53381725,64.11720083,1.707529576,0.266666667,0.009490735,3
2492.175983,23.73658944,591.5575812,789.0555292,74.91062788,12.40096475,68.4913488,-0.134648603,0.133333333,0.008212116,2
3522.319004,61.03599545,2149.882467,719.845845,36.12005213,20.42281292,84.39892492,-0.674446535,1.466666667,0.014600439,1
1079.520311,35.46194182,382.8188644,784.6065033,61.25383531,11.20794021,54.51498831,0.97958064,0.266666667,0.008939652,1
4117.261333,9.94509249,409.4654476,661.2425061,89.28698919,10.56521331,202.2998174,14.32196178,0.6,0.007915817,2
4579.740102,46.9515835,2150.260498,979.789169,52.79070183,21.89328598,122.4667655,-0.609264618,1.733333333,0.009595991,2
2605.387115,61.73992713,1608.564106,838.6813038,37.16839066,19.30159032,69.0096051,0.560485099,0.2,0.011706705,3
7480.681339,13.41166169,1003.283673,992.0196353,86.19889491,17.80254969,222.4583669,1.48274622,1.933333333,0.011612628,3
2303.685633,22.10538648,509.2386124,932.8235375,77.6131448,12.35903248,69.54696555,-0.273705024,0.133333333,0.006020086,2
1646.489598,35.487169,584.2925461,720.0423752,60.74908439,12.22127717,72.34023829,1.472889764,0,0.011149111,2
1714.911641,35.93103552,616.1855108,925.6871094,63.69479013,12.42129423,73.9988676,1.028219211,0.466666667,0.006625717,2
5934.169132,27.38071853,1624.818147,957.3937944,72.21601194,21.74285984,266.8684713,6.432953131,3.733333333,0.011263237,3
2512.195927,55.07444908,1383.578067,679.368676,40.90929945,14.98792605,80.19974464,2.878263052,1.6,0.013557549,2
4825.25785,63.44568005,3061.417657,786.6918677,33.99967211,26.30836922,87.12706951,-0.634099413,3.666666667,0.017738272,1
2230.796079,30.83687049,687.907698,860.1925098,68.76764751,12.30229979,63.7873253,-0.79510388,0,0.005635191,2
5820.926572,10.22147118,594.9843318,805.6162834,88.08463446,16.12260273,294.3168986,1.988231216,1.733333333,0.01815464,2
1619.011013,25.07155125,405.911176,706.8214587,73.37059645,8.965504743,79.74834275,2.025947332,0,0.007034649,2
4027.879355,20.14843951,811.5548353,946.1764665,79.75315593,14.64013307,121.0029577,-0.187316395,0.133333333,0.00601459,2
3120.314292,64.80119286,2022.000882,702.8537526,31.51902141,20.4276974,71.88322311,0.613381287,0.8,0.016271188,2
941.3759181,36.02070833,339.0902737,834.6817921,61.99227084,9.37382906,46.89362148,-0.221213537,0,0.006393051,3
2943.827612,27.18075694,800.154628,898.2452758,72.73498952,12.97376926,75.05549979,-0.329638149,0.133333333,0.00482895,2
4772.090038,13.06390284,623.421206,959.8161565,86.21944503,16.94725791,323.5812648,0.248205397,1.2,0.01002953,2
3860.176665,37.73639306,1456.691439,875.797926,61.32233057,18.73230367,93.90734988,1.109434317,1.866666667,0.011503642,1
1247.224525,18.84033318,234.981256,844.5956513,79.66124318,8.65172006,54.58015527,1.147367493,0,0.005892574,2
2535.327388,24.77029245,628.0080085,871.2598809,74.77223523,12.47255092,85.78407334,0.799599961,0.133333333,0.006220057,2
1021.085632,52.71265421,538.2413381,907.359421,46.44768255,10.6505973,91.82670389,-1.033804629,0.2,0.005994852,3
5551.367975,12.96440939,719.7020712,928.5182778,86.81605862,14.65326259,196.2312435,4.66905096,1.2,0.006910573,2
809.6809605,40.50775123,327.9835493,770.5870449,55.75951208,9.664433262,42.88025714,-0.211544494,0,0.007748091,1
4647.082574,19.01274926,883.5381574,1006.663434,80.84765419,16.20069141,153.675409,-0.89446612,1.066666667,0.006025281,3
2483.611097,24.47301117,607.8144212,878.5860145,74.92724605,13.46529608,79.8223136,0.070097801,0.466666667,0.008022853,2
4823.42733,48.87586091,2357.491633,993.1073598,50.91896039,22.79605748,122.6150977,-0.574919173,2,0.009828019,2
1080.493077,54.56060256,589.5235334,758.0131578,36.64337195,14.5276298,44.06181193,-0.01661043,0,0.013075402,1
918.8785929,34.38216368,315.9303418,895.6870446,64.37720255,9.036562418,55.79213837,-0.409131444,0,0.005654923,1
3190.483119,34.34194439,1095.673939,942.2133212,65.1716743,18.44292735,135.316877,3.098600621,1.4,0.010201566,2
6454.280632,6.063241495,391.3386215,1186.439406,93.45094861,16.226278,362.0453789,-0.339469877,1.4,0.011205089,3
1060.216386,52.49781169,556.5904019,786.4121811,42.77485502,12.84187734,47.14441295,-0.397164356,0,0.010156509,2
1502.787788,28.06901724,421.8177632,761.9675556,70.62224928,9.667789415,57.87494802,-0.35847242,0,0.006249812,1
3984.336751,21.34093126,850.294567,550.9644911,72.10269667,17.00771359,117.4728386,3.440110908,1.2,0.026336405,1
3768.114326,69.01010323,2600.379586,726.8751115,27.59834201,23.05116402,75.34988914,-0.620078305,2.133333333,0.01694187,2
1450.346972,60.16923458,872.6626717,792.1183195,38.66786777,12.12072023,48.43903395,0.084797109,0.266666667,0.00702203,2
3439.737828,35.06853351,1206.265613,917.2105108,63.9745496,18.20247268,115.6583985,0.663332254,1.733333333,0.010815794,2
2968.129232,25.79327062,765.5776051,878.4132039,73.92759491,13.41506585,76.8653798,-0.207770637,0.266666667,0.005803239,2
2430.643598,22.6986261,551.722702,933.8366714,77.1792406,11.82739261,82.45670029,-0.716354791,0.133333333,0.004612543,3
4549.294862,19.09252708,868.5753535,814.2502736,80.37466998,13.68068437,130.3554173,0.776975749,1.2,0.008212726,2
3638.994453,4.073063316,148.2185482,970.2089182,95.64985888,10.12018113,514.8862968,-1.296812481,0.4,0.005771341,2
3210.51079,69.94630877,2245.63379,717.7204509,25.29655065,22.06316376,69.23706664,-0.384665608,1.733333333,0.017938025,2
1730.700993,23.84291274,412.6495276,767.3600503,75.00957031,9.675024589,65.24611924,0.348312934,0,0.006285097,1
9101.43179,12.18245407,1108.777748,874.666278,87.55969918,17.05980402,280.8882981,0.321569109,2.066666667,0.010420718,1
2312.79679,25.22938164,583.5043288,806.5731456,72.03289746,14.323875,109.1143871,0.70588983,0.733333333,0.011712064,3
1860.226244,47.27297922,879.3843659,762.0293657,47.7836535,16.39488527,60.44602635,-0.349172758,0.066666667,0.01389321,1
5032.398954,26.7425748,1345.793054,808.6557119,71.76626016,17.62194189,285.8197452,2.773066941,2.066666667,0.013487849,2
9280.878413,7.221671077,670.234512,1065.767329,92.67547803,18.23894158,305.0973472,-1.107910286,2.6,0.007938415,2
5587.708528,19.20451607,1073.092382,1002.405417,80.59175813,19.97944873,167.7398042,0.086812903,2.333333333,0.010658584,2
2261.808221,26.76600653,605.395736,731.2530539,68.92186442,14.38806047,128.1831609,0.36709747,0.933333333,0.017267251,2
795.514779,29.63266077,235.7321959,780.5310947,66.77835028,8.718375645,44.5255163,0.28065275,0,0.006997848,1
1630.280481,28.51465765,464.8688979,666.3206416,69.07052183,9.64340452,50.06283659,3.818451837,0.2,0.008707538,2
3053.009889,48.6769227,1486.111264,807.5832,49.65147886,19.44009992,67.87364814,-0.368222832,0.4,0.012810796,2
3661.418149,64.41867872,2358.637194,730.0205875,33.40026381,20.440743,82.05323705,-0.560025962,0.866666667,0.014179873,1
1403.275744,23.58466088,330.9578255,726.2493248,74.26112845,9.05822276,61.60870646,-0.063614487,0,0.007335293,2
4272.229441,68.98049694,2947.005099,762.0703712,28.1103907,25.78333795,90.02007421,-0.627699415,3.666666667,0.018398334,1
6339.555837,12.33644743,782.075973,1146.801738,87.60088073,18.08240946,270.7507504,0.509958783,2.333333333,0.007134802,3
4423.643818,47.92886059,2120.202078,990.3535626,51.83210789,23.519054,108.64527,-0.14595766,2.466666667,0.011852943,1
1265.964247,42.28622175,535.328449,779.8846883,52.88738039,13.38938383,51.90878539,0.976009467,0.4,0.011145149,2
2982.91574,64.17000878,1914.137292,702.4167782,31.47799228,20.53158067,67.53842619,-0.212142141,1.2,0.01671336,2
852.5534177,37.06421314,315.9922159,769.8019407,59.17512559,9.667783465,42.90797271,-0.231124598,0,0.00775497,1
5476.751672,13.41998875,734.9794584,991.000702,86.07085214,16.22868037,160.7767686,1.2486566,1.333333333,0.008818651,3
3697.769655,48.76743754,1803.307507,1028.835845,51.07627755,20.54676648,127.4740014,0.301852505,1.2,0.008703366,2
3055.590282,30.3175648,926.3805638,900.669218,68.90976433,14.96801286,115.8025798,-0.746275306,0.733333333,0.008558738,3
1449.238992,61.01451818,884.2461885,795.1309374,37.90213068,12.20090387,49.15023107,-0.0031917,0.266666667,0.006801909,2
1279.519584,43.0241004,550.5017904,780.9385525,53.13376344,12.88171104,53.82636087,0.282596955,0,0.01020014,2
1599.270016,39.03112594,624.2130942,771.0265826,59.84575105,10.79571018,102.9518563,8.401482188,0.066666667,0.006564818,2
2478.392593,36.49032104,904.3734139,835.3292881,62.9459877,14.1919942,83.69995933,-0.203718722,0,0.007837367,1
2700.386489,50.40007013,1360.996684,908.2738976,49.12532416,16.85267254,76.01500651,-0.164901837,0.266666667,0.008797597,1
1279.460526,43.67764097,558.8381747,780.0283194,51.40993727,13.3984895,51.91736648,0.981363555,0.4,0.011153684,2
880.8326055,55.95589213,492.8777425,694.8429816,40.73945185,9.153944132,38.46992005,0.777745033,0,0.006952291,2
4783.578869,36.36092898,1739.353715,1014.583871,63.5076413,21.05738608,101.2620728,-0.378685749,2,0.009239466,2
2769.184284,24.1749357,669.4485202,908.2111002,75.76178997,12.24914649,67.44743205,-0.221888588,0.133333333,0.004308831,2
3776.175746,17.79473621,671.9605129,803.1953516,81.51158738,13.17109794,134.7590296,0.226333314,0.8,0.009384357,2
611.3786736,48.28307303,295.1924115,717.3238457,45.42985963,9.462224447,37.76404231,1.035546143,0,0.008775295,2
2374.799203,22.25204536,528.4413958,943.7121709,77.63317882,11.93704191,79.35643205,-0.397769093,0.133333333,0.004614944,3
2551.703777,30.29349187,773.0001764,644.1258048,65.44148367,14.56544491,122.7582901,0.161537858,1.266666667,0.020609544,2
2912.124187,22.60841901,658.3852385,893.659764,77.25692723,12.78137806,70.53786755,-0.410272613,0,0.004586265,2
1955.22059,58.02490585,1134.514906,829.8882418,41.2447143,14.47288739,60.67774846,-0.140832702,0.133333333,0.007817589,1
5891.100432,18.96660591,1117.341803,996.0439794,80.90624624,17.22174956,154.5671746,-0.065781122,2.133333333,0.007240535,3
7995.158122,7.539930874,602.8293957,1162.619277,92.02501665,18.09792421,404.2987748,-0.715053388,2.2,0.015604667,3
2776.412737,39.45426388,1095.413208,785.1528211,59.42536289,14.80584629,79.67132223,0.705769769,0.466666667,0.008667198,2
4380.323486,17.20312776,753.5526455,854.7459884,82.03726214,16.11909678,117.7867704,4.941618647,1.2,0.011286873,3
423.0840385,44.52771831,188.3896689,781.2221542,50.27274421,7.490698943,45.29524083,1.057193191,0,0.006254764,2
1548.632696,35.92014793,556.2711551,841.3608947,62.10275204,13.21728939,57.9610726,-0.129137516,0.266666667,0.009525229,3
1576.770903,59.12789948,932.3115146,781.5136924,39.83920294,11.97967273,52.34872357,0.02859033,0,0.006369136,2
1604.161616,22.86164375,366.7377137,729.7638681,75.45511964,9.83740218,60.48678209,-0.152944726,0,0.007528072,2
2468.932296,18.57241954,458.540464,813.4831021,80.30262889,11.06401909,81.462094,1.255909188,0,0.007175405,2
2004.678433,34.01222702,681.8357796,793.7060751,65.00894221,13.11203586,66.16850821,0.048692463,0.133333333,0.008654339,2
2464.846978,19.13268585,471.5914291,837.678916,80.28671931,10.86618245,123.2521889,-0.86453069,0,0.006473807,2
2686.850198,30.403598,816.899133,865.16231,69.39835095,12.89726322,90.08062507,-0.515560187,0.2,0.005446791,2
10293.38985,9.884593949,1017.45979,834.7719133,89.1488331,20.85429492,244.0479805,0.206523556,3.333333333,0.016208823,1
655.7734495,46.43916785,304.535733,720.577156,47.91189628,9.59062057,36.61429517,0.929801334,0,0.008744227,2
1210.333744,48.10641722,582.2482006,805.3096633,47.6535461,14.34947433,49.21151234,0.316748611,0,0.011426112,1
758.7842911,30.52378173,231.6096608,870.5288027,67.80320951,8.620907854,46.19354684,-0.135900979,0,0.005920681,1
1619.165619,22.77305086,368.7334098,895.875987,76.68448776,9.98844097,59.42972848,0.150683926,0,0.00533442,2
1784.085707,22.60457872,403.285058,752.6941863,76.40552999,9.449096993,86.6530931,-0.916142366,0,0.006441416,2
3141.457108,43.38012978,1362.76817,816.7650492,55.95853986,15.6311193,81.0154683,2.258458489,0.133333333,0.008399634,2
3685.875361,20.3664632,750.682449,950.8845858,79.45833019,14.38822241,123.2384652,-0.304272312,0.466666667,0.005870718,3
12544.33186,8.37542114,1050.640622,834.924453,90.91801701,19.58664558,213.6643376,0.235008635,2.666666667,0.012907851,1
9227.478829,12.57963748,1160.783385,852.7886127,86.91472203,17.70055699,294.9370397,0.10411987,2.266666667,0.012527088,1
9211.607161,6.60122387,608.0788107,1116.49776,93.04603275,18.52570178,385.7774881,-0.682182317,2.533333333,0.015517353,3
2121.10608,20.08033591,425.9252259,918.4141302,79.73091747,10.66335614,60.57899715,-0.374405688,0,0.005035788,2
3446.247011,28.78640272,992.0505432,842.1279198,70.45505,14.9337608,129.7088954,1.592946012,1.8,0.010055377,2
2455.525383,43.74002178,1074.047338,608.8126751,50.82544422,15.07445803,95.94529842,0.409591184,1.533333333,0.014578466,3
5321.252522,47.13016758,2507.915231,1020.515317,52.80751254,23.77863235,103.2852824,0.173867775,3.6,0.009590133,2
943.5392544,28.88471178,272.5385941,890.7908261,69.93885913,9.053474195,53.384155,-0.258678368,0,0.005768557,1
3247.771601,48.98921897,1591.057941,989.958899,50.65918341,21.00472472,97.36159434,0.812448299,0.933333333,0.010815128,1
2315.878792,24.92990245,577.3463239,887.0238233,74.89927142,11.86614334,63.94631797,-0.231428557,0,0.004576237,2
1295.70009,18.88188375,244.6525846,846.1041174,79.69436233,8.654330219,55.89753223,1.090503181,0,0.005889424,2
6287.840059,16.7987266,1056.27706,1072.004394,83.03956144,17.72867608,315.758859,-0.674922496,2.733333333,0.008181142,1
4212.168612,23.26391702,979.9154107,1139.030532,76.69725018,18.16892321,170.3260241,-0.383601664,1.2,0.006667548,1
682.1640838,48.70823233,332.2700668,721.7059631,45.54285259,9.768766714,37.20163485,0.753359452,0,0.008841762,2
4050.63735,16.19215651,655.8855392,712.0851168,81.43428231,14.6932567,225.771845,0.487419533,1.466666667,0.020267418,2
4357.695338,30.06814794,1310.278281,889.6090991,69.13658898,17.83656824,109.3295652,1.260085367,2.133333333,0.010628511,3
4445.986806,53.89317402,2396.083406,1001.450203,45.95839807,23.22149398,116.0403111,-0.290309269,2.133333333,0.009952729,2
1597.630594,22.57746872,360.7045475,722.2097249,75.59672092,9.416988252,64.31344683,-0.065176414,0,0.007468258,2
1862.644849,21.2584825,395.9700292,721.7868026,77.22384761,9.497277982,64.9211958,-0.120961701,0,0.007601127,2
3217.051943,62.10137238,1997.833407,703.0133579,34.56478057,20.44002858,71.92287029,0.600262588,0.8,0.016265325,2
3064.439019,42.48237692,1301.846534,986.0783876,57.10476417,18.39717974,85.87637067,0.898194744,1.266666667,0.009213322,3
3244.74065,68.40444457,2219.546819,717.7572415,27.6982908,21.66987314,73.84205135,-0.51550882,1.533333333,0.016439198,2
2156.608169,56.79831089,1224.917012,798.9959666,41.19747167,16.27482147,70.66711165,0.050922894,1.6,0.010662178,2
1887.374738,42.68414174,805.6097085,766.821109,52.53701956,16.41791244,63.58110987,-0.499313435,0.066666667,0.013872126,1
5181.228389,19.03891848,986.4498492,942.5843974,80.07352862,17.23744868,195.1273656,-0.961175097,1.466666667,0.010847328,1
1825.104798,15.78863353,288.1591081,800.5897251,83.52226409,8.786078929,107.4535377,1.927497124,0,0.005366673,2
2876.4503,63.40484592,1823.808881,679.007183,32.67274793,18.36388685,81.76603759,0.109271854,0.933333333,0.015933543,2
6690.308783,15.89791956,1063.619909,998.4402164,84.03480387,17.72211031,184.3236447,-0.521485883,1.8,0.006908363,3
4590.755213,20.84945572,957.1474756,891.9648705,78.49571227,16.32647204,121.5017869,0.058178009,1.6,0.009662325,2
2414.049753,22.54510174,544.2499729,941.4432857,77.33530674,11.75967616,78.73581953,-0.390028434,0.133333333,0.004555396,3
4096.393521,33.69632078,1380.333901,607.0881878,60.63168503,18.87074785,172.1538797,1.275069152,2.133333333,0.024561125,1
1039.024194,54.78988555,569.2801668,571.6417063,41.66696942,8.845725471,46.24176084,2.479975465,0.133333333,0.008893423,3
10531.86053,14.10292664,1485.300564,1003.036344,85.81489652,22.21280328,189.4473225,0.462312822,4.133333333,0.008692679,1
5167.720343,34.69955143,1793.175778,683.4359849,61.11530288,21.31473926,126.1602725,-0.0427665,3.666666667,0.019211532,2
6989.944866,15.59062388,1089.776013,943.3335104,83.92889659,19.09631038,169.8119418,1.607989611,2.466666667,0.010555671,3
3309.339932,44.90264335,1485.981107,814.5808092,54.52142068,15.39452088,80.67926679,2.229059556,0.133333333,0.00817573,2
3825.839186,18.71589429,716.0400179,892.2648579,81.06303745,13.67182829,95.13877129,-0.06888999,0.133333333,0.006818135,3
3601.451207,46.17733304,1663.054118,928.0148967,52.982625,21.46784157,97.00822786,-0.280142012,1.8,0.012362254,1
2547.873675,57.46167614,1464.05092,807.7335737,40.42466309,19.1966896,64.22357855,-0.016556029,0.4,0.013321417,2
3152.262336,39.32916426,1239.758432,922.5079546,60.10043527,17.81931156,95.32137497,-0.22665697,0.733333333,0.009600761,2
8616.540664,7.506479582,646.7988656,1141.783895,92.08037854,18.50678829,381.6870277,-0.485800783,2.733333333,0.015611867,3
1142.280082,48.43064264,553.2135843,750.9472468,42.32600911,15.10736056,46.78426586,-0.376161875,0.2,0.014417748,1
4202.812253,50.5749684,2125.570969,1026.370326,49.29274758,22.27245243,91.82185757,-0.454823673,2.933333333,0.009874371,2
5275.602955,13.63535443,719.3471611,926.9227374,86.11244987,14.63623372,153.0257693,0.287157332,0.733333333,0.006991058,2
4602.629311,16.8628585,776.1348681,592.8358286,77.54360835,16.81855116,175.4649177,1.482928869,1.333333333,0.024431684,1
3006.942317,27.99704375,841.854956,900.5053294,71.4402228,14.3123151,111.6702523,-0.629895681,0.333333333,0.007600015,3
5328.660487,10.64524439,567.2489314,891.0159291,89.02659725,12.68312632,378.0353055,-0.647540671,0.466666667,0.008845035,2
3425.752921,67.96736249,2328.393906,724.4500098,28.66835273,21.96889908,72.51085624,-0.49854909,2.266666667,0.016327415,2
2437.088987,25.40519335,619.1471693,783.1629292,73.92510006,11.18987244,73.18613181,-0.266282571,0,0.006545279,2
7557.663465,12.82269448,969.0960959,1016.260842,86.87240318,17.89832636,318.1931569,-0.732485869,2.266666667,0.009041482,3
1213.497025,19.69726548,239.0257305,850.9888181,79.30890457,8.501305156,56.63934303,0.287329807,0,0.005423865,2
2871.810876,22.10434228,634.7949058,893.7995762,77.77247951,12.7990553,70.17025603,-0.386377496,0,0.004602314,2
3778.482711,32.57975445,1231.020389,867.7181294,66.38526538,17.78957728,89.05375804,1.156250548,1.6,0.011127801,1
1253.336614,19.7803603,247.9144981,842.1666057,78.71015807,8.647677341,53.34265537,1.138880926,0,0.005913388,2
3006.298705,32.94416414,990.3999799,643.0063291,59.83726717,17.66309277,127.9709683,0.082673982,2.066666667,0.022975168,2
5080.718079,15.19003466,771.762837,826.8545362,83.9711071,15.35996358,117.2423098,5.552998469,1.266666667,0.010905806,3
2876.035313,27.8382614,800.6382282,881.7300504,70.83856002,15.61154876,84.65695397,0.736674988,0.933333333,0.00993582,3
760.8762944,41.4060343,315.0486994,728.758561,52.78628461,10.16617981,39.48767979,0.579259705,0,0.008915084,2
4359.73399,46.74730338,2038.058075,988.4221644,53.05556613,22.79029964,114.8613158,-0.359658774,2.4,0.011283258,1
3292.929662,35.92419895,1182.958603,815.6888086,62.82464219,16.92705973,88.41734445,-0.046316957,1.333333333,0.010712932,2
4813.116019,62.92313986,3028.563724,775.6613285,34.6169167,26.02516323,89.36626241,-0.748812765,3.6,0.017997608,1
3250.276822,39.12999999,1271.83332,975.8177462,60.70379614,18.38782678,98.26064125,0.329947193,1.333333333,0.009130862,3
1823.614684,33.61920292,613.0847212,853.7853297,65.78315232,11.79196512,112.7907987,3.985518251,0.2,0.006244257,2
3088.795363,33.60931194,1038.122869,745.7864096,65.46256214,13.24799116,86.84344509,0.228480577,0.4,0.008146614,2
3237.41165,25.10817822,812.8550867,953.6889755,74.56689836,14.49504978,97.43568592,0.2167921,0.4,0.007173327,3
4424.166327,20.13471297,890.7931912,939.1793731,79.72581952,15.50012568,127.0360745,-0.370507621,0.4,0.006558105,2
2486.79563,20.17195015,501.6351747,921.6811844,79.57637646,12.04588938,78.28485291,0.218445811,0.133333333,0.005889388,2
1994.308152,26.54133236,529.315955,881.8813226,73.20950891,11.09263825,62.34438699,-0.395568423,0,0.004618853,2
2782.809731,33.27157868,925.8847292,790.8003593,65.8253434,13.66571124,73.16659947,0.96324721,0,0.008115238,2
3044.538259,22.48109948,684.4456747,876.0078566,76.177296,14.35619232,87.33841782,0.456351995,0.933333333,0.009671737,2
3294.741989,18.62835198,613.7561346,880.7340385,80.8761736,13.0398301,99.14102996,0.098470008,0,0.00707758,2
6563.612381,30.241332,1984.923811,994.8415374,69.69974224,22.76592498,127.4972327,1.975422648,3.066666667,0.009507447,1
3898.822943,30.47751421,1188.264317,944.2303445,69.31517284,16.95008946,141.9247258,-0.642369998,1.266666667,0.0069153,2
6021.557897,8.201797759,493.8760007,1044.193652,91.01758018,15.32697598,387.1911134,-0.84835475,1.2,0.01117589,1
2825.578088,57.94225821,1637.203752,828.992386,40.47540654,21.5200519,68.43606943,0.422564148,1.666666667,0.014585665,1
4384.334828,25.18747671,1104.303313,894.8878272,74.11637504,17.49711491,110.5409126,1.283783512,1.933333333,0.010384219,3
3068.301033,14.556486,446.6368103,769.8815496,84.01152412,12.06363771,152.3206332,0.597376891,0,0.009147163,2
1485.414491,39.20359748,582.3359181,808.5834998,57.54995462,13.6793627,52.70857019,0.333768964,0,0.010421456,1
737.2759764,37.18317187,274.1425935,747.7645863,59.35593775,8.311813684,63.51661069,-0.754573168,0,0.006973586,2
5200.926081,20.9503113,1089.610204,1056.7629,79.00027548,18.29446586,166.9571664,-0.835246539,1.333333333,0.007057691,1
3031.930993,25.11541607,761.4820837,767.3296539,73.0624712,14.17826989,141.3533657,1.154682132,0.666666667,0.010761823,2
2382.034698,26.67917482,635.5072012,955.9808573,73.21310829,12.89966689,76.59441786,0.270476392,0.2,0.005463988,2
7791.216797,13.19464995,1028.023783,911.1410928,86.55495925,17.06463826,262.9969733,0.389977392,2.066666667,0.009046439,1
2141.736532,59.30312834,1270.116764,807.5961907,38.35168268,18.63595489,62.75059693,-0.213140198,0,0.013176158,2
1862.93641,38.29339384,713.3815764,800.2862093,60.42348014,12.4404263,70.72274703,0.343913505,0,0.007885862,1
3538.160928,65.0182095,2300.448884,719.8225606,31.2138769,22.01904085,71.50064203,-0.094260188,2.2,0.017062361,2
1180.925031,31.20036913,368.452969,767.2559188,66.97680703,9.180961377,45.85508011,0.743020219,0.066666667,0.006536559,1
806.8561993,31.03030093,250.3699068,780.8246852,64.97459534,9.076720507,44.94519496,0.299926785,0,0.007377601,1
9464.085862,13.78887335,1304.990814,812.7478311,84.87590748,20.60200275,226.4740218,1.216367766,3.333333333,0.016261091,1
1850.21659,17.6924543,327.3487246,645.9869938,80.20679412,8.829251467,103.3829865,4.878352758,0,0.009006847,2
2337.177264,34.75335759,812.2475721,787.7867418,63.81414681,13.93870321,93.63660852,0.380149725,0.6,0.0094423,1
943.0485144,42.26826656,398.6102598,748.8089591,54.89808953,9.631728175,64.79020655,-0.686252893,0,0.007426381,2
3065.479091,24.03462213,736.776316,870.5234889,75.28189664,13.99835598,77.14141208,0.357288381,0.333333333,0.007957673,1
5362.950935,23.5184129,1261.280945,643.4631402,75.15062094,15.7787701,139.0189717,-0.436277703,1.4,0.022224159,2
2398.59632,27.41048073,657.4667821,776.2751713,70.8485467,12.95005044,98.86899934,2.23012385,0.266666667,0.009273622,2
2977.501401,25.24985941,751.8149176,734.0487079,72.25908446,15.35725423,93.61511635,2.022713033,0.2,0.012549591,2
1065.805671,32.60572803,347.5136983,900.5063021,66.40034041,10.19608729,46.40358681,0.208006574,0.066666667,0.00631174,1
3419.878825,31.70489684,1084.269054,710.345946,64.61995086,16.96800097,81.86673158,6.917538026,2.066666667,0.01511974,2
1256.234814,19.32656711,242.7870644,831.878764,79.15532674,8.683710328,56.30475815,1.144042338,0,0.00590022,2
3380.140427,40.49488635,1368.784024,1014.296566,59.29169538,18.61308971,157.1575308,-1.17674799,1.466666667,0.007638138,2
3714.333074,34.89073606,1295.958149,764.6447246,62.54764808,17.87305803,120.3566161,2.196774517,1.2,0.014380948,1
3449.191632,69.23532115,2388.058904,727.2313139,27.49896736,21.67418992,76.55888707,-0.47525671,1,0.015712898,1
1068.901242,28.74629796,307.2695358,780.2547809,70.21736406,8.075748198,62.60224011,-0.721509058,0,0.005144667,2
1971.72254,34.25833395,675.4792924,855.5848395,64.53464788,13.41386276,59.57070166,0.094437542,0.133333333,0.00843055,2
748.9640439,46.97385349,351.8172727,789.1949751,49.74601907,11.04284153,47.94841399,0.27395261,0.2,0.008420658,1
3776.662249,59.79547431,2258.273105,903.6752338,39.36961291,22.50308705,89.57957859,-0.307397949,1.466666667,0.012695978,1
4446.120503,26.28726025,1168.763268,889.3369466,72.95247837,17.83218944,109.9603782,1.184689601,2.066666667,0.010538818,3
5999.757628,9.883160465,592.9656739,809.0466761,88.32729215,16.54409084,294.0263298,1.936548302,1.733333333,0.018350621,2
750.1602184,36.0182116,270.1942948,822.3437474,61.08037798,8.797327743,49.27376306,-0.643791982,0,0.006456133,3
2488.382494,37.65921892,937.1054109,798.0074048,60.7278875,14.08006368,62.37916468,0.154329009,0.466666667,0.009086998,2
1930.216216,18.05495611,348.4996906,650.5456766,79.50118034,9.08214765,103.6570202,4.415684954,0,0.009268993,2
931.5787096,42.07909702,391.999909,783.2633298,53.66816737,11.39686473,51.72441683,-0.074204807,0,0.009471239,1
2425.530077,51.81842112,1256.87139,704.3242569,43.08475626,17.38021053,71.40890329,2.916423659,1.8,0.015878869,2
6450.936666,17.78255826,1147.141571,1019.433967,82.14084132,17.83672851,179.5286666,-0.365222389,1.866666667,0.006807913,3
11472.7929,7.812981536,896.3671906,886.8161372,91.3983707,18.89728627,294.8678789,0.969952679,2.4,0.012717901,1
2255.540795,26.71612512,602.5931009,878.1256428,72.49893666,13.32191417,80.06636854,0.17174747,0.333333333,0.008059965,2
1241.921391,62.41188567,775.1065586,792.4866744,36.22331612,11.58491421,47.90972562,0.030333225,0.133333333,0.006660189,2
2159.833984,19.40188039,419.0484061,923.8509504,80.38410602,10.82263755,68.39348191,-8.15e-05,0,0.004928645,2
1038.555933,45.43027632,471.8188302,900.4769726,53.63879099,10.26992273,79.94027166,0.274512748,0,0.006059428,3
2695.293386,19.99207943,538.8451945,829.0362515,79.46473073,11.44382169,122.3483741,-0.847021398,0.133333333,0.006802092,2
4240.038468,40.41192729,1713.481263,1067.529343,59.55520232,20.76956658,100.8526347,0.903221426,1,0.008505214,3
1451.869248,46.12067983,669.6119674,839.1459267,52.3084503,13.63816528,59.66567409,2.01403968,0.266666667,0.008588943,2
2091.395321,33.53857423,701.4241721,861.4367281,65.26379455,13.95116565,61.46595558,0.272365519,0.533333333,0.008865686,2
2369.26256,35.23322768,834.7676722,908.1810821,63.76116466,14.33543812,108.2451126,-0.657594413,0.733333333,0.008382324,3
2372.288845,24.48486533,580.8517289,961.5502919,75.43070621,12.20320375,65.54907642,0.252467573,0.2,0.005247885,2
2901.404572,61.86563879,1794.972472,670.1312238,33.75742435,18.94799287,78.33764468,0.639020624,1.066666667,0.016971844,2
2935.186332,22.55217725,661.9484242,902.4573152,77.36836145,12.37172818,69.39373724,-0.340950765,0,0.004261058,2
658.6106439,42.12994081,277.4722744,723.8824156,52.2321128,8.939407466,39.85133407,0.295638318,0,0.007725662,2
3968.771697,33.54658038,1331.387187,761.7772496,63.84159883,18.34136632,123.4030474,1.871121035,1.4,0.014837996,1
2136.231004,25.2349378,539.076565,834.7776719,72.724906,14.28858405,81.1206175,1.867493862,0.666666667,0.010943955,3
709.0389811,41.07160806,291.2137113,727.530323,53.35847142,9.82264847,36.79251034,0.468769306,0,0.008912104,2
4382.559366,19.2928787,845.5218623,792.6480296,79.38937305,14.90483497,222.3544442,1.614023472,1.066666667,0.011813909,1
2605.100458,62.95320967,1639.994354,678.4140328,32.96166702,18.07318502,62.35260441,0.040828546,0.266666667,0.015131458,2
6099.935481,7.946098462,484.7068795,948.387192,91.48175464,15.4008591,369.7225905,-1.192750074,1.6,0.014381324,1
2161.57799,57.66911429,1246.562881,797.5229071,40.40557485,16.15047482,69.37942615,0.122290917,1.6,0.010778117,2
5346.029945,13.16294387,703.694921,628.9030126,82.79726527,16.98699102,193.2542769,0.532923006,1.466666667,0.023795976,1
3806.838431,41.72942716,1588.57187,998.9325016,58.0604406,21.1590299,97.60327303,0.793794271,1.133333333,0.010473887,1
4098.758456,19.57572178,802.3615517,922.1193985,80.34342789,14.19788816,90.10163711,-0.416678073,0,0.004956139,1
1420.139641,61.05546025,867.0727938,789.3969615,37.75358749,11.87841951,51.32670469,-0.210283812,0.133333333,0.006705183,2
2002.537509,20.27079023,405.9301778,1032.348362,79.68879996,10.98078101,78.68499415,0.440559753,0,0.004080951,3
6080.544149,13.84018053,841.5582875,1002.976357,85.88724875,16.51886319,231.004774,-0.761592093,1.866666667,0.008327094,3
4602.030563,22.34906892,1028.510982,891.9099398,77.31250481,15.82752811,107.0736198,-0.468339234,0.866666667,0.008117786,2
1572.838042,37.09023693,583.3693563,732.7063045,60.39421163,10.97902607,73.19482859,1.872220954,0,0.00919073,2
3683.237064,69.36941298,2555.03993,735.6918675,26.90090699,23.27914323,78.83064395,-0.679407171,2.066666667,0.017398205,1
4828.395936,16.43983631,793.7803881,575.3315404,78.02639754,17.31574591,149.5558099,1.072412529,1.466666667,0.025291107,1
2329.446967,22.5274768,524.7656251,867.9779446,76.372428,12.9060675,75.12305181,-0.148904404,0.066666667,0.007947613,3
885.7620096,46.22357165,409.4308372,737.3841923,48.36344938,10.13034117,53.04400221,-0.775113391,0,0.009077382,2
2718.141349,47.88633872,1301.618374,742.8438699,49.68154998,16.31352609,94.89300658,4.002343812,1.266666667,0.013443037,2
1938.196337,47.08222128,912.5458882,861.0039925,50.92250418,16.32262509,67.06619645,1.883402594,0.533333333,0.010831419,2
750.5957219,41.96745959,315.0059563,729.8217402,51.7843874,10.14249235,39.59776835,1.094004329,0,0.009559503,2
1180.578276,32.8446511,387.7568158,816.7814147,65.29704528,9.797151991,52.30650348,-0.338236806,0,0.006791624,3
1912.712295,41.04947764,785.1584059,775.6479126,54.75076207,15.95181655,68.91060168,-0.47150845,0,0.013387569,1
1870.090217,16.25605256,304.0028486,640.8619577,81.56662501,8.805464947,103.0053317,5.449547368,0,0.009016366,2
5472.328939,10.94159778,598.7602216,811.5174623,87.50611598,16.22634241,289.8769415,2.130679755,1.533333333,0.018037665,2
1331.921413,55.07026079,733.4925958,779.2014612,43.97318228,10.98448412,48.86207023,-0.278736893,0,0.006113106,2
2555.878334,36.84506218,941.7149613,834.8786407,62.58011739,13.99735716,81.73269842,-0.230563515,0,0.007655902,1
1488.416702,38.72816125,576.4364205,868.4053265,59.36763176,13.77215362,55.55145718,-0.36693562,0.133333333,0.009676449,3
1761.670054,25.75215331,453.6679733,766.2991859,72.57712693,10.55155766,54.46627625,0.468215335,0.2,0.007600771,2
9387.397129,8.647639594,811.788271,1058.989523,91.26749055,18.35989194,196.3709088,0.161829939,2.4,0.007016425,1
2306.312723,60.0177315,1384.196577,799.1247952,37.30899106,18.75489929,69.53877063,-0.110769191,0.533333333,0.013197036,2
4147.68011,45.64118018,1893.050153,982.0293442,54.17715958,21.9122076,115.6012744,-0.16737828,1.866666667,0.010709735,1
2220.079042,57.43513028,1275.10529,804.8953681,40.03406778,18.54780034,67.05275352,-0.169359473,0.266666667,0.013284725,2
3693.014333,24.97518733,922.3372476,907.824366,74.85948556,14.86269394,113.8981463,0.370094422,0.8,0.006055611,2
8930.837646,11.31212248,1010.267293,1040.053878,88.61059852,20.16179779,206.6831936,0.256587594,3.666666667,0.007679255,1
2050.408051,22.37704196,458.82067,716.5833003,75.974359,9.694231854,131.1203891,5.261080691,0.2,0.007179588,2
2325.265591,67.52635252,1570.16704,842.2284327,31.35869555,19.24748999,59.90182883,-0.586379499,0.266666667,0.011912061,3
3716.029353,19.86915671,738.3436955,1057.791239,80.09274173,14.7208598,136.655463,0.234052746,0.466666667,0.005047686,3
3852.701994,20.25300813,780.288048,933.8140846,79.6140762,14.34618546,111.3886748,-0.054172596,0.6,0.005751611,3
2341.073382,55.55028959,1300.473043,703.5175117,39.64882153,16.71980485,69.64960615,3.294972551,1.466666667,0.014815036,2
2375.730439,22.70643898,539.4437824,951.8333569,77.19403461,12.16549262,59.48218553,0.208176393,0.2,0.005464617,2
5833.471881,5.796956597,338.1638331,1261.828934,94.16638777,15.80478648,282.7804398,-0.557447151,1.2,0.004888162,3
5009.99123,17.12941155,858.1820166,927.1546803,82.62585242,14.94606344,146.8717047,0.72980567,0.733333333,0.00746027,2
1406.428438,45.58588554,641.1328577,728.592573,49.37300141,12.76254975,73.64965793,1.285145843,0.066666667,0.011650051,2
982.215902,39.95908467,392.4844839,748.512157,57.21235247,9.7803174,64.41155228,-0.653103106,0,0.007621328,2
2536.470477,30.33956434,769.5540924,782.1327041,68.76743525,13.9841129,112.0341986,10.85636827,0.733333333,0.009566212,2
953.1496052,52.06342435,496.2423236,915.9715324,47.13109639,10.65079975,86.73141623,-0.814282724,0.2,0.006021995,3
2880.146057,25.08822683,722.5775759,878.6858676,74.70335485,13.28821299,76.55602257,-0.17494743,0.266666667,0.005742847,2
2141.561624,50.28242019,1076.829014,860.3873992,47.8982777,16.70448799,68.70262278,1.611210342,0.8,0.010715686,2
1044.278996,49.72093016,519.2252304,684.6046546,47.74769685,9.185390971,47.5435036,1.684821038,0,0.007015428,2
2442.571367,22.79497957,556.7836441,924.1540292,77.04316467,11.95206757,83.69847749,-0.644080555,0.133333333,0.004838586,3
4138.866726,27.12710196,1122.754597,933.898653,72.73565822,16.26202092,127.9950958,-0.608441963,1.066666667,0.006759265,2
3289.675592,18.88688568,621.3172685,764.5525421,80.56066101,11.12265548,113.9566951,7.232915894,0.333333333,0.006511654,2
2957.221086,35.40802859,1047.093688,794.5079777,63.82590573,13.77011078,71.47829914,2.262057784,0.133333333,0.008223089,2
1439.72612,26.96591245,388.2352851,760.3868096,71.27695972,9.561429569,53.92536315,0.829651988,0.066666667,0.006994155,1
1557.468684,49.66479448,773.5136212,709.1661689,43.90749901,16.56226867,64.00773382,2.582231269,1.2,0.015731225,2
797.6407749,41.86417583,333.9257365,730.9005984,53.10636463,10.22279978,41.27134426,0.76679363,0,0.0090437,2
2527.059075,19.78785541,500.050796,954.7827451,80.11620993,11.45884292,64.11425743,-0.136365417,0.2,0.004787381,3
8041.580153,10.7060194,860.9331315,745.1673277,88.19425405,15.93793166,199.7934837,0.657860106,1.533333333,0.01526302,1
4503.696664,70.33067614,3167.480315,763.5068087,27.08572756,25.30083544,87.24771299,-0.914966835,3.933333333,0.017297518,1
1439.897579,34.6125424,498.3851598,836.4112187,63.06374406,12.77812152,59.98280041,0.44749462,0.466666667,0.008660357,3
1298.232155,27.15784471,352.5718725,769.1479618,71.16031126,8.991771835,51.63161471,0.526818011,0.066666667,0.006318561,1
1593.313464,24.87299748,396.3048178,732.4543594,73.28405166,9.613963969,63.76062325,-0.270452306,0,0.007265814,2
3761.642173,31.22267032,1174.485134,1108.180186,68.72526747,18.52229288,157.3075306,-0.174921583,0.933333333,0.006637447,3
3301.718483,13.19120262,435.5363751,778.560992,85.58021863,12.12877298,153.5252803,0.2950815,0,0.009094785,2
1546.564565,28.66546024,443.3298505,813.1634351,69.66319599,11.88895663,80.53400026,-0.179089969,0.066666667,0.008404969,2
1836.927011,48.66314307,893.9064197,840.8388377,50.83661937,13.06201207,59.64604364,-0.428099324,0,0.006685886,1
2412.371187,67.25585603,1622.460892,825.8035756,31.49411217,20.70708253,57.6482815,-0.086180265,0.466666667,0.013652446,2
1064.556049,32.77848897,348.9453871,829.9223102,65.03659521,9.676292247,49.61890996,-0.374225467,0,0.006868612,3
2348.418224,49.14587742,1154.150742,832.7105548,50.47525996,14.3383609,66.29000965,0.098703051,0.2,0.00721372,1
1943.668772,36.06216711,700.9290807,793.8308631,62.87522875,13.44181222,65.57973805,0.136971142,0.133333333,0.009035458,2
799.2414948,40.66834836,325.0383154,780.2587151,57.04346382,9.818398323,47.48772098,-0.442262657,0,0.0071407,1
1798.235643,20.70254213,372.2804916,616.3335264,77.43323683,8.921425733,72.24800557,5.774184868,0.2,0.007464042,2
2394.501161,40.23137971,963.340854,804.0859463,58.30165365,14.12082742,64.30118298,0.166422623,0.466666667,0.009105451,2
5624.024496,20.14860774,1133.162635,649.9577982,78.48688212,15.78271834,140.1454224,-0.430234603,1.4,0.022299932,2
2159.745167,31.13618319,672.4622116,903.8310188,68.71346392,11.59037923,106.8809979,-0.948725247,0,0.004588755,2
3984.723567,20.47474336,815.861924,926.6140534,79.44311855,14.20319091,92.26379839,-0.285015081,0,0.004900426,1
2797.54368,64.81582421,1813.250994,835.9094193,33.1849339,21.37160131,72.73975083,-0.368380179,0.666666667,0.013732464,2
3313.953195,32.04660496,1062.009489,839.0518621,67.63417013,14.88171663,114.8873479,-0.81175819,0.133333333,0.00772851,1
1178.518357,31.69176115,373.4932229,723.9417883,65.89123724,9.011972279,54.84510753,0.400756251,0,0.007141251,2
4404.372376,70.33279462,3097.718177,759.5766593,26.94298686,25.56159832,89.4024547,-0.585645118,3.733333333,0.01824396,1
8875.268248,7.97839636,708.1040789,1108.1103,91.81299895,18.74046876,296.7526631,-0.52164626,2.466666667,0.008960706,3
2943.391982,27.60546915,812.5371655,888.099775,72.27758882,13.31780737,78.51153629,-0.402859353,0.133333333,0.005071838,2
3584.187824,48.45286763,1736.641782,1004.353201,51.14387197,21.25420173,94.72945889,-0.885387232,1.533333333,0.010919208,1
3810.607442,69.3636259,2643.17549,759.497412,27.65339027,23.26910144,82.9417461,-0.736853434,2.066666667,0.016290274,1
3253.165861,15.31100982,498.0925443,812.7400889,83.79328957,11.82993247,75.78065873,0.060378962,0,0.007471177,2
2540.586149,19.04271467,483.7965712,956.7654715,80.84836082,11.60240923,64.739541,-0.184472267,0.2,0.004785214,3
3761.992512,61.59299808,2317.123976,899.0949386,37.50945871,22.76999629,92.03889967,-0.383016031,1.6,0.013116757,1
1303.296814,34.89273584,454.7559146,828.0159292,63.2844373,12.21953726,67.79132885,-0.042840324,0,0.008521265,2
3340.445243,37.83348335,1263.806795,973.4352089,61.97135562,18.42733233,100.5442725,0.284417825,1.333333333,0.009080926,3
3978.534019,25.40084356,1010.581202,703.1152772,71.75392169,16.5037476,124.4912679,0.650941611,1.6,0.017878203,1
779.3690492,44.97572191,350.5268562,728.4141009,50.01029857,10.01707461,38.36282875,0.612174792,0,0.008658056,2
2997.264947,49.0563055,1470.347449,807.2164,49.89761655,16.1414312,80.27060046,0.348232627,0.466666667,0.009628616,2
2874.464829,24.80672967,713.0607193,905.2822603,75.13412874,12.61589118,73.38333255,-0.348975269,0.133333333,0.004436123,2
2939.755785,15.14790369,445.3113751,746.017723,83.15912265,12.05805234,132.9672906,2.357126119,0,0.009313354,2
3611.913231,70.18553789,2535.040729,729.4667042,25.5825613,23.86662805,78.21171294,-0.465362183,2.266666667,0.018416157,1
5157.119475,40.00066275,2062.881969,1131.230779,59.9739439,22.93294768,151.3626455,0.764041516,3.066666667,0.008291912,1
819.5801624,41.33942812,338.8097521,798.1792182,56.55054024,10.2526689,45.49104702,-0.261313761,0,0.00740607,1
2115.427123,41.74311995,883.0452816,647.5763246,52.20230931,14.60643489,112.6745215,0.207961319,1.266666667,0.020615328,2
5502.755073,10.2014767,561.3622768,739.8786052,89.5016377,11.28638612,242.4018285,-0.87505839,0.933333333,0.006571607,2
1278.844505,56.77156334,726.0200181,774.4794854,41.98684581,10.98823105,43.83554193,0.103217287,0,0.006294694,2
1506.569298,31.37216228,472.643365,751.2076069,67.49357198,9.818049916,70.12155224,-0.117642513,0,0.006706011,2
3418.283132,49.45580376,1690.539398,757.1719774,48.75408161,17.42134899,105.7510812,2.54345508,1.333333333,0.013344593,2
466.4783653,48.88582755,228.0418092,780.6811543,47.41959827,7.405729162,47.73190157,0.610593069,0,0.005765996,2
3196.835918,37.37510338,1194.820729,583.9533384,51.34401455,18.82080302,124.0804585,-0.517004629,2.333333333,0.024910743,2
3054.681615,22.83086323,697.4101816,868.9399054,76.88244099,12.3552319,97.61177178,0.997283601,0.133333333,0.005778302,2
1860.256478,22.65692598,421.4769332,612.8888867,75.52822334,8.612271948,71.16352225,6.718136967,0.2,0.007588502,2
1874.197298,33.34551179,624.9606809,808.2762742,63.07090395,14.78341263,60.1664569,-0.183607337,0.066666667,0.011833216,1
8163.476661,21.16803922,1728.047941,973.4207558,78.74304072,22.14446646,152.6045326,1.250352971,3.8,0.009129109,1
1460.952552,37.62103704,549.6255006,964.1545055,62.19183511,12.33084571,50.78675895,-0.105243434,0.2,0.006002734,2
2853.981933,65.61669583,1872.688644,699.8107616,29.87192026,20.37741799,68.28744404,-0.356672779,1.066666667,0.016417871,2
3470.82306,21.86550478,758.9129819,931.4484457,78.05887079,13.65096828,77.22616764,-0.497408209,0,0.004727742,1
5494.660219,16.88063202,927.5333723,888.7788074,82.61519533,16.33092829,138.9025183,0.112601748,1.6,0.009360552,2
2154.890484,36.63752197,789.4984745,786.068223,62.36399784,12.35119635,69.86898937,-0.198875883,0,0.007605054,1
5783.753845,27.73284974,1603.999763,746.0940038,68.80088663,20.89825248,245.3659918,3.35272318,3.533333333,0.018825618,2
1078.174832,61.03867731,658.1036563,571.6614869,35.4888665,9.085140909,48.37765043,1.945446852,0.133333333,0.008916063,3
3160.211776,31.01433887,980.1187893,791.028914,68.19717438,13.83410681,73.4356374,0.919175713,0.066666667,0.008123237,2
4382.682393,21.8761752,958.7632785,892.8808213,77.74030189,15.76722117,107.0756674,-0.460685301,0.866666667,0.008110987,2
1601.808285,37.73278137,604.4068181,965.7817878,62.09140021,12.25721857,58.21467407,0.455646591,0.2,0.005988935,2
3438.224867,60.11806089,2066.994119,852.2588371,38.71866163,21.99335042,90.5182024,0.052239063,1.2,0.013728604,1
2019.657753,21.25049837,429.1873378,852.2629879,78.1687389,10.70996276,71.03651339,1.466615941,0,0.005743711,2
5069.129033,29.26491305,1483.476204,635.5481185,66.7904166,18.50951123,172.0115056,0.346112306,2.133333333,0.02313204,1
2116.428636,26.755907,566.2696773,883.4367984,72.99549378,11.38305277,64.34845919,-0.382490651,0,0.004519554,2
4202.905161,67.3956788,2832.576463,753.1188057,29.87030672,24.3125779,80.7688345,-0.724836349,2.666666667,0.017223863,1
1176.895208,47.98381331,564.7191996,749.5728837,42.49529483,15.23962576,47.46416604,-0.362609808,0.2,0.014554896,1
2331.889115,41.67258468,971.7584661,738.5038986,56.18219502,13.78887892,106.3906524,2.860869283,0.2,0.010366831,3
2474.889976,59.25578887,1466.515579,808.6959071,38.63059065,19.24549233,63.89558669,0.029482922,0.4,0.013277777,2
4934.288102,44.21309367,2181.60142,1044.77635,55.69346735,22.90942651,99.19740582,-0.450046569,3.066666667,0.009189239,2
804.5450621,35.6093757,286.4934738,728.3493086,59.29759881,9.657812427,43.73292839,-0.106640424,0,0.008824968,2
1678.102324,42.19680287,708.1055294,834.6659876,55.0099551,14.52089074,74.18892993,0.447315112,0,0.010598451,3
8893.751922,8.366605553,744.1051422,1063.071882,91.56716068,18.54406582,196.4871994,0.163505353,2.6,0.007087615,1
2996.409044,25.41677288,761.5904815,882.5837076,73.94762163,14.10581077,96.10161907,-0.408793598,0.2,0.007739728,3
1670.474641,26.0017902,434.3533116,774.972879,73.06527792,9.798034412,56.77664706,-0.396868271,0,0.006022217,1
2812.406145,43.10619001,1212.321137,797.135615,55.21190966,16.60818799,78.05798083,0.61898457,1.466666667,0.011425275,2
2426.213574,40.64222579,986.0671989,805.5470493,57.86052429,14.29778521,63.55321457,0.195892721,0.6,0.009118054,2
3194.755028,33.48576344,1069.788111,819.3050989,62.77465555,18.61501701,124.3941948,-0.540129663,2.2,0.015854868,2
3122.077643,52.21019107,1630.042703,915.3088982,46.84360562,21.18238287,87.10647172,0.095930568,1.533333333,0.01258532,1
2782.683633,23.65214985,658.1645028,840.9351287,74.51879887,13.63355286,189.8165352,0.102625324,1.266666667,0.012516995,1
3606.246898,43.62642182,1573.276484,983.8547142,56.17917087,19.99088979,101.0534279,0.180410541,0.466666667,0.009789431,1
766.9964883,41.83753378,320.8924149,795.3481359,55.91534854,10.13929907,47.56536237,-0.443251707,0,0.007275586,1
2822.811407,42.36927061,1196.004604,782.3398128,56.7449894,14.1016762,70.96511425,0.300748976,0.2,0.008256701,2
3700.022389,37.10737837,1372.981308,644.5096672,58.6680667,16.59998767,114.8370283,-0.164894347,2.333333333,0.018343628,2
2993.704758,26.69984145,799.3144239,923.0939656,73.21353227,13.3439771,78.83606576,-0.457382631,0,0.004809693,1
1763.914055,39.59151599,698.3603151,886.111263,59.86869266,12.20000756,143.3913007,1.032893947,0.2,0.006201834,2
1773.722608,23.9997083,425.688252,759.6029439,74.3903703,10.00475786,59.51632714,0.579045979,0,0.007188746,1
5381.089136,18.3201218,985.8220841,756.110159,79.62740893,16.43859129,172.9173847,3.440694914,1.6,0.016419937,1
5746.418329,9.676096474,556.0289814,805.9960164,88.6429455,16.36025673,294.3586798,1.977533666,1.733333333,0.018289319,2
4010.148844,32.86550274,1317.955578,807.2294392,66.20282351,15.96676035,136.7523336,0.174925149,2.066666667,0.011005801,2
5242.889402,36.81164106,1929.993627,1030.638448,63.10875233,21.99365043,103.5031507,-0.092092944,2.666666667,0.008941924,2
854.9926029,58.29096031,498.3833988,694.5547071,38.5756633,9.073373759,37.58785598,0.661896209,0,0.006938768,2
3936.324602,30.75331945,1210.550479,1073.49698,69.22856341,18.09192401,88.54336856,-0.065525591,1.133333333,0.006836433,1
3317.279132,30.39319764,1008.227203,741.6499319,68.61132741,13.9662084,91.93890631,0.174850594,0.6,0.009000642,2
4263.947402,19.8931823,848.2348298,945.2698605,79.99331292,15.36993643,116.5972453,0.033984114,0.4,0.006434994,2
2315.472196,30.43917813,704.8107062,806.9845396,68.69508633,12.45855481,100.4049975,0.175645449,0,0.007584136,1
3367.854567,41.37571391,1393.473871,939.4513932,58.06404894,20.49407124,72.56516049,0.218773703,1.333333333,0.011820806,1
5916.307852,13.10970873,775.6107272,975.8304454,86.25303393,16.7017349,302.4961124,-1.083226602,1.6,0.012867209,1
1925.078822,39.91238635,768.344897,801.344907,57.17411669,15.06407196,69.15124704,-0.19349693,0.4,0.011001054,2
5612.111069,17.87299897,1003.052553,874.463693,81.35311458,16.54556805,242.5731829,-0.531409866,1.933333333,0.010679647,3
4350.364858,13.55534308,589.7068817,924.6807715,85.81492033,13.94328028,373.1262205,-0.884969932,1.133333333,0.009215168,2
4189.304632,32.17133378,1347.755176,738.2320434,65.07083913,17.64147455,130.6430106,-1.175562229,2.133333333,0.01552762,2
4369.403846,18.83506821,822.9801948,836.7747765,79.87439993,16.59615809,226.435894,10.78093604,0.866666667,0.011263241,2
4291.737362,27.25560794,1169.739109,886.1639936,71.95440705,17.76480738,107.7526659,1.395871367,2.066666667,0.010571793,3
757.1104083,39.27980966,297.3915273,763.8001266,55.88579538,9.646330578,39.65048089,-0.101721677,0,0.008017056,1
1836.775122,25.46024968,467.647532,723.1443271,73.31953066,9.289917288,66.26346703,-0.23249746,0,0.006628672,2
2854.87032,25.90627027,739.5904209,886.1511287,73.60170307,13.61279221,91.63209661,-0.231103861,0.066666667,0.007248138,3
4065.978069,16.7719381,681.943325,771.2793459,82.11335915,13.94824737,161.728439,0.090698553,0.6,0.010626263,2
2103.039109,40.64864425,854.8568856,698.2514063,46.87036779,18.84795233,74.36439854,1.29305778,2.466666667,0.020185691,2
3234.122699,39.73247704,1284.997059,977.1114706,60.04627514,17.59714468,169.2752382,-1.155233576,0.933333333,0.007768967,2
1214.597002,34.97487677,424.8038048,742.3693949,61.4085396,11.23615172,50.27256471,0.221013701,0.2,0.009191692,2
6969.844444,18.38140893,1281.155609,574.43669,78.19073777,18.29391069,140.3906894,2.31845776,2.133333333,0.022243987,2
6377.32368,24.97052172,1592.450995,771.4345905,73.18887882,19.99670135,181.1140585,0.308634911,2.666666667,0.015277657,3
2160.676873,38.67031674,835.5405904,810.6099839,59.53771857,14.09500139,78.07441028,1.18239265,0.866666667,0.009735001,1
3477.508487,35.74015795,1242.867026,758.4581402,63.40173756,16.02233724,103.2663741,-0.009595185,1.8,0.011191276,2
2765.111839,59.57461582,1647.304755,803.6344866,38.17693612,20.26989298,74.59812135,-0.199854433,1.066666667,0.014057733,2
2163.294846,38.5223335,833.351655,686.7426748,49.8802338,18.86499896,84.7491959,1.387154253,2.466666667,0.021895309,2
778.7596521,37.596164,292.7837559,770.6622154,58.66071007,9.413344139,43.74023288,-0.265404955,0,0.007593708,1
2741.009554,65.92924482,1807.126899,679.8139567,30.03670512,18.83291559,70.19893637,0.248770583,0.6,0.015302057,2
1925.568144,39.50076325,760.6141138,791.9406243,58.76579701,13.96428245,66.19805193,-0.061618608,0.133333333,0.009933261,2
2300.239792,35.73486113,821.9874954,772.7476082,62.91535634,13.27379344,86.95938646,0.549013831,0.6,0.009101939,1
3103.447811,49.91022274,1548.937715,778.2118262,49.35015304,15.49468092,96.05908811,0.581579409,0.6,0.008704393,1
7004.191499,23.62806541,1654.954949,783.8988381,75.22526872,19.6565805,227.0279624,1.680642398,3.133333333,0.013912645,2
747.2329657,51.19687842,382.5599529,788.9275446,45.28807552,10.65253764,47.03941583,0.264116137,0,0.008255829,1
2460.504925,32.84083575,808.050381,679.9809865,58.21743958,16.9834958,93.67726675,2.162925273,1.733333333,0.021104682,2
1558.638792,31.40243423,489.4505217,751.4982193,67.38888715,9.896270247,70.25969817,-0.12788123,0,0.006790095,2
2696.715214,29.67724659,800.3108238,892.4546343,69.42308162,14.24011697,106.3202723,-0.291925573,0.733333333,0.00823844,3
7822.786218,22.22071206,1738.2788,976.5617028,77.68522678,22.12106413,148.6104209,1.012092362,3.8,0.009086368,1
1818.96348,63.06860697,1147.194928,817.0820647,34.47977876,18.06299165,52.08195487,0.070668487,0,0.0127128,2
2090.544679,42.27956112,883.8731153,813.2308596,55.8792492,14.58103582,77.19836824,1.321657345,0.866666667,0.010002488,1
766.5879321,41.24006731,316.1413792,761.2000132,54.46056309,9.488990597,56.65379887,-0.820984682,0,0.008103432,2
1424.9034,26.32008107,375.0357299,722.5890317,71.97741017,9.15585095,49.87950252,-0.246771986,0,0.006724965,2
1884.558656,41.6651686,785.2045414,806.8867374,57.05148376,12.78183425,71.44105998,0.414812454,0,0.007948444,1
2751.943747,53.17038805,1463.219169,849.3515533,46.48205584,15.92320336,70.63939422,0.138525567,0.2,0.007706245,1
2915.358659,42.00229137,1224.517438,783.5429728,57.13152675,14.02408275,70.29185649,0.38168357,0.2,0.008012446,2
3033.27332,25.71076848,779.8778808,929.3862376,74.21706948,13.25994284,83.18436112,-0.450928656,0,0.004817713,1
1967.694721,21.28779315,418.878782,733.4324001,77.4073817,10.19722015,62.67979608,-0.243314721,0,0.007223562,2
8512.539785,7.380715039,628.2863042,1115.063615,92.20287218,18.30310225,385.1571412,-0.674261188,2.533333333,0.01550749,3
1404.807876,29.97979823,421.1585668,722.1013312,67.97477643,9.523360691,50.54622267,-0.219300647,0,0.007202863,2
2447.658681,32.13104689,786.4583585,796.4645115,66.70796461,13.78420302,101.6044656,0.2758069,0.6,0.009172354,1
1521.346477,40.07165029,609.6286398,858.50381,56.91768122,13.95915892,55.52756905,-0.083509663,0,0.010036539,3
3520.990212,71.30491249,2510.638989,723.4995334,24.95850354,22.72897932,72.88688144,-0.627729883,1.666666667,0.016890788,2
4441.624515,42.61109117,1892.624671,982.219372,57.17482931,22.80075307,106.4118605,-0.073862648,2.466666667,0.011489884,1
759.0108009,43.75477293,332.1034525,729.17141,51.02853645,10.03858687,36.90891215,0.681381552,0,0.008807303,2
6994.847583,22.26840155,1557.640748,827.5279303,76.66987178,19.60019907,279.4858939,0.373751061,2.866666667,0.013827183,2
2099.490304,23.15174017,486.06854,1106.896118,76.84517904,12.18059378,73.8113006,0.576777992,0,0.004093181,3
3820.64581,33.34992274,1274.182426,615.853135,60.24967868,17.19174385,111.2352744,-0.478841916,2.6,0.021770149,2
4643.561046,65.13406776,3024.540198,774.0537438,31.96667632,26.25526825,91.69593797,-0.708359551,4.2,0.018545197,1
643.5152462,33.74253731,217.138372,873.6653272,64.15520492,8.613242892,51.25096178,0.263952708,0,0.005941408,1
1978.308604,30.19359593,597.3225062,863.2428519,69.21731138,11.58193154,70.86575031,0.738296571,0,0.00603725,2
6032.634892,11.89993018,717.8793403,694.0642685,85.85584777,15.58244964,176.8053535,1.882968829,1.933333333,0.016457082,2
1966.189327,27.99039953,550.3442479,887.8648719,71.78676037,11.05443473,63.21243491,-0.329803972,0,0.004437802,2
1506.994473,37.97923544,572.3449789,851.904074,61.24200638,11.02481759,58.51707799,2.383625352,0.4,0.006582652,1
7108.527818,13.23633585,940.9086158,964.4432832,86.67168946,16.90000497,159.2815429,1.267042462,2.066666667,0.006776164,3
4793.009997,26.23555361,1257.472707,591.017834,66.64118579,19.69713746,142.511351,1.029420014,2.733333333,0.024923299,2
3736.607389,19.01076512,710.3576541,948.1205473,80.84382742,14.12745615,121.0205773,-0.246453997,0.466666667,0.005783422,3
3782.011708,2.865178182,108.3613743,1320.443388,97.03906158,12.62464003,532.1229037,-1.62074994,1,0.004806741,2
2706.533416,23.62282617,639.3596841,909.0276344,76.31534894,12.46057255,70.08514585,-0.266800828,0.133333333,0.004352745,2
4027.656733,71.29090748,2871.353035,746.005799,25.52255377,24.81787549,79.15704462,-0.622346643,3.866666667,0.017786389,1
2037.835294,34.85862441,710.3613511,859.6662705,63.57881955,14.1398399,63.03353023,0.042878768,0.466666667,0.009232847,2
1784.555019,30.54172895,545.033957,789.2899974,66.18471146,12.56090253,107.2720079,0.97459278,0.733333333,0.012568289,1
2314.882815,31.56108983,730.6022445,792.7523482,67.73144953,12.52770784,83.48846971,0.249974631,0,0.007303878,1
5191.88823,18.49371651,960.1730906,655.5354239,78.99641711,14.84587338,139.3842327,2.265608606,1.466666667,0.0186841,2
2363.027764,36.36030696,859.2041483,943.9060792,63.24167609,14.6991703,92.78415736,1.399208407,0.6,0.007844304,3
1713.232435,24.49860575,419.7180598,801.445647,73.38557125,12.41359831,94.40821128,0.648425067,0.266666667,0.010885982,2
4089.919715,52.65314352,2153.471297,884.7384339,46.42691781,21.93508537,99.04276368,0.004691012,1.2,0.012606319,1
3047.881014,29.61748878,902.7058173,898.7229766,69.64081893,14.95959119,117.3095491,-0.793957578,0.733333333,0.008384202,3
1330.821986,51.60899793,686.823891,682.8762169,44.12399982,12.47196867,74.3920712,4.678376165,0.866666667,0.011509407,2
1179.921735,47.59000594,561.524824,776.9558162,44.81524866,15.08931772,60.53559466,0.275908731,0.066666667,0.013396366,1
494.1646247,45.89954139,226.8192965,778.5810882,50.78031564,7.464045773,48.76141488,0.289875432,0,0.005749512,2
4900.510957,20.25615265,992.6549803,831.1261946,77.51508638,20.04280184,255.5691429,1.494886384,3.666666667,0.017524194,2
2986.716878,28.35043758,846.7473041,891.7402854,71.31401268,14.06294372,99.85237242,1.477212764,0.533333333,0.007278013,3
1117.367567,46.93917683,524.4831381,769.5014483,44.71251676,14.01551075,58.52625445,0.595122721,0,0.012816272,1
8090.732016,10.26485248,830.5017059,1000.766477,89.44339596,18.49049594,241.6517358,-0.743549155,2.2,0.009605588,3
881.4281327,36.59439464,322.5532894,781.4680484,62.1355479,8.274049516,58.01363489,-0.674623534,0,0.005303176,2
926.3536471,48.13017116,445.8555959,876.5305281,50.55481678,10.15230688,61.26285127,1.351909801,0,0.006393646,3
2415.992756,34.14739622,824.9986192,756.5938536,64.55816328,13.19035082,87.07617098,0.310777919,0.6,0.00915863,1
4817.680338,17.49661331,842.9308992,847.8625644,81.76759023,14.44941079,245.7550179,-0.274484016,0.666666667,0.008948999,3
2355.577222,28.03187259,660.3124057,878.345615,71.68888153,12.29094117,66.87351563,-0.546763739,0,0.005274453,2
3674.408776,29.42442068,1081.173496,918.4574659,70.23123099,15.86582318,136.2755141,-0.991805632,0.4,0.007702464,2
5260.909202,25.53382611,1343.311408,751.9861019,71.69795583,17.74558788,322.8014708,2.434481729,2.733333333,0.017027268,2
2999.975681,63.93499446,1918.034285,701.5863328,32.10001825,20.50399928,66.94491511,-0.290311523,1.133333333,0.016551849,2
2452.452437,24.73316907,606.5692076,884.9697264,75.07725864,11.9098781,63.88837037,-0.237066782,0,0.004558857,2
1561.710237,44.04158792,687.8019872,856.9066594,53.72451493,14.03674882,50.90242406,-0.135121998,0.2,0.009616358,2
1119.547084,54.50413324,610.1994343,747.2344303,36.05068974,14.6964544,44.59682644,-0.307113552,0.066666667,0.013883138,1
7672.671202,15.07352183,1156.541769,958.7685432,84.75737506,16.81346574,217.1478574,1.740406011,1.266666667,0.009925648,3
3612.592315,32.73614712,1182.623535,916.8593737,66.38028998,18.03060831,115.406256,0.685417027,1.733333333,0.010713867,2
1825.289642,32.95406812,601.5071919,808.5112017,63.33433221,14.981968,60.1105206,-0.228993889,0.066666667,0.011995969,1
6617.059162,7.647838939,506.0620272,1005.772914,91.5699833,15.36773857,394.9562393,-0.787531086,1.2,0.011413118,1
1845.466572,24.55283883,453.1144331,759.9460142,73.94697781,10.02761958,59.55193699,0.570149237,0,0.007183973,1
869.7325407,47.54747406,413.5358542,739.1586534,47.10310428,10.10395764,53.83144234,-0.827806202,0,0.008923796,2
3150.889129,33.24356359,1047.467831,894.0078014,66.24386912,16.71896826,94.92121232,-0.484751105,0.733333333,0.00946775,2
4336.440718,71.98759314,3121.699301,755.2608161,24.35254901,25.80948366,83.07547955,-0.665102914,4.733333333,0.018592737,1
3296.778034,54.73860814,1804.610409,815.9437553,44.68504291,16.9041778,110.079207,0.488332021,0.6,0.008974185,1
1542.841881,44.49347556,686.4639754,841.5202426,53.55056108,13.53689383,53.21150544,2.063373035,0.266666667,0.009051924,2
2976.959364,29.30286878,872.334496,890.8018192,70.23156469,14.21292337,92.80890948,-0.332708975,0.4,0.007489278,3
1179.000682,53.15634572,626.7136784,751.2808912,37.69033981,15.05106781,45.48842094,-0.369958348,0.2,0.014256183,1
1533.833724,26.53128509,406.9457981,706.7528234,71.87281233,8.826110666,78.49298845,2.222534586,0,0.006903157,2
1828.98452,34.708764,634.8179207,805.892475,61.93929251,14.40916447,59.6291189,-0.156870325,0.066666667,0.011408848,1
3196.464757,35.54820166,1136.285738,642.6462761,61.94924107,14.20153623,90.26789767,0.994047149,1.533333333,0.014043623,2
4388.919217,45.63816172,2003.02205,988.084801,54.15444455,22.6773946,114.7131632,-0.3574798,2.333333333,0.01132083,1
2122.610991,17.92081771,380.3892462,724.6843621,80.65177434,9.759619627,72.01558644,6.357325286,0,0.007575388,2
1391.811551,28.85688363,401.6334396,763.9973836,69.30523856,10.1075915,55.59973129,1.751979563,0.066666667,0.007301659,1
3984.315534,46.33378512,1846.084198,951.8607172,53.29581029,20.22080993,128.3049495,-0.617183003,1.666666667,0.009390625,2
2958.378325,20.23427562,598.606424,824.2133048,79.23302951,11.71596489,118.6270303,-0.812221607,0.333333333,0.006776278,2
1193.334218,35.50364378,423.67713,785.5565611,61.17663847,11.74027948,55.28944698,-0.184120975,0,0.00950167,1
2037.656671,59.09623656,1204.178407,829.0383856,40.17631583,14.75540028,61.64611338,-0.229004005,0.133333333,0.007997391,1
2151.562624,26.43919611,568.8558614,750.8867274,70.11499473,13.74871712,124.7211941,1.129504552,0.666666667,0.016026068,2
3729.296106,48.51249006,1809.174403,770.2783278,49.24761793,19.04802847,109.6817669,-0.138736212,3.066666667,0.013416506,2
2387.324532,23.32336941,556.8045198,925.1650862,76.54519162,11.89545646,84.33232688,-0.702381357,0.133333333,0.004739,3
2835.999567,21.3755719,606.2111265,741.3803235,77.58574138,11.0400062,86.98485864,0.257393998,0,0.007938977,2
3689.473734,66.62410226,2458.078753,722.8707898,29.71560114,22.35592287,71.09363626,-0.11883445,2.333333333,0.01728217,2
6544.752327,16.44362448,1076.194496,827.7753262,82.24260468,17.58558484,186.3898488,-0.931470249,1.8,0.01279484,1
1501.333112,24.92444334,374.1989208,735.0276793,73.58534677,9.360781951,81.85545829,-0.532402329,0,0.006848832,2
1879.269354,41.44201286,778.8070471,771.9714681,53.94658082,15.95157166,67.69044678,-0.429770248,0,0.013616401,1
4829.554058,34.71503053,1676.581166,1016.91639,65.17535068,20.68567696,100.2092352,-0.325542304,1.866666667,0.009052392,2
4112.280269,41.69046874,1714.42892,1058.265188,58.27401924,20.61822808,100.5510803,0.873778759,0.8,0.008469779,3
1172.368728,48.07064098,563.565162,758.776273,43.20616477,14.45865759,48.10873539,0.376419064,0,0.013245961,1
7034.40626,15.43009921,1085.415865,717.1704199,82.67247808,16.96774311,175.4853136,-0.546895817,2.4,0.015668411,2
4719.992247,22.60162057,1066.794739,902.346677,77.13169206,16.12601939,109.7947194,-0.520913934,0.866666667,0.008056419,2
6871.704561,16.85857807,1158.471678,627.4636216,80.78954803,17.35192119,157.3215545,-0.329783026,1.933333333,0.01885273,2
1901.649336,68.08235923,1294.687732,816.2933967,29.11604752,19.60873505,55.53517251,-0.448400486,0,0.01397966,2
5114.312961,2.217721191,113.4212023,1321.902825,97.70582034,12.729831,530.188347,-1.621322428,1,0.00495862,2
2072.262826,32.69410479,677.5077799,862.2641598,66.26409146,13.82539857,63.10769478,0.342588882,0.533333333,0.008571911,2
1159.391948,52.62771482,610.1614878,750.9103558,38.08917409,15.03752247,46.49882161,-0.385331511,0.2,0.014257088,1
1971.52761,24.39363159,480.9271818,849.5671908,74.54203371,11.59097074,80.03427837,-0.083768696,0,0.007528434,2
3531.3642,27.86408802,983.9824289,671.4088178,67.67558707,16.85606526,150.7897145,0.326192818,2.133333333,0.015109899,3
1653.710315,36.97082309,611.390315,731.2756738,62.0001581,10.33360693,75.75859891,-0.794383796,0,0.006604864,2
2426.738917,36.02959841,874.3442862,638.6261021,58.563579,14.501833,114.30466,-0.220529244,1.266666667,0.020611837,2
2346.938692,21.71168999,509.560053,840.841895,76.66024856,14.36636044,73.26958751,2.169845479,0.666666667,0.010782695,3
3007.036884,22.12320556,665.252951,864.2735604,77.45314067,12.89606651,133.334973,9.399379477,0.933333333,0.006699933,2
3821.67062,37.28464863,1424.896462,865.9517805,61.87145662,17.87301344,88.45023292,1.160409666,1.6,0.011137083,1
2922.710563,25.40523196,742.5213979,862.4791841,72.88656952,15.36656347,71.06730646,2.482171091,0.733333333,0.0103604,2
2939.934098,25.41052601,747.0527189,860.7638724,72.95730676,15.40863472,71.82189396,2.38793405,0.8,0.010269022,2
1658.469935,38.37001818,636.3552154,745.1672185,60.4332958,10.48223177,70.62997373,-0.686674417,0,0.006683358,2
3845.589452,46.98470844,1806.838992,1009.146368,52.79147342,22.40863747,84.38443612,-0.191693959,2,0.011210532,1
5923.721862,15.46581616,916.1519331,692.9855271,83.09482915,15.84565141,145.4215163,-0.215697063,0.733333333,0.014872839,2
2870.24856,21.03252577,603.6857682,814.6365483,78.421991,11.62615447,112.1424662,2.610506899,0.4,0.00699518,1
1419.244213,65.0251095,922.8651033,797.5983944,33.11949908,13.47129128,45.57536204,0.035742142,0.466666667,0.008782952,2
2822.542712,30.88601537,871.7709758,811.2200403,68.44723056,13.08221355,103.3542901,-0.187121605,0,0.007592645,1
989.8219305,51.33558734,508.1309017,685.8675444,45.9998332,9.311316922,46.34301768,2.014406681,0,0.007123934,2
2991.779955,6.285962681,188.0621715,840.0570367,93.21567719,9.418392241,458.6709853,0.241615227,0.4,0.00652848,2
4303.273695,4.176088698,179.7085264,903.7548175,95.50734971,9.930661876,508.988521,-0.677310078,0.6,0.00607002,2
1336.582916,31.29857359,418.3313876,721.4813898,66.18838786,9.573958753,49.83581049,-0.080556086,0,0.007515665,2
1065.663225,40.62460222,432.9214463,803.7334716,57.29327411,10.48610598,47.88601269,-0.145522094,0.133333333,0.007232716,3
1320.836268,28.3637373,374.6385292,705.0892596,69.81318403,8.644353019,77.63574622,2.295363921,0,0.006903271,2
3753.345023,21.64409315,812.3774931,783.1139606,77.02773632,14.53102163,154.8433717,0.202612536,0.666666667,0.010793213,2
1810.856384,37.63753375,681.5616826,794.1178316,60.73896343,13.61109579,64.520093,0.061845052,0.133333333,0.00961977,2
4203.121723,12.83099797,539.3024629,731.4631111,86.70415286,10.82074243,243.3451933,-0.785683973,0.866666667,0.007320614,2
1552.921942,28.13515065,436.9169278,764.580521,70.47078853,9.567767011,58.50094002,0.100763163,0,0.006654514,1
4523.572298,40.48773909,1831.49215,1033.216987,59.43637354,21.84466719,94.24921797,-0.437241984,1.8,0.009314648,1
3457.781358,8.621384374,298.1086217,777.4794207,90.79077744,10.22461062,390.2819264,1.955372235,0.4,0.00709948,2
2162.252811,31.02247961,670.7844375,958.4256647,68.86395556,13.03571826,72.01762997,0.364721887,0.266666667,0.005825046,1
3393.079405,45.01660842,1527.449269,893.6917865,54.60824076,17.4926134,89.05988149,1.746543136,1,0.008899507,1
4328.334038,12.0669237,522.296766,1108.56018,87.64255366,14.87512485,353.0877454,-1.186935719,1.266666667,0.010828447,2
7109.345526,6.587868849,468.3543592,991.9966317,92.67774364,16.07837611,394.2829972,-0.694790708,1.466666667,0.01249662,1
1740.672097,36.71327507,639.0577351,800.9806102,59.20928207,14.9536137,71.37637394,-0.145775138,0.066666667,0.012121969,1
1741.541013,22.08351486,384.5934685,605.5926691,76.35683139,8.443376628,73.16009588,6.703443348,0.2,0.007236716,2
2928.534233,49.39381317,1446.514728,1026.707595,50.49353783,18.69220839,72.38998432,-0.299231291,0.4,0.008439207,1
5074.552226,38.72175099,1964.955477,1135.776913,61.25242167,22.86207105,152.4121074,0.785400441,3.066666667,0.008207664,1
3907.655686,21.20154519,828.4833863,804.0858231,78.00867125,14.07208931,133.5918056,0.33167923,1.066666667,0.009970989,2
2221.55968,27.72591437,615.9477346,798.6743596,71.57147823,11.74293836,98.21171043,0.402162842,0,0.007041857,1
11933.21361,6.925481853,826.4325432,917.2961999,92.41541898,19.23713737,327.7870418,0.431646785,2.533333333,0.012722226,1
5373.515808,36.34879928,1953.208475,1032.80685,63.60453177,22.34904744,106.9368164,0.143331501,2.666666667,0.008778921,2
779.4849456,36.44114587,284.053246,770.9753616,58.83822781,9.553998417,43.32139855,-0.156189341,0,0.007825488,1
1297.439257,55.19716725,716.1497166,772.2834183,43.52326423,11.02180902,44.77947096,-0.021422145,0,0.006405827,2
5037.347766,21.16456776,1066.132881,652.3787129,77.37002848,15.25924608,132.6112885,-0.145476434,1.266666667,0.020503618,2
2348.639012,28.97239948,680.4570767,878.4903532,70.76579016,12.39266374,67.33051693,-0.56961152,0,0.005273082,2
4015.278626,17.3198195,695.4390103,774.1256758,81.45548565,13.79246525,160.3383468,0.11087653,0.6,0.010127734,2
852.0521496,40.96456114,349.0394238,778.6920047,56.96509007,10.04787606,48.40194039,-0.267991856,0,0.00758917,1
3237.738433,34.62987922,1121.224909,642.919139,62.90100569,14.26541481,90.49807414,0.976275263,1.533333333,0.014030562,2
515.6994019,36.89081375,190.2457058,582.5259101,58.81704934,6.67035066,50.09767431,38.65169955,0.266666667,0.006966684,2
5284.614664,13.44308666,710.4153291,953.7340493,86.43778114,14.83373841,173.0405303,-0.715872972,0.6,0.00571837,3
1292.853904,46.98009025,607.3839311,792.8984773,49.19408434,13.31890946,54.47523622,-0.214191745,0,0.010350771,2
2074.077671,42.34888319,878.3487301,701.9249319,46.55000565,17.77434094,72.04070237,1.74731773,2,0.018605676,2
5395.761944,18.81783658,1015.365665,1108.260373,81.17398967,19.68895737,119.8950684,-0.127905804,0.666666667,0.006195989,3
1243.924596,56.82505124,706.8607892,774.6654648,41.88351924,11.01401464,44.42959063,0.037310819,0,0.006241229,2
2739.717345,59.34009916,1625.750989,807.9351242,38.67412609,20.13968981,75.36914392,-0.148908947,0.933333333,0.013808753,2
1278.400773,56.87610766,727.1045997,774.6368056,41.87382244,10.99383043,43.92268348,0.084724245,0,0.006295728,2
2389.155171,69.1374961,1651.802063,826.3462772,29.53936321,18.90851553,59.94922788,-0.145710677,0.4,0.011797492,3
3121.803201,33.14336544,1034.670643,713.2306263,62.73704875,16.72014196,176.1501903,-0.559166382,2.866666667,0.016435962,2
1742.627866,52.51294229,915.1051658,840.0856657,46.94140494,12.98415385,58.7328827,-0.378382672,0,0.006693741,1
2167.636392,39.53543098,856.9843895,965.5587976,60.0554229,14.48248886,102.2225268,0.933455217,0.6,0.007560857,3
9557.136405,10.36554007,990.6488032,839.3459017,88.71419471,20.42503546,247.8628032,0.10797571,3,0.015972569,1
9704.875672,7.80118379,757.0951878,834.5317739,91.4432625,17.47773428,253.0599228,0.080300779,1.866666667,0.014070362,1
1270.505565,34.93742587,443.8819397,825.0131736,63.14660677,12.05961506,68.35120681,-0.007404515,0,0.008430697,2
1988.423311,26.90934396,535.0716683,837.4282771,70.95524054,14.1452518,65.63277128,2.74132603,0.4,0.010584195,3
3292.030705,47.96642933,1579.069581,901.6361005,51.62646186,18.00258376,79.41434916,2.591749333,1.2,0.009108682,1
5490.939839,13.24226651,727.1248876,893.8953852,85.77313089,15.31638274,302.499906,-0.599193116,1,0.012963676,1
616.6565766,27.43224409,169.1627373,788.4927846,69.32751638,7.16569325,60.86033527,1.150366781,0,0.005874922,2
1806.514418,21.86051037,394.9132718,733.7389642,76.44343269,9.757341748,62.98150857,-0.086462538,0.133333333,0.00783253,2
2057.851053,40.58630979,835.2058035,701.9811556,49.63088125,17.79561405,72.06645904,1.7440214,2,0.018608327,2
6663.868789,15.80678893,1053.343674,1127.264842,84.04882243,18.2225615,314.872988,-0.886295752,2.933333333,0.008149029,1
3479.250418,32.51392354,1131.240821,752.5881165,66.01742796,14.61057641,124.8204602,3.070878237,0.6,0.010090635,3
5715.079483,13.1686018,752.5960596,714.9571926,84.41235708,14.8924739,159.1594287,2.798296235,1.933333333,0.013797365,2
6737.023737,14.2211979,958.0854779,985.1059417,85.67524449,16.98655142,171.0561273,0.973355315,2.066666667,0.006803481,3
2289.626958,30.64831763,701.7321428,662.6134214,65.03515679,14.03017893,148.9996016,-0.363365735,0.733333333,0.018614711,2
2611.58052,27.86800319,727.7953426,854.1847875,70.09431541,15.16175663,68.71887543,3.185586595,0.733333333,0.010480219,2
1737.464973,23.59697983,409.9892592,764.751453,74.90937453,9.592007668,61.69673233,0.194809722,0,0.007017088,1
2785.599613,40.34613591,1123.881806,878.5978209,58.61779028,16.33598184,80.44938555,1.33135783,0.4,0.009777626,2
4216.709525,26.49423881,1117.185091,1013.51481,73.40942108,17.19174379,156.3681908,-0.512483943,0.866666667,0.007245971,1
2391.410896,38.48765088,920.3978769,804.2105779,60.08271266,14.2632461,64.29350257,0.136671748,0.6,0.009045552,2
12450.39537,6.750494198,840.4632173,982.9886157,92.94248543,19.00043664,347.7311352,-0.670523093,2,0.011306967,1
2453.640037,26.07797418,639.8596152,937.2520738,73.83134221,12.31639118,76.50788148,-0.296215132,0,0.004620984,1
2428.933489,37.85007739,919.3532053,873.10603,60.94411958,15.60140642,75.40722989,1.651093372,0.4,0.009543919,2
2528.930475,19.14413031,484.1417457,774.5524472,79.68346055,11.25102124,66.43299145,0.556762415,0.2,0.007723161,2
2662.932131,14.96378122,398.4753382,741.1498863,83.0583158,12.35002937,134.3820723,4.343566156,0.133333333,0.009701227,2
1728.253537,17.89034842,309.1905792,798.0254561,81.37539214,8.620312912,104.6503365,2.439187643,0,0.005365961,2
2525.900407,36.39922029,919.4080535,802.5044174,62.00388236,14.2333525,64.16709857,-0.038444838,0.6,0.009167047,2
8933.574688,5.230422978,467.2637433,1202.855225,94.75637637,17.05689928,228.7019598,-1.084518568,2.266666667,0.004729349,3
5603.349397,18.44839137,1033.727827,722.3582629,79.52998855,16.73817035,135.1294706,1.097556363,1.6,0.01690726,1
4340.885762,19.97682028,867.1709472,945.7407805,79.91234806,15.34278342,116.1425625,0.063058534,0.4,0.006432428,2
4251.024695,45.30356474,1925.865725,993.0041453,54.4617117,21.75335999,107.6138298,0.936317226,1.733333333,0.010718644,1
803.647681,39.35199934,316.2514301,775.9179458,59.06990599,8.156805728,63.24221672,-0.526459609,0,0.005420939,2
2109.305141,18.20418156,383.9817376,724.4337151,80.28369692,9.74547233,72.10564277,6.336198114,0,0.007579993,2
4791.323757,16.56975988,793.9108418,927.1593471,83.17018627,14.82389338,146.653701,0.750249869,0.733333333,0.007340874,2
4480.395235,44.55200879,1996.106079,958.2539119,55.10422917,21.09736891,132.3417359,-0.643317215,1.533333333,0.009515134,2
3302.841367,56.38385615,1862.269325,709.8043665,40.42193435,19.94829141,78.22055477,1.136912548,1,0.015605207,2
5724.067938,20.03523542,1146.830487,986.4100448,79.82550364,17.23652501,162.0196388,-0.138491538,2.333333333,0.007312877,3
1395.157926,57.43360357,801.2894721,782.4041815,41.54384229,11.23301593,49.68086119,-0.274627101,0,0.006316613,2
1809.237338,29.96074697,542.0610208,874.9975233,69.0883726,11.92187142,87.66969043,0.122461948,0,0.007435964,2
5026.342325,15.9499299,801.6980773,1140.552908,84.04505447,18.34739323,118.1857158,-0.212421197,0.266666667,0.005304726,3
5236.504634,16.09124629,842.6188574,622.2514105,80.01087508,16.70762549,133.4991042,5.274056737,2.333333333,0.021709904,2
3652.822129,29.02128059,1060.095759,914.7095207,70.62403732,15.79905429,136.4129043,-0.995398001,0.4,0.007709339,2
1597.881799,31.69024353,506.3726335,744.1266408,67.11820003,9.958215731,72.57073392,-0.067775167,0,0.006767877,2
4376.778692,41.76296469,1827.87254,1002.185465,58.10864195,21.43665168,89.80971906,-0.334853238,2.266666667,0.009463954,2
2512.386121,64.21164203,1613.244382,668.2540419,31.01852098,18.44758969,77.21251909,0.848277711,0.933333333,0.016697181,2
7673.284043,8.319835066,638.4045765,1012.372325,90.97840994,16.38474426,389.9942598,-0.731441295,1.533333333,0.011424639,1
1445.97275,59.50706698,860.4559727,792.9984584,39.42964284,11.79189579,49.76528262,-0.072918187,0.133333333,0.006661496,2
886.2018325,38.36093182,339.9552807,830.2248146,58.8100265,9.690131724,50.18165447,-0.430541958,0,0.00690393,3
1856.103723,15.61102924,289.7568949,817.4120092,83.73388757,8.58627782,99.52341389,2.43465198,0,0.005141826,2
1210.072748,47.27577109,572.0712223,806.8952639,47.72519862,14.62452801,61.70826862,-0.164303774,0.066666667,0.012152417,1
7733.008695,11.1651205,863.3997389,931.656293,88.61845677,16.38501387,208.0978541,3.176087205,1.733333333,0.007660504,2
7555.101532,17.99007086,1359.168119,941.9619017,81.81163074,18.6061892,266.1839283,-0.03573362,2.866666667,0.009432814,1
2368.874911,69.30638616,1641.781594,824.5010211,29.44997268,20.86993186,58.68637237,-0.156355899,0.466666667,0.013811784,2
3487.305833,17.51678141,610.86374,735.1302464,79.80952874,14.10360091,117.0954846,7.015423558,0.6,0.013359968,2
1902.791779,55.09965922,1048.431786,832.4745151,44.31043815,13.86338765,60.85971665,-0.117342854,0.133333333,0.007423829,1
990.2244141,33.61952268,332.9087215,831.4101525,64.52996606,9.624444325,49.13709668,-0.227623261,0,0.006678293,3
2563.284125,20.97934781,537.7602918,709.1309408,75.33250492,13.20774061,137.8647419,4.437168704,1.333333333,0.013259661,2
2683.651126,24.91343329,668.5896332,880.6877105,74.67638809,12.68838167,95.43276705,0.738574646,0.133333333,0.006236923,2
4978.129586,21.47359286,1068.983279,1038.082473,78.47454818,17.48880194,175.7920461,-1.003133141,1,0.006926774,1
1509.495737,23.59255484,356.1286095,770.2819568,74.71013205,9.398993059,54.57262706,0.046306678,0,0.006824684,1
5585.162386,7.539281193,421.0810973,1182.426105,92.41272096,15.06311121,292.2898063,-0.75520071,1.533333333,0.005465877,1
741.1428306,41.15980751,305.0529624,730.0647981,52.51574316,10.15289846,39.7985727,1.027177549,0,0.009520112,2
4201.762055,71.65570198,3010.802096,758.7141513,24.30651697,25.92526705,82.96871724,-0.615164822,5.066666667,0.018734482,1
3506.04891,43.17943816,1513.892221,921.9076841,55.72806185,19.41822824,96.54044932,-0.203294653,1.533333333,0.011456724,2
2429.025448,26.29473281,638.7057513,786.8961982,72.33184768,12.35288222,69.5562383,0.064874198,0.133333333,0.008193205,2
3592.80135,65.87953346,2366.920768,730.4175998,29.77094418,23.43898203,81.01807329,-0.62413076,1.8,0.018115714,1
2462.602788,43.64282484,1074.749422,887.3342878,55.36936402,16.67935426,77.79565206,1.073233342,0.466666667,0.009958604,2
1619.417992,52.5499891,851.0039783,804.5374318,46.43740733,12.38332702,52.75777829,-0.2060687,0,0.00693264,1
6114.813547,11.03635334,674.8524291,1004.332821,88.37668914,16.69900228,308.3634047,-1.152391668,1.6,0.012765936,1
1040.205245,38.30521228,398.4528274,958.3374976,61.38260682,9.871800718,61.15934391,0.356076134,0,0.004971959,3
7647.277992,9.963392091,761.9282906,1061.937277,89.89607302,17.97932472,320.6953182,-0.915293984,2.266666667,0.008825932,3
2188.535931,19.16120633,419.3498853,925.0371513,80.62756022,10.81595192,69.50111881,0.146900881,0,0.004917792,2
2366.607243,27.83513904,658.7484167,867.7548462,71.78581993,12.40547386,79.96537691,1.633824465,1,0.006498614,2
2567.355379,33.36395216,856.5712205,683.4084353,61.31754426,15.45502486,157.3160077,-0.64337486,1.066666667,0.019264607,2
2203.14848,35.6242604,784.8553514,808.4921253,62.12238357,14.01519975,82.89394758,0.50944048,0.866666667,0.009701067,1
3219.172855,33.20930334,1069.064878,754.8945069,65.69989804,14.20576618,85.82814211,1.094597486,0.6,0.009042739,2
2199.527708,45.50604698,1000.918112,840.9756626,53.98738708,13.75332008,64.22669952,-0.589814118,0.133333333,0.006917832,1
6286.257929,12.14560265,763.5039093,932.3533716,87.66777407,15.41580583,200.7108572,3.960371528,1.466666667,0.0074378,2
2839.311793,25.88782378,735.0360337,861.5229745,72.24401819,15.15504911,69.98107194,2.75519512,0.733333333,0.010239675,2
2394.266377,18.70051276,447.7400892,722.6203197,79.00187796,11.77400603,100.9315761,5.991185716,0,0.009714557,2
4224.822242,25.88647971,1093.657752,873.7666546,73.04918871,17.08882706,110.5353354,0.821166756,1.6,0.010476598,3
2993.82129,34.70820591,1039.101658,744.7522082,64.34875284,13.24453137,86.57060231,0.210434415,0.4,0.008159143,2
5924.137159,13.53416483,801.7824876,945.9543187,85.65414182,16.38644066,303.9851006,-1.01833789,1.533333333,0.012935972,1
5521.586104,13.71599375,757.3404047,891.0275228,85.35285721,15.45413577,301.4238055,-0.540874439,1,0.012990675,1
1194.062561,26.2756389,313.7475669,854.4375198,73.16166639,8.653985673,53.11350844,1.056897361,0,0.005077484,1
1168.609627,40.67099295,475.285139,978.8167927,59.21491578,10.36220452,80.16416107,-0.364993099,0,0.004536037,2
4315.542716,21.87804034,944.1561764,1090.370906,78.08225771,17.19717923,143.1915182,-0.178565425,0.533333333,0.005987989,3
5331.329108,44.53048181,2374.066539,1032.528615,55.41599017,23.51758427,107.8200999,0.174906802,3.2,0.009231538,2
6573.206478,20.65885523,1357.94921,870.9594561,78.44109954,19.14173584,303.7861161,-0.288316657,2.533333333,0.01309275,2
2270.429964,30.16298963,684.8295547,758.1832965,64.49835602,15.41167228,123.5148461,-0.101933462,1.2,0.015430939,3
1929.660185,64.34202887,1241.582513,810.0753487,33.63104084,18.15535251,56.78676516,-0.321934992,0.133333333,0.01237993,2
4532.109368,16.00983191,725.5830917,844.5431627,83.29142174,15.31695011,118.3743048,4.90345066,1.133333333,0.010699132,3
3262.455426,66.74659953,2177.578058,718.1990804,29.52884635,21.59982345,71.15128438,-0.3212877,2.066666667,0.016585006,2
1947.414167,40.18166739,782.5034831,800.3790371,56.90154794,15.11299116,69.10026878,-0.215304635,0.4,0.011166045,2
976.588972,45.48747425,444.2256572,898.9709635,53.45988683,10.25827958,77.98692528,0.466662334,0,0.006125967,3
1405.178067,28.27739335,397.3477292,720.1411183,69.39661705,9.554941878,50.48989097,-0.09999075,0,0.007474005,2
3839.828086,16.19177837,621.7364537,712.5522978,81.32959529,14.64291977,225.7163617,0.482814538,1.466666667,0.020252523,2
3219.865544,51.78163656,1667.299074,790.1815752,47.55363729,16.03628051,101.9222508,0.490239071,0.6,0.008649995,1
1258.015404,56.9298244,716.1859607,764.1959554,41.72153605,10.84593576,51.22471488,-0.521784646,0,0.006482168,3
2463.484433,23.14226092,570.1059953,840.7093501,75.52594151,13.0336708,67.58953952,-0.161016525,0.266666667,0.008346056,3
1077.431796,38.21281275,411.7169949,739.2573938,57.52937713,10.84421788,47.04596372,0.017642721,0,0.009306057,2
2169.717518,36.02953639,781.7391628,802.4188257,63.26859902,12.90927944,85.51240638,0.069923858,0,0.00743188,1
9439.75915,14.42950441,1362.110463,1072.425429,85.51070656,21.12416672,189.7032866,0.527341155,3.466666667,0.007773152,1
4085.676338,15.77883253,644.6720272,710.3996305,81.94257723,14.25819179,226.1327488,0.494524931,1.333333333,0.01981031,2
3620.482099,44.82463684,1622.867953,1060.318845,55.13922617,20.89517237,83.05649604,-0.325958773,1.8,0.008442509,1
1148.611765,34.05946262,391.2109949,907.5928479,65.1097433,10.39162328,53.38520795,-0.103274791,0,0.006415117,1
3636.139627,42.78956602,1555.888366,983.2080615,57.00751076,20.11120803,100.7377225,0.191153695,0.666666667,0.009859829,1
748.1973059,44.71429769,334.5511707,729.7068843,49.74881574,10.0784872,36.78770233,0.729739466,0,0.008944817,2
3103.342676,40.90740557,1269.496975,813.1703362,57.70250428,16.96387633,88.31440828,-0.038781703,1.466666667,0.01090749,2
6924.816758,14.46532623,1001.697335,717.4081177,83.8598163,16.87483125,175.1720874,-0.534100307,2.4,0.015664136,2
4334.860239,46.12984636,1999.664368,1085.361392,53.83452148,21.70818008,96.97073817,-0.33388762,1.533333333,0.008217166,2
1156.820932,34.55315582,399.7181391,908.6214361,64.70508247,10.2372263,52.32377202,-0.058457545,0,0.005986585,1
1862.811941,23.8371958,444.0421298,1060.562286,76.12220638,11.32934269,85.2145983,0.785251292,0,0.004150178,3
3212.724186,20.06527441,644.641924,678.0131522,78.13696955,11.61023293,99.14929733,1.792212401,0.266666667,0.009748641,2
1565.410312,38.69344204,605.7111319,965.6864152,61.11109475,12.22248053,58.44145352,0.411753934,0.2,0.005975677,2
3904.647255,19.54327038,763.0957706,939.7399653,80.33425582,14.36686351,108.0656507,-0.074099091,0.6,0.005719217,3
2472.097969,23.96569649,592.4554962,858.1206216,74.9875882,13.38625836,71.73219984,-0.202041451,0.266666667,0.008285624,3
1810.200779,41.11772425,744.3133646,934.1941508,58.44047412,13.5653632,93.07086406,0.839164587,0.066666667,0.006915371,2
9836.25844,7.630463584,750.5521183,935.497361,91.79538799,18.16908488,329.6558248,0.399161194,2.133333333,0.012711387,1
878.0164218,31.37172437,275.4488918,820.0387019,66.23913257,8.720396002,50.6150285,-0.520975962,0,0.00648778,3
5926.949339,12.53686692,743.053751,913.2358483,87.23487215,15.61526508,158.2491882,0.082129447,1.133333333,0.007362555,2
4211.380471,20.05304884,844.5101829,853.6136853,79.02404995,15.52099289,115.5960206,7.389579493,0.6,0.010239688,3
2667.126153,50.88705154,1357.22186,805.5425632,47.25513265,18.96721586,63.00472221,-0.583183983,0.266666667,0.01307527,2
4649.786593,6.962320191,323.7330308,1257.560265,92.9945083,14.91460203,298.5993887,-0.658686463,1.2,0.005528918,2
4470.661215,39.14113206,1749.86741,1016.861337,60.75554589,21.19058266,88.56977314,-0.355638811,2.4,0.008929494,2
2317.287844,20.91828628,484.7369051,941.7876211,78.96613737,11.34865331,72.84867278,-0.275981264,0,0.004491068,3
1187.585178,72.56591628,861.7820662,796.3784105,25.33708053,12.94201446,42.39005019,0.299329328,0.4,0.008502326,2
4792.948551,17.65354347,846.1252557,850.4734791,81.19745294,16.58865893,245.0307375,7.808844902,0.866666667,0.011214979,2
2217.903661,37.59070064,833.7255258,942.4405005,62.02040769,14.77715751,92.16065286,1.455586098,0.6,0.007829544,3
2256.914676,34.67763958,782.644737,803.0209039,64.66028754,12.94180785,83.98004161,0.107875147,0,0.007458005,1
3117.454883,50.8002117,1583.67368,916.4174854,48.3966973,20.8747579,85.15980688,0.1481926,1.666666667,0.012451217,1
3616.175334,43.79535211,1583.71672,755.5709774,54.47824904,17.68463568,101.7118764,0.067476239,2.6,0.01244865,2
4303.963824,44.52962588,1916.538989,987.200326,55.26455213,22.71289893,114.2062396,-0.340112175,2.333333333,0.011387795,1
1469.695204,59.59404591,875.8508347,793.6946989,39.47872821,12.07035903,48.73569939,-0.211555987,0.133333333,0.006624761,2
2341.716755,58.5376934,1370.786975,765.8964042,40.26262952,14.78849152,65.78512929,2.432800057,1.333333333,0.008882641,2
6443.755979,12.86875458,829.2311426,813.6174047,84.9907413,18.15662902,339.511913,-0.715348433,3.066666667,0.019084236,2
5862.129896,17.81862094,1044.550705,920.5634255,81.39175183,17.29082337,192.2477814,-1.030203511,1.466666667,0.010868386,1
6889.853043,17.69152234,1218.91989,638.8217192,79.90392134,17.371553,157.8316859,-0.492458207,1.933333333,0.018658575,2
4828.202201,21.22122663,1024.603731,887.8713211,78.15568033,16.40777205,121.5304024,0.06069508,1.6,0.009675355,2
2559.851483,53.77708777,1376.613579,810.2390324,44.46557427,19.09255596,62.32075692,-0.530967069,0.2,0.013022283,2
4099.339888,23.32714344,956.2588958,932.845933,76.3121497,16.07328915,97.63313117,0.579251195,1.133333333,0.008366149,3
3857.49018,53.75097749,2073.438678,1005.654895,46.01283996,23.2267201,98.52756989,1.425271413,2.666666667,0.011796453,1
1690.010377,21.39025974,361.4976092,896.3501399,78.03128344,10.00585553,60.17284624,0.068738452,0,0.005294212,2
4662.949235,43.17270604,2013.121366,764.442793,54.05808219,21.3013727,153.9324669,-0.854730583,3.266666667,0.016279335,3
3619.353952,66.34956346,2401.425547,727.0521137,30.19295181,22.44287401,75.19897577,-0.602622724,1.933333333,0.016614994,2
8147.44441,10.24015272,834.3107507,916.5911191,89.5629432,15.68852043,219.4647271,2.380048051,1.466666667,0.007384636,2
4068.285337,30.45512255,1239.001285,1070.537906,69.52625057,17.91756912,90.93130333,-0.264107131,0.733333333,0.006645008,1
8740.260198,9.785233536,855.2548721,1044.410344,90.13524699,18.67860261,194.9239065,0.216782399,2.733333333,0.007381333,1
12164.86896,6.070268442,738.4402015,984.2412332,93.52769169,18.67861197,342.458007,-0.662550564,1.666666667,0.011216695,1
1864.817886,49.54727189,923.9663881,830.9682828,49.91634726,13.35672588,62.31090049,-0.155367097,0.133333333,0.006981249,1
705.3607967,29.40908329,207.4401442,875.6689299,68.77209873,8.508253184,50.76892625,0.16953893,0,0.005784735,1
1409.158166,31.74347025,447.3157033,760.4746717,66.81470505,9.513945836,56.77854084,-0.343367603,0,0.006105344,1
1567.462105,27.34897334,428.6847932,738.0074228,71.4753146,9.199750188,59.20616702,0.34410555,0,0.006228895,2
9563.702584,8.071533784,771.9374851,831.4822425,91.0813718,17.57306767,255.6532114,0.036650749,1.866666667,0.014458671,1
2033.856223,29.88249582,607.7670009,772.6116089,68.47897501,11.42021106,57.38610198,0.451611079,0.2,0.008039373,2
3359.096058,68.55843681,2302.943748,723.584398,27.60774676,22.182369,73.73053021,-0.377149267,2.4,0.01678517,2
1820.227247,39.49196252,718.8434622,799.2888779,59.14697482,12.43418012,69.78702467,0.287551949,0,0.007898433,1
1366.1182,30.14615921,411.8321675,768.0860045,68.51057481,9.442481654,55.18316946,-0.052537188,0,0.006105267,1
4328.610021,16.62456851,719.6127385,701.7609889,82.28509993,12.64856298,310.4501618,8.251137385,1.2,0.009756022,2
2102.550592,61.16437939,1286.012021,826.6429033,38.12117145,14.92863167,61.08484886,-0.227885297,0.133333333,0.008007403,1
1837.161302,34.07457025,626.0048185,808.6004308,62.00431588,14.8366279,60.3069663,-0.194328128,0.066666667,0.011850245,1
2623.516649,25.67175847,673.5028576,846.0399763,73.46079272,13.03105228,70.86790922,-0.074866172,0.066666667,0.007769322,3
1466.018065,31.58441954,463.0332961,854.054204,67.58178717,10.47880046,59.87167142,1.77191061,0,0.005799767,2
2696.59056,29.33242303,790.9753503,775.2142673,69.17145991,13.05965857,98.41009051,2.237189845,0.266666667,0.009428213,2
12292.31195,6.02493856,740.6042426,987.8852322,93.60988896,18.82935769,341.2648619,-0.660714327,1.733333333,0.011223169,1
1296.030117,20.69274777,268.1842432,825.7862219,77.78488543,8.698728613,64.16936898,1.308563846,0,0.006082097,2
2780.81543,32.96668357,916.7426236,825.2428071,66.19359435,14.17220409,83.21503118,-0.291016869,0.4,0.007994712,2
1553.508852,34.21277662,531.4985134,935.23614,65.24236996,12.11347074,63.38248752,-0.059131164,0,0.006437694,2
2136.585967,24.69416074,527.6119732,883.9197376,75.08664199,11.33326157,64.62732761,-0.411383161,0,0.004507042,2
1868.928555,52.4469009,980.1951068,815.2519884,45.52784038,17.32870895,53.3480279,-0.07737781,0.066666667,0.012166046,2
2373.355674,25.03420243,594.150664,879.5158672,74.31895999,13.53381144,85.63207975,0.007959906,0.333333333,0.00806651,2
1245.643039,71.45457633,890.0689565,795.4170901,25.91409747,12.91526923,43.13691822,0.327342088,0.4,0.008420215,2
1799.084918,28.25046585,508.2498702,929.0009666,71.22967337,12.2405219,65.80307805,-0.025382597,0.133333333,0.006517065,2
1668.333684,27.74470038,462.874182,749.6538688,70.95052135,9.965114812,72.64677275,-0.181501138,0,0.00711369,2
4989.67198,16.16160433,806.4110426,1140.838059,83.83339287,18.34707939,117.8044723,-0.238621299,0.266666667,0.005304602,3
6199.6756,16.58718777,1028.351833,901.9157622,83.28839931,16.9613367,149.2617878,0.723350362,1.533333333,0.007667611,2
8971.252874,11.17502356,1002.539622,898.3193181,87.96149755,19.2178353,325.5564928,-1.107675439,2.866666667,0.014247116,2
2143.112117,37.32645718,799.9478267,911.2636281,62.27446999,13.16699807,156.0435384,-0.211199895,0.333333333,0.006416219,2
2561.337169,24.96986743,639.5624955,842.1402267,73.94444745,13.15673965,71.89322983,-0.151725653,0.066666667,0.008171956,3
5910.524114,6.248955729,369.3460353,1256.858912,93.70639756,16.55653793,287.1036351,-0.631821925,1.6,0.006004744,3
2877.596981,32.1148544,924.1360808,818.8466314,63.59167405,17.93274845,122.1421101,-0.441654287,2.066666667,0.015689977,2
1497.736466,23.2880611,348.7937833,724.1546869,74.85964507,9.242072181,62.00041039,0.012948398,0,0.007243757,2
3759.039229,24.02364363,903.0581882,907.8325468,75.81059467,14.85850025,113.8603823,0.372537991,0.8,0.006037564,2
7874.433957,13.14723687,1035.270485,978.9203361,86.37522213,19.73229428,345.2866531,-1.106243153,2.666666667,0.012571379,2
1004.512611,46.10379515,463.1184364,902.0136974,52.94255181,10.20347243,79.8573197,0.31135461,0,0.006009992,3
777.0325473,36.43458945,283.1086185,758.2570434,58.94417424,9.601273343,39.65541082,0.301742969,0,0.008140881,1
1468.944275,25.51439218,374.7922034,715.9199884,72.80622579,9.252464838,62.71325421,-0.133485145,0,0.006951631,2
1318.732573,48.16487917,635.1659501,575.1515258,48.78224511,9.041679393,52.69672633,1.833463361,0.133333333,0.008806067,3
3165.946639,46.08577095,1459.050916,1039.114323,53.80744777,18.99418804,77.88055024,-0.218047916,0.533333333,0.008454424,1
5538.213118,20.1164127,1114.089807,974.9574444,79.7316029,17.92607212,179.9044498,0.549009099,2.733333333,0.007541853,3
2593.866947,13.49447425,350.0287072,729.7407912,85.25491695,9.822888134,73.46478113,5.361654407,0,0.00780847,2
2011.181096,40.08328943,806.1475397,653.9381183,54.89235414,14.35843824,107.3549559,0.669494844,1.266666667,0.01956679,2
2420.536997,26.26934697,635.8592624,729.2836965,69.59938577,14.11507317,127.1412232,0.423543662,0.933333333,0.017156309,2
3825.062479,40.70057274,1556.822337,875.7449512,58.34772936,18.73430211,93.75769602,1.129759879,1.866666667,0.011524601,1
4355.894495,13.49935685,588.0177418,1155.061306,86.49825225,15.8605591,97.60149397,-0.487985718,0,0.004309224,3
2062.497922,23.76698541,490.1935802,1105.506283,76.22895327,12.21736544,74.93114859,0.52144426,0,0.004097332,3
2573.716307,32.82256003,844.7595798,830.846439,66.69548762,13.68566109,82.68731123,-0.325566771,0,0.007514883,1
4748.849407,39.52103666,1876.794515,1008.698936,60.37074173,21.32577612,93.30178308,-0.474471864,2.4,0.009126397,2
3047.944635,57.94986912,1766.279927,704.8871544,37.44339131,20.31092788,73.47856638,1.095575391,1.266666667,0.017031262,2
4280.081396,45.49847122,1947.371602,826.3732099,52.09003314,21.0655463,163.5194828,-1.175722455,3,0.015196713,3
720.2286625,39.83307938,286.8892549,728.7933138,54.27664003,10.02215591,37.23694556,0.693286529,0,0.009035503,2
2278.845821,20.16493104,459.5276882,771.4952323,79.0057381,10.33755698,177.797939,1.803769812,0.2,0.006521938,2
5358.223693,7.891415284,422.8396835,1162.701694,91.98173247,16.95247652,329.1085133,-1.114869273,1.8,0.007449931,2
1790.382224,23.9982018,429.6595391,1068.705222,75.96805046,11.33053772,83.81584906,0.948918042,0,0.004103243,3
2862.069838,57.21671551,1637.582357,830.7448333,41.38904311,19.73235495,79.31064958,0.284474606,1.266666667,0.012712884,1
4354.228326,40.69570127,1771.983752,1028.644403,59.1829394,21.3616787,99.84867454,-0.275565286,2.533333333,0.009001093,2
678.6252338,39.1700699,265.8179784,770.7562892,56.18259877,9.245410455,41.19950573,-0.275361216,0,0.007659309,1
3400.579599,67.84896058,2307.257912,726.8716789,28.98828661,21.37205933,78.34402194,-0.540199472,1.2,0.015667437,1
1118.784369,60.95713351,681.9788815,776.1252796,37.77393527,10.79094219,42.36321327,-0.147677854,0,0.006277679,2
1386.244318,38.66356331,535.9714494,767.5481748,57.35067677,12.51762299,55.04834977,0.40041426,0.466666667,0.010125035,2
5441.526172,5.640720727,306.9412946,1063.579251,93.95832009,13.85971606,360.1589856,-0.94486035,1.266666667,0.010041875,1
1723.099264,41.82383022,720.6661105,862.8576612,57.60077471,11.99132835,58.28284842,0.857907421,0,0.006258371,3
9659.866119,7.833830046,756.7374944,834.8961373,91.40956463,17.47840111,252.7808151,0.085259883,1.866666667,0.01406979,1
7266.778116,12.68816547,922.0208317,849.3820412,86.97129237,15.8995446,172.3232843,-0.28310863,1.733333333,0.008722859,2
4198.995059,19.94859795,837.6406422,955.6171327,79.78674031,16.01341004,133.4969247,0.638843207,1.133333333,0.008033781,3
3981.723254,69.99773796,2787.11621,755.4591802,26.35227025,24.24056352,81.39607715,-0.633713322,2.6,0.017637656,1
3409.770045,58.46722066,1993.597776,711.079094,37.94602178,20.3443274,79.18270677,0.903142152,1.2,0.016056731,2
2166.999996,24.4862899,530.6179013,930.6335859,75.1815737,12.25282803,66.32811454,-0.203998321,0.133333333,0.006221114,2
3352.747964,40.69734783,1364.479501,937.421607,58.76370915,19.52083111,71.86776228,0.347522585,0.866666667,0.011075094,1
1928.658555,39.24289238,756.861401,801.0586287,57.96232005,15.01955032,69.29991193,-0.21645868,0.4,0.01097786,2
6237.633159,28.74121153,1792.771341,992.7324511,70.96867746,22.01142008,263.4596151,5.631223742,3.733333333,0.011196032,3
4019.410652,75.89887638,3050.687521,782.6935155,21.22062728,26.10325077,78.88004628,-0.647242084,3.866666667,0.018206448,1
1540.610518,40.28736112,620.671323,864.702305,57.07004849,13.80122857,56.48997157,0.444429088,0,0.009569394,3
4599.858312,42.77240294,1967.469932,930.9916883,56.95385436,19.32127847,118.3703316,1.21171583,2.6,0.009109335,3
3128.165473,39.38088532,1231.899257,922.2868909,60.04499271,17.81600584,95.43760794,-0.238381731,0.733333333,0.00962265,2
5148.232451,36.8822789,1898.785451,1043.907958,63.04537733,22.21110743,108.8917481,-0.131914361,2.466666667,0.008976635,1
1001.350514,32.87522779,329.1962626,791.8342313,64.67151479,8.818541424,95.86172681,3.117038149,0,0.006979602,2
4470.55893,20.32267828,908.5373089,1076.111759,79.64103427,16.8697142,153.5536554,-0.616224965,0.933333333,0.005869182,3
3216.225566,48.34364329,1554.840615,756.214353,49.82727448,17.00647259,104.104161,2.819384094,1.333333333,0.013250267,2
1834.105797,51.28325651,940.5891804,834.2577552,48.2011944,13.32841036,61.35039487,-0.149909759,0.133333333,0.006968832,1
2983.391464,32.87366387,980.750082,823.6749017,66.57885152,14.24704002,109.8720503,-0.61884437,0.133333333,0.00819511,1
4776.848829,23.82892488,1138.271719,854.5301344,72.66504929,20.91235802,222.7923595,0.286594547,4.2,0.017533887,3
5611.229833,13.15463573,738.1368444,625.4242286,82.89945729,17.14545028,195.6068753,0.476248381,1.466666667,0.024138485,1
5888.756245,12.95307485,762.7750042,862.8090688,85.9535739,16.08809242,303.368167,-1.286924403,2,0.014821644,1
2526.85806,30.82736513,778.9637605,752.4023605,68.2506284,11.88443231,75.95254483,-0.492887396,0.2,0.007447068,1
2000.946814,26.95649995,539.3852268,882.8542407,72.78050396,11.09955967,62.01153705,-0.362672094,0,0.004564126,2
2593.496852,19.3629133,502.1765468,774.3357548,79.45544197,11.33657613,66.5640284,0.544113042,0.2,0.007750197,2
2327.648581,67.65807696,1574.842268,845.3753675,31.20489951,19.29849472,57.92611314,-0.43046073,0.2,0.0119667,3
1357.041653,62.60156554,849.5293197,792.7930838,36.07397478,12.07322242,48.93055265,0.025946221,0.266666667,0.007046805,2
2762.599618,50.94066464,1407.286607,832.873193,47.44868119,20.42080418,70.03031,0.27064595,1.2,0.013819773,1
3578.001017,17.47484217,625.2500306,735.0570456,80.06673229,14.06973459,117.1051431,7.017850444,0.6,0.013293315,2
1232.527933,69.13178601,852.0685734,788.6529492,28.94222791,12.71084862,44.31381185,0.315026476,0.4,0.008384438,2
781.0523567,40.23802117,314.2800126,793.176911,57.50778032,10.08689193,47.99093306,-0.372246999,0,0.00732976,1
2970.539168,32.01757434,951.0945863,645.570335,62.67992797,15.07800262,131.776839,0.352028059,1.533333333,0.014274313,3
7435.511627,11.58715015,861.5638963,1054.14629,88.12876378,18.13290782,322.9121252,-0.939020486,2.266666667,0.00888966,3
1198.599799,36.38410394,436.0997965,785.5053703,60.36683212,11.73089909,55.28814806,-0.184320249,0,0.009491669,1
3647.864288,46.20189717,1685.382507,790.2151237,52.00833705,19.29092658,116.5421619,0.009579571,3.066666667,0.013545613,2
1385.286842,56.0136041,775.9490874,781.2810289,43.11903642,11.29877735,49.75920485,-0.334475143,0,0.00627474,2
1828.980061,34.60728563,632.9603536,786.3592412,61.40581076,14.76757817,70.20850502,-0.410353614,0,0.012181973,1
3472.065043,29.41913253,1021.451416,884.8272855,70.21217541,16.0664371,93.56973057,-0.528338779,0.2,0.008657136,2
2057.894634,33.86100822,696.8238711,862.4470343,64.97507446,14.09441575,62.12679114,0.225910129,0.533333333,0.008931035,2
1245.374985,18.66457683,232.4439709,850.5221535,80.32126606,8.587147685,57.066568,0.20222062,0,0.005502874,2
1303.843234,44.85908668,584.8921663,574.1834204,52.18594522,8.864349138,52.54190295,1.918182187,0.133333333,0.008713499,3
3501.915319,43.33840324,1517.674182,942.6950983,56.06359361,20.90804489,72.73461983,0.112759426,1.466666667,0.012039291,1
6623.646269,14.66463124,971.3333002,894.9341777,83.96012517,17.94682353,254.2745982,0.48725782,2.8,0.014283386,2
4239.491736,71.45722701,3029.423234,758.8412716,25.06916828,26.0175708,82.92406118,-0.61989803,5.133333333,0.018989994,1
2445.186483,59.42306422,1453.004734,796.9509843,38.08118224,19.33428157,70.06398032,-0.150527952,0.733333333,0.013487948,2
1580.729595,34.55047168,546.1495312,737.0376814,63.050682,10.9088094,72.66379767,2.247109437,0,0.009015856,2
1109.585191,52.22400717,579.4698497,756.8064576,38.62446551,14.63953682,45.60617376,0.004243068,0,0.013331841,1
2021.529279,38.68014444,781.9304448,746.1131239,59.05148229,13.11989773,104.9123215,2.747448921,0.133333333,0.009645935,3
1009.108268,36.43252608,367.643633,770.6051291,60.33047411,11.14140801,56.55010678,-0.128761593,0.066666667,0.008985835,2
3589.985627,48.75776302,1750.396684,935.708433,50.52134346,21.50248135,99.4706413,-0.413164578,1.733333333,0.01200511,1
1694.948131,36.04527049,610.9486384,934.6798609,63.48987111,12.48581979,72.0336838,-0.009819915,0,0.006408411,2
4111.209484,40.11873467,1649.365225,978.2963342,59.55388049,21.43977604,108.7965502,0.296059398,1.333333333,0.011309832,1
2522.940193,30.74713672,775.7318706,856.6031846,69.00964448,12.4741111,94.51257981,-0.520820066,0.2,0.005370908,2
10023.82726,8.468000899,848.8177824,837.2804488,90.69591172,18.12958373,271.3000521,-0.476839876,2.133333333,0.014705722,1
3036.322713,32.84291828,997.2169875,624.5652479,58.96498908,18.19940122,123.2620339,-0.97557693,1.933333333,0.022775759,2
3563.381535,30.30112557,1079.744713,1088.464117,69.68005454,17.78329413,90.57354207,0.120782562,1.333333333,0.006642584,1
3563.498308,44.1602217,1573.648753,1059.920764,55.80359566,20.73324115,83.11879078,-0.33389113,1.6,0.00839676,1
5535.407383,2.271642052,125.7446419,1317.985132,97.6598824,12.67327534,535.4692735,-1.617485752,1,0.004773476,2
2328.283741,45.33131391,1055.441611,735.0875686,51.50759153,15.31686422,85.63278785,6.096928705,1.2,0.013539284,2
2378.593735,32.5369122,773.9209553,802.5447064,66.00500168,14.107561,64.05101252,-0.023101026,0.6,0.009004996,2
3454.455607,6.165919433,212.9989496,849.3055506,93.35689145,10.40006412,474.7761293,0.169792549,0.6,0.007000884,2
2101.105225,62.27797657,1308.52582,812.2610839,35.12580838,19.22811278,61.73535262,-0.152251339,0,0.013702293,2
3860.700742,27.19661159,1049.979786,929.0483347,72.56780538,16.46887841,125.9882537,-0.216533677,1.066666667,0.006840916,2
875.623826,39.81183057,348.6018741,792.3601069,58.02991731,10.51128033,54.94028473,1.09488771,0,0.007898523,1
3260.18611,41.4938308,1352.776108,982.7817967,58.2328856,18.29338959,164.0406158,-1.134644219,1.4,0.008040366,2
2033.697772,45.51517306,925.6410604,605.9611381,48.65585178,14.55298496,94.22010718,0.465635071,1.333333333,0.013865214,3
6182.906008,21.485705,1328.440946,996.5592536,78.11703028,20.60015303,174.4210831,0.078051802,2.866666667,0.011402794,2
1019.191874,30.81876454,314.102344,895.3917183,68.13840056,9.284676879,56.2273864,-0.456297877,0,0.005783352,1
4802.42247,13.20143774,633.9888125,885.0309485,86.47484003,14.00296318,95.45623326,0.232620426,0.333333333,0.007261457,3
2677.617894,40.42992314,1082.558857,921.6874072,59.2562308,14.94520905,158.9465309,-0.550147849,0.466666667,0.00703781,2
5372.923735,40.4012247,2170.726991,1063.522706,59.54945336,23.07970319,140.362391,0.39988991,3.2,0.008966601,1
3351.164832,36.60257883,1226.612749,796.756042,60.33413478,17.61750867,153.0364599,-1.337647812,2.066666667,0.014964292,2
5059.8919,15.54994535,786.8104251,620.5884488,80.70257507,16.55623117,132.9032775,5.481859896,2.266666667,0.021590729,2
3042.076989,60.16646138,1830.310077,701.3091505,35.36382365,20.37705589,72.38671266,1.367191463,1.2,0.016998832,2
9300.831409,14.11221416,1312.553247,1070.336645,85.81614589,20.52327867,189.4491762,0.532356547,3.333333333,0.007546911,1
2577.551165,23.39061319,602.9050226,790.7458658,75.99418879,11.53366909,74.99313556,-0.134784296,0,0.006613,2
773.3800113,30.95752792,239.4193329,769.27868,65.09031793,9.031271397,46.11703822,-0.298809489,0,0.007610521,1
1039.889311,38.83300506,403.8202686,740.1536086,56.60089345,10.95556534,45.69005357,0.207996352,0,0.009559125,2
3469.942589,28.77501009,998.4763303,836.5261673,70.40512798,14.87281435,132.8173344,1.094458945,1.8,0.010189672,2
3670.830344,55.06059887,2021.181171,813.2064945,44.37892015,17.06730837,111.3639402,0.290116724,0.6,0.008788031,1
1510.322047,25.13885327,379.6776434,747.7673006,73.14591843,9.711800688,58.25945467,0.531065882,0,0.007189586,1
1720.949173,25.53761526,439.4893786,766.5952854,73.5650398,9.315053609,61.49702441,0.002955628,0,0.005830906,1
3707.613295,43.0149561,1594.828231,953.8254015,56.55516925,20.58812729,112.2714535,-0.318200563,1.2,0.011315357,1
5258.890105,5.955402517,313.1880736,1141.820564,93.90660486,14.43997978,336.1403421,-1.333366006,0.733333333,0.006973397,2
5344.344462,15.80646579,844.7519789,853.2163521,83.39670797,16.08578264,117.9594742,4.90875738,1.2,0.011269473,3
2989.144222,65.48244222,1957.364638,698.6672207,30.69713518,20.26713759,67.83570601,-0.348515059,1.066666667,0.016287631,2
6948.340748,8.591987565,597.0005731,1018.023052,90.72079872,15.86234744,386.2842544,-0.712873669,1.466666667,0.010855931,1
1818.125947,42.07187389,764.9196554,792.3232278,55.97493727,14.25727091,66.25015719,-0.07466399,0.133333333,0.010180221,2
588.3865782,42.1595003,248.0608412,759.7384299,54.53597497,7.983849229,63.69661504,-0.348452571,0,0.006577927,2
1272.98253,42.67526751,543.2487002,797.2844976,51.22882883,14.68812494,63.90604172,-0.389916588,0.066666667,0.012636691,1
2267.50829,23.22079433,526.5334363,901.8481655,76.4624933,11.61610991,75.62237055,1.970015583,0.133333333,0.00544916,2
1881.904391,26.15555157,492.2224735,735.6555686,72.8406673,9.773373629,70.6531525,-0.054318713,0,0.006805986,2
4126.362351,42.73362606,1763.344257,1003.613946,57.08725132,20.91614375,93.34163057,-0.224064398,1.733333333,0.009456931,2
4857.388741,62.84830564,3052.786522,780.8898857,34.75041093,26.02856201,93.54847198,-0.773126579,3.933333333,0.017927374,1
5226.715414,19.90294924,1040.270516,1114.298348,80.0888724,19.19756662,117.0101822,-0.050910159,0.466666667,0.005849621,3
2899.930658,45.19369189,1310.585727,980.4373171,54.48015367,18.78363323,85.81646648,0.784963647,1.266666667,0.009462851,3
1117.725874,38.4998603,430.3229002,953.6030291,61.18591617,10.12390048,62.61495372,0.080052296,0,0.005155613,3
3125.434306,26.03109492,813.584771,884.2939968,73.33942826,14.21668198,97.8082128,-0.460930327,0.2,0.007785707,3
4679.868415,19.9821018,935.1360707,652.9715191,78.72889978,14.29618517,131.7530484,0.775974415,0.866666667,0.020156798,2
1728.058408,35.03665235,605.4538169,786.7876965,63.49876749,11.62522848,65.45086908,-0.185515352,0,0.007606463,1
533.6498128,48.03119638,256.3183896,708.1013851,43.0091436,9.298854066,31.33541099,0.80413969,0,0.009219618,2
3143.377118,25.11948443,789.6001258,787.7468937,74.39360531,13.2921202,114.2608462,-0.975048169,0.2,0.007863819,1
4473.212559,47.26844767,2114.418138,912.9271941,52.19485718,21.30049372,125.6485083,0.214420997,3.533333333,0.011152679,3
8450.954957,8.120338707,686.2461664,990.5325217,91.22457674,17.50682218,364.929531,-0.233508284,1.8,0.011608882,1
5597.660082,2.397607557,134.2099211,1318.965765,97.53817756,12.79186719,534.3341827,-1.613132719,1,0.004678295,2
1627.749815,37.86614237,616.3660623,723.5387836,58.0523258,12.55369848,76.76952758,1.09876911,0,0.011285667,2
1617.490937,22.68285439,366.8931142,895.914854,76.73112007,10.08036605,60.41588664,0.034942029,0,0.005320093,2
3702.40767,44.29420346,1639.951986,756.8014747,54.2033192,17.69417097,101.0737318,0.149656994,2.6,0.012454887,2
2395.320206,41.23149839,987.6264123,739.3615017,56.6984377,13.5174963,106.3775617,2.81396427,0.2,0.009882685,3
6517.614269,4.953395101,322.8431859,1228.364026,94.90994238,15.68755988,320.435018,-0.006175301,1.133333333,0.008293176,3
5930.680439,18.96050713,1124.487087,903.2818685,79.61163353,18.85467056,237.3390452,-0.68023958,3,0.01370359,3
3127.974176,31.95406989,999.5150544,742.3513261,67.14013745,13.18233145,85.66597184,0.234923296,0.4,0.008091178,2
3390.792451,68.26347967,2314.672915,723.7328302,27.94504763,22.36929643,73.65028301,-0.373008678,2.466666667,0.016935671,2
3518.213783,22.22316926,781.858604,881.6625501,77.22575254,13.99016599,88.07224596,-0.299866732,0.533333333,0.007768114,3
2599.695069,23.75401867,617.532052,903.8268215,75.80136721,13.15196053,89.74814026,-0.339066183,0,0.00707163,3
2026.151505,34.62667568,701.5889102,758.4356714,64.41149196,11.62869067,71.71742847,0.035901093,0,0.007269517,1
2670.069979,48.57383849,1296.955479,806.2846253,50.56153847,14.59218354,78.31614221,3.780867104,0.133333333,0.008367547,2
3262.113661,66.93192793,2183.395565,719.4249148,29.27766132,21.87686923,72.77992116,-0.158749567,2.266666667,0.016817619,2
2127.463181,36.33963094,773.1122682,785.8845817,62.66995878,12.32766374,70.16956568,-0.229472186,0,0.007602192,1
3635.772004,36.79202696,1337.674216,750.0421371,61.75255324,16.50872848,101.1931824,-0.007707547,2.133333333,0.011540407,2
6136.015006,8.28853371,508.5856723,1204.445552,91.66722891,15.22262973,303.8219506,-1.026614598,1.6,0.005480224,1
6713.468196,13.47058028,904.3431226,945.8690729,86.46477281,16.90728522,161.5761916,0.973669281,1.666666667,0.006616645,3
1826.838636,20.91944691,382.1645385,616.3895857,77.30317737,8.92584407,72.24209629,5.769850456,0.2,0.007457427,2
1943.157854,31.47505556,611.6100142,841.6495027,67.07755761,13.49213906,61.86497481,2.276796942,0.266666667,0.00935239,3
1333.098683,42.01070738,560.0441867,774.8534623,54.05093998,12.61572032,51.80736265,0.945219087,0.4,0.01004547,2
1109.255266,63.87402836,708.5260231,785.248419,34.88287644,10.91395301,43.27692213,0.004853046,0,0.006582515,2
3037.623527,39.90309864,1212.105912,646.3983303,57.47757601,14.46056463,90.77377522,1.188877541,1.533333333,0.01384623,2
3122.882469,29.77287165,929.7717891,673.2812733,63.57130351,16.59482048,128.1131005,-0.064328193,1.533333333,0.021135768,2
1865.047099,25.8725433,482.5351182,711.792575,72.83392786,9.46461727,84.9127415,1.401114372,0,0.007075201,2
4926.369171,14.47984682,713.33071,754.8193116,84.47132277,14.10248571,311.4975539,1.57085851,0.866666667,0.019916325,2
1767.456085,25.14627028,444.4492844,774.2957134,73.94033885,9.769711259,57.08105419,-0.436556679,0,0.005971979,1
5346.320671,16.54409672,884.5004629,920.4968979,83.30621309,15.97147566,112.8533421,-0.126441727,0.333333333,0.007398363,3
1988.486348,32.55753609,647.4021604,855.7153946,66.06654353,13.39474562,61.22515437,0.171644761,0.133333333,0.008353744,2
1207.825927,53.22986512,642.924112,732.0961873,39.9276128,12.90696297,62.9704545,-0.442734363,0.066666667,0.011852909,2
1579.725391,37.10203688,586.1102971,731.0778964,60.15259116,11.22737002,72.1423259,2.012273027,0,0.009473838,2
1877.230916,39.45804164,740.7185563,820.6701426,59.64196801,12.96490845,75.25790959,-0.322212365,0,0.00752302,1
7008.189003,4.399727319,308.3412062,1241.742649,95.58727283,14.8285806,298.5265321,-1.1530544,2.066666667,0.004100044,3
3361.36169,61.16881777,2056.105206,717.5916261,35.78316213,20.10082411,84.30899775,-0.716522917,1.533333333,0.014559344,1
3617.201593,3.007313652,108.7805973,1201.427617,96.85257508,10.42652036,556.8314474,-1.868532831,0.4,0.004825431,2
3948.356751,42.85839495,1692.20233,997.1904623,56.89607381,21.97558967,89.79756452,0.067985154,1.333333333,0.011067132,1
1120.683541,31.66911492,354.9105585,830.1678239,66.19815033,9.702344003,49.71372234,-0.386473264,0,0.006882523,3
1889.24507,27.51861612,519.8940982,761.5610526,71.28178981,10.85688918,80.96327419,-0.041668522,0,0.007510508,2
6206.119807,12.90299293,800.7752,967.5350864,86.98581974,16.34360647,180.4900964,-0.797429313,1,0.006438966,3
1891.22456,22.8904007,432.9088799,607.2005753,75.46993333,8.568396489,72.82030933,6.657896252,0.2,0.007442625,2
2186.498846,58.90316099,1287.916935,764.96325,39.70326427,14.219784,62.72377469,3.198057529,1.066666667,0.009065759,2
2264.620675,35.20382521,797.2331043,881.8165808,63.98382949,13.76223563,82.66223063,0.546624263,0.933333333,0.008070218,2
3107.793298,48.95804151,1521.514733,937.0013957,50.41269291,20.80256668,75.98008479,0.045645195,1.533333333,0.01202286,1
3663.602442,52.15534712,1910.764571,955.1490128,47.23562729,21.87179717,102.6929987,-0.424985332,1.866666667,0.011989474,1
3619.897611,68.27881379,2471.623149,727.8404103,27.94742864,22.8538235,79.6575835,-0.634838414,2,0.017460402,1
6095.453752,29.93926053,1824.933779,1017.465742,69.76435787,22.49235485,258.0816241,5.466392768,3.933333333,0.011317117,3
1551.096383,41.60722292,645.3681299,828.8070112,56.53717289,13.04435143,73.15832326,1.792834168,0.133333333,0.008676391,2
2815.139501,38.67957712,1088.884055,878.6197563,60.31479274,16.3157292,80.45734239,1.330490844,0.4,0.009757952,2
853.4481497,36.95081445,315.3560423,781.0853486,61.71141584,8.235909704,57.74363176,-0.678081712,0,0.005356931,2
1984.658344,58.49019007,1160.830438,805.567205,40.77495927,13.69490631,62.88021306,-0.212987783,0,0.007354822,1
2548.022646,47.37488437,1207.122782,798.529459,50.96375519,16.22535299,72.72690709,0.352049426,1.466666667,0.010787029,2
5239.976347,25.20716314,1320.849386,727.2791757,72.04804159,17.68852257,297.4147588,4.293252644,2.733333333,0.017102816,2
3145.053445,33.30383295,1047.423346,911.2143896,66.24395563,16.63565162,99.71546396,-0.41622224,0.733333333,0.009361129,2
1463.876957,27.55334564,403.3470777,718.0681435,70.82025637,9.3929605,59.6367213,-0.108875102,0,0.007010319,2
1388.498819,59.64758775,828.2060513,792.7343427,39.22339521,11.78318321,49.47285842,-0.022379604,0.133333333,0.006744082,2
1598.279669,20.93389906,334.5822526,895.7097162,78.45412056,9.958220937,59.47211851,0.141030669,0,0.005332154,2
2939.799018,26.91362113,791.2063695,904.7251794,72.84018725,12.97332519,88.93688558,0.229696614,1,0.006327336,2
5965.923816,12.90642569,769.987524,1133.881152,87.08704301,18.32213054,141.7331486,0.42023586,0.933333333,0.005643214,3
1043.869348,69.60214651,726.5554731,778.4738908,28.72085807,10.98709892,41.56226524,0.055115735,0,0.006654942,2
1907.459353,52.79469263,1007.037302,835.0549185,46.57841293,13.330678,61.05360465,-0.102752286,0.133333333,0.006966712,1
1499.225323,29.9176039,448.5322936,751.7950569,68.62746606,9.691451268,55.26888297,0.339014621,0,0.006603408,1
2616.743124,44.11561417,1154.3923,834.7813296,54.40626254,18.19470918,70.00422308,0.339039939,0.6,0.012380902,1
2644.931314,25.89828979,684.9919765,938.2794079,74.02636129,12.52077644,78.50941146,-0.366565962,0,0.004735275,1
2796.737603,17.62962255,493.0542831,813.7666572,81.43559637,11.27281026,82.88912316,1.029327773,0,0.007213763,2
2818.794999,46.27316267,1304.345595,804.377847,52.68920543,15.01706876,80.35176505,3.195368976,0.133333333,0.008601219,2
2749.508688,30.37480906,835.1580142,885.6956388,69.11427001,13.99400704,86.45778476,-0.378757562,0.4,0.007544187,3
2608.378444,23.25407209,606.5542036,927.2858763,76.63869046,12.20659964,83.67593541,-0.397800871,0,0.004718975,1
5382.534082,31.42717494,1691.578402,1138.062456,68.53784272,21.87296774,164.0233835,0.280860906,2.866666667,0.00789806,1
2296.641694,58.73922572,1349.029549,799.4285066,39.34703497,16.25165804,70.51505812,0.073701016,1.6,0.01077755,2
4505.717262,26.14733318,1178.124905,908.6767064,73.48229078,17.17472421,108.1463677,-0.52851768,1.4,0.009091418,2
1415.980343,28.3756588,401.7937507,774.4852197,69.41376191,10.23059119,51.51582979,1.760073068,0.066666667,0.007794587,1
9314.550663,13.21296199,1230.728038,1075.264298,86.71053386,20.01287761,191.7191696,0.420432848,3.266666667,0.007239491,1
3604.72849,25.70178763,926.4796611,773.3184131,73.26260586,14.10120381,169.906757,3.151291,0.133333333,0.009178545,3
2102.756083,25.55084942,537.2720402,835.1605785,73.20974643,11.91723099,61.00524806,0.05686074,0.2,0.007617581,3
2635.817408,41.3533397,1089.998527,878.9654968,57.66381589,16.36815123,80.68215128,1.304039704,0.4,0.009765472,2
8855.645375,8.448849294,748.2001318,1069.01954,91.48968516,18.23031116,195.9169417,0.194541513,2.2,0.00651179,1
3502.780893,34.41113144,1205.346537,705.1156241,61.98812825,17.35067125,81.63314347,7.142017875,2.066666667,0.015615924,2
2865.132601,16.35021095,468.4552243,959.9417576,83.21474137,12.3153982,334.9499252,-0.682900085,0.6,0.007737999,2
1024.418285,64.69462916,662.7436104,785.1563456,33.9647159,10.93918193,43.31503223,-0.003990045,0,0.006569044,2
1975.079046,23.59667357,466.0529552,723.9449065,75.26567033,9.335856151,66.78438167,-0.268963833,0,0.006624015,2
3541.009133,17.95884376,635.9242978,736.0197131,79.91974898,14.14024802,118.7393143,6.471704064,0.6,0.013283302,2
4197.722782,39.94410703,1676.742881,981.273439,59.75212159,21.4526345,108.2732633,0.386375168,1.333333333,0.011188235,1
2411.55425,37.29033178,899.2765808,855.4366513,61.23591077,15.06068797,72.70464065,1.301763397,0.533333333,0.009437927,2
4282.242575,69.70585075,2984.973618,760.9507991,27.45908522,25.57449358,89.39296168,-0.599902115,3.733333333,0.01823595,1
2272.729716,24.23727709,550.8477987,852.8524373,74.66226728,13.08282618,74.26166312,-0.252533746,0.066666667,0.008381306,3
4703.452091,26.44348698,1243.756742,947.7289751,73.42958257,16.88316628,124.4901373,-0.728089526,1.066666667,0.006809575,2
1018.267629,44.27366888,450.8244384,902.0801658,54.74595618,10.22790246,79.89118471,0.307167229,0,0.00602919,3
2532.631187,21.18494766,536.5365913,937.7964195,78.65786106,11.87996315,73.57239775,-0.37313113,0.2,0.005055045,3
6509.913115,10.69163591,696.0162085,1002.29667,88.60721944,17.2587461,373.7781783,-0.445486954,1.8,0.011607813,1
4344.112002,18.23314603,792.0682852,855.4630733,80.76665029,16.14817871,117.8570826,4.91831813,1.2,0.011305755,3
2811.326923,28.15068681,791.4078374,890.369038,71.74506739,13.11936877,78.16013375,-0.400045994,0.133333333,0.004902732,2
1524.97886,39.55905891,603.2672854,800.791357,56.95152041,14.13766566,51.32935967,0.132214437,0,0.011045371,1
2445.438208,47.41352319,1159.468412,797.1821672,50.69246127,16.4266771,74.08748665,0.216898832,1.6,0.010783818,2
6149.79678,4.507745801,277.2172061,1267.310901,95.46897245,15.01625244,279.1461838,-0.132011282,0.933333333,0.004921689,3
2849.394457,23.19557474,660.9334209,827.7443549,74.7024451,13.66643819,176.053871,0.747634769,1.266666667,0.012534426,1
3471.399266,30.44441894,1056.847335,835.1512153,68.71260118,15.56180398,133.2988999,1.10721298,2,0.01056862,2
3509.661698,23.23653341,815.5237131,769.9183122,75.16926416,14.48632829,144.5195777,0.871783954,0.666666667,0.010874081,2
3360.44792,14.15431065,475.648238,779.1192472,84.55782903,12.1953957,153.4634472,0.282659625,0,0.009123061,2
2272.169536,26.29873306,597.551801,883.7533579,73.08658675,13.43929847,81.43057293,0.34288392,0.133333333,0.008125102,2
1185.2637,64.64949926,766.2670471,780.7252554,34.06112213,11.00764307,43.791113,0.124855941,0,0.00654546,2
7079.363361,8.33747623,590.2402374,1004.724084,90.82023459,16.85838087,382.4113116,-0.635179323,1.866666667,0.012511386,1
3084.333213,20.3555388,627.8326439,752.4290204,78.40444701,12.30000846,98.24830214,-0.342388128,0.2,0.009188338,2
758.9407347,36.05254874,273.6174783,729.0320297,58.03323197,9.958733187,37.83455973,0.365522251,0,0.009180161,2
3308.390399,35.26608938,1166.739915,832.5847971,62.51343549,17.14351457,146.2521285,-0.989208042,1.6,0.01364915,2
1196.915471,29.06271203,347.8560966,724.4047694,68.54141723,9.031189322,54.86920566,0.397266586,0,0.007150606,2
1921.930527,29.73288208,571.4453371,732.1016603,69.40707217,10.42515235,78.25808678,-0.713085348,0,0.006389804,2
5581.746489,18.51449319,1033.432074,720.9969823,79.5041677,16.71966134,133.9679852,1.093738311,1.6,0.016906079,1
1495.089161,28.18970885,421.4612815,766.1585337,70.08723577,9.574316219,56.58002393,0.353781331,0,0.006842521,1
814.4075976,37.18098143,302.8047376,769.056039,59.02303794,9.580129466,42.70472994,-0.20567855,0,0.00769765,1
1531.345703,57.41234927,879.1815435,781.0998485,41.56739809,12.09290672,52.42811403,0.01496129,0,0.006413583,2
5965.432731,19.48589489,1162.417952,996.1767565,80.20095441,20.92369363,174.9308421,0.05556028,2.866666667,0.01167353,2
3337.101843,23.90750278,797.817716,924.152675,76.0184888,13.77234545,81.1353093,-0.560629442,0,0.004837192,1
3937.403369,20.50564886,807.3901092,855.4103715,78.2993142,15.62750039,115.6620182,7.252913217,0.6,0.01035761,3
682.3416398,40.97826429,279.6117605,727.9524812,52.64670098,9.893242799,36.79224886,0.538702497,0,0.009083613,2
9717.494492,15.07571262,1464.981544,1077.554474,84.84859865,21.59163438,189.5795893,0.570318539,3.666666667,0.007947908,1
6137.188815,9.349862321,573.8187046,1067.545132,90.37708132,15.5132888,284.5425366,-0.690731594,1.4,0.010236821,1
542.5637378,38.7744379,210.3760396,777.9978019,57.42337759,7.536322225,47.29964796,3.257993183,0,0.006231224,2
792.2567587,43.21436021,342.3686895,728.0648834,51.10116713,10.28181906,40.59264925,0.880089061,0,0.009496056,2
12720.03596,5.835569198,742.2865006,924.3304913,93.6017092,19.24472967,330.9219927,0.240434123,2.2,0.013211343,1
3131.890862,20.56305369,644.0123993,747.7911212,76.05076692,15.66646882,154.2900641,-0.11039581,1.266666667,0.018408825,2
1240.386436,46.06930926,571.4374632,574.1628374,50.93979078,8.824247873,52.42024045,1.946659697,0.133333333,0.008709686,3
3427.754225,48.48577178,1661.973091,908.1602172,51.12781247,18.00519726,80.17502607,2.744094582,1.2,0.009000531,1
2429.48504,37.94151594,921.7834536,856.5409135,60.50123377,15.04871341,73.35694298,1.230651745,0.533333333,0.009416192,2
1223.118072,47.21574381,577.5042955,806.1992265,50.84090944,11.13614943,48.75563587,-0.21803755,0.2,0.007550537,3
1919.124385,34.62345572,664.4671817,800.7430365,64.41654212,11.69903974,80.1133761,-0.444222489,0.4,0.007314343,1
2369.382728,18.39281407,435.7961598,766.0251381,80.67681583,10.14988101,125.5881247,2.320789256,0.266666667,0.007077483,1
6006.963378,9.43672379,566.8605422,1165.101114,90.52347358,16.06672671,272.6436003,0.153486903,1.333333333,0.005529488,3
2816.405905,55.87295208,1573.609121,829.8422197,42.39961612,20.66069153,68.11721915,0.324575451,1.266666667,0.013921041,1
2046.894445,41.45794114,848.6002943,701.9484075,47.11570278,17.84425383,72.06224333,1.743216661,2,0.018656507,2
807.4753014,42.86597684,346.1321757,731.1268826,52.14549069,10.25598924,41.47319081,0.706223679,0,0.009198081,2
1864.547301,50.33807846,938.5772831,780.3482618,48.27574565,13.74190352,67.11811928,-0.171885487,0.6,0.008333782,2
1147.003718,33.89757744,388.8064736,914.030548,65.52681943,9.498081695,83.45481725,0.273478059,0,0.005354474,3
6041.942966,6.685640339,403.9425762,1205.521069,93.27245208,15.22828576,302.456341,-1.020333886,1.6,0.005468426,1
3642.382624,47.73421079,1738.6626,990.99454,51.82900995,21.31998399,103.3246392,-0.420946398,1.533333333,0.011164911,1
3043.823165,28.96621487,881.6803583,904.8848851,70.23922612,15.14778773,115.7411238,-0.734803996,0.733333333,0.008466055,3
3406.419059,59.87404154,2039.560762,850.6297677,38.88227306,21.75468353,89.94882596,0.097787549,1.2,0.013581112,1
3491.861888,44.2701495,1545.852478,917.6332038,54.63780861,19.53170752,97.96064197,-0.333855934,1.533333333,0.011605754,2
2327.237313,47.53889182,1106.342829,799.8087891,50.50487312,15.94576787,72.15573963,-0.129118604,1.4,0.010639159,2
4460.669272,20.92041101,933.1903457,940.3163885,78.93693912,15.61224932,126.9300956,-0.354443911,0.4,0.006584347,2
6128.702989,12.80850745,784.9953787,690.6783139,84.32715745,15.64058396,178.9227846,1.808126156,1.933333333,0.016768844,2
2887.50193,25.18530132,727.2260615,854.4294449,73.88189825,13.96088091,78.57795203,0.049135008,0.533333333,0.008611352,1
1544.404582,23.79812649,367.5393561,767.661934,74.89667961,9.336112305,53.30429527,0.273986571,0,0.006741559,1
1260.009292,51.42625031,647.9755323,618.0070195,43.56663546,10.62159458,45.63882757,7.353649139,0.6,0.010161295,2
3955.954036,43.21646173,1709.623362,997.9386116,56.55207861,21.96167525,90.49556092,0.042922223,1.333333333,0.011036556,1
2964.080235,48.17417499,1427.921199,907.5494411,51.29674502,17.33251226,77.2939174,0.434459195,0.533333333,0.008968462,1
2190.150172,24.90898758,545.5442343,843.8423473,73.56845547,13.49783426,65.50863392,1.982747824,0.133333333,0.009666184,3
1316.887016,57.07416307,751.6022429,782.4942191,41.77458709,11.20632029,49.69308157,-0.27530919,0,0.006313778,2
7242.680635,14.10172141,1021.342646,947.6557321,85.7975673,16.8724384,159.7069035,1.110025575,2,0.006932829,3
2154.232075,29.58871843,637.4096631,646.6256886,67.77270406,11.11002779,103.8499199,4.769377689,0.6,0.010106264,2
6055.565869,21.74654088,1316.876107,866.9520965,77.29152218,19.13855954,304.0144625,-0.263931484,2.533333333,0.013165408,2
1002.064624,33.12215115,331.9053595,784.6148647,63.98601128,10.90164473,53.57858365,1.167648854,0.266666667,0.00860902,1
2044.292958,26.82657085,548.4136986,827.7010407,71.86618658,11.97786907,67.80602797,0.526917712,0,0.007596164,2
2146.991982,40.85909853,877.2415695,698.6081293,48.28667461,18.59534867,73.38150385,1.400431905,2.466666667,0.019725133,2
5087.825665,25.81051069,1313.193787,590.0845542,67.22472727,19.66187417,142.6660369,1.042839518,2.733333333,0.024909704,2
2710.862339,15.70099626,425.6323945,794.0547088,83.27360485,11.02398451,74.24188665,0.3708567,0,0.007202239,2
5266.032427,14.6941708,773.7997994,616.4539351,80.99927272,16.5386925,196.2912677,0.642542932,1.333333333,0.023189948,1
2294.768152,66.03024821,1515.241107,822.1076329,32.52368081,18.66492305,59.40162087,-0.173630135,0.4,0.011601531,3
3515.198722,68.9727997,2424.530974,726.6877963,27.16450475,22.72686378,79.04702421,-0.595138537,1.8,0.017362264,1
3365.176215,21.75161311,731.9801109,883.3257601,78.025858,13.58843631,105.8367898,0.80815185,0.333333333,0.005884094,2
849.4559677,39.06289579,331.8220995,728.9732819,56.01859947,10.06268435,39.44378712,0.598152396,0,0.008762801,2
2132.711767,30.17867734,643.6242026,731.7273866,68.97856829,10.4062341,78.15930921,-0.707839407,0,0.006420682,2
4095.055133,19.45333366,796.6247387,782.4329708,79.36780493,14.35661553,155.0297203,0.205944937,0.666666667,0.010578099,2
10279.57785,13.58878485,1396.869717,1016.39162,86.33267137,21.72229181,203.343199,0.300104978,4,0.008260371,1
1464.443238,26.21182539,383.8573046,726.1292481,71.93354499,9.301279663,60.56411489,0.04779039,0,0.007200248,2
1175.505208,45.26095854,532.0449247,788.7779502,48.04192772,14.66804737,63.25701459,-0.272155485,0.066666667,0.012897361,1
4983.131962,32.57780688,1623.395107,645.019075,63.93045886,17.58772341,122.6841257,1.019456383,2.733333333,0.017270169,2
1582.572676,39.61806428,626.9846601,746.9633825,59.07290619,10.4732859,69.15238933,-0.590618088,0,0.006710976,2
2668.636981,18.03653769,481.3297149,865.3887504,81.66624971,12.1257284,113.9606623,-0.194184205,0.666666667,0.006253501,2
3800.428205,28.49270864,1082.844936,870.0795698,71.10349156,15.80807861,96.42646797,-0.782867274,0.2,0.008730036,2
4014.837485,42.47110013,1705.145648,982.7099589,57.22648554,21.51209717,107.3980063,0.522307973,1.333333333,0.011290054,1
1146.939354,64.91641837,744.5519497,775.8995977,33.75659081,10.91978845,42.65900484,-0.127328987,0,0.006485302,2
2386.450096,20.92075125,499.2632883,775.5970167,77.84507114,11.4685668,65.85481564,0.590723506,0.2,0.008031974,2
3034.09189,23.39834327,709.9272355,866.3182657,75.90796882,14.14493174,78.28373795,0.223981311,0.333333333,0.008145944,1
3467.624978,32.39632127,1123.382928,940.0454555,67.37247993,16.01330394,126.3470161,-0.581607804,0.4,0.00754833,2
1791.265079,21.55491285,386.1056267,614.800495,76.47983189,8.727656029,71.16229376,6.466119875,0.2,0.007472511,2
786.7365263,47.04077622,370.0869688,678.3788655,48.96707025,8.690995855,41.24221971,1.819290391,0.133333333,0.007299353,2
4380.722105,30.49597612,1335.943967,994.2444896,69.41093794,18.67313908,138.0982528,-0.403776809,1.6,0.007815906,1
2868.402484,45.89168081,1316.358112,983.7011531,53.79406959,18.8485237,83.88392821,1.01046242,1.266666667,0.009459573,3
4659.184659,47.58648793,2217.142345,988.5007022,52.15050227,22.35074631,125.4663528,-0.68399941,1.666666667,0.009545685,2
2222.83638,67.17430499,1493.17489,845.5320722,31.62829698,19.2978665,58.03075524,-0.436287529,0.2,0.011957627,3
1151.818615,53.59273889,617.2911426,757.4794294,38.08839621,14.64124163,45.25148108,0.097562905,0,0.013264722,1
2247.200024,52.86693159,1188.025699,708.4836238,41.20730742,17.53857894,73.87336076,2.576786432,1.8,0.015849991,2
1778.782643,31.85927796,566.7073067,910.0357862,67.99781066,11.17292013,107.4504824,-0.898317012,0,0.004449014,2
2612.486839,48.15560488,1258.05884,836.1511805,50.3565211,19.20640814,69.33675384,0.443000879,0.6,0.013039626,1
2661.494731,36.79676468,979.3439531,796.3982939,62.30663834,13.39417373,66.83336245,0.511644777,0,0.007991202,2
2030.347245,25.37704235,515.2420801,831.8989484,73.55581812,11.93253162,67.97558056,0.381973164,0,0.007517393,2
4787.56845,13.39179185,641.1412016,933.2932483,86.09562504,14.31535435,367.5107382,-0.856274751,1.266666667,0.008731714,2
2652.749219,16.35099649,433.7509315,802.1698867,82.47221222,11.24382569,73.64415523,0.214947292,0,0.007410141,2
816.5127101,34.58291627,282.3739069,729.9011739,60.68253703,9.633925415,43.62660107,-0.101559719,0,0.008777693,2
1327.559461,29.95166472,397.6261588,723.8967273,67.54840173,9.527547129,49.00121225,-0.03074762,0,0.007408583,2
1362.965209,46.23587929,630.178949,791.2994748,50.96092762,13.44467535,55.21419101,-0.295571527,0,0.010110333,2
6611.702185,16.13181767,1066.587742,706.3997775,81.83554831,16.63596218,170.1590287,-0.295350515,2.4,0.015737909,2
4751.807764,25.31773782,1203.050231,910.0831079,74.33875272,17.18141753,107.1110669,-0.468876164,1.4,0.009090821,2
2247.759104,37.23009669,836.8428878,967.6841176,62.43089744,14.60714758,103.2068339,0.872010511,0.6,0.007618227,3
4837.664641,64.61862342,3126.032297,779.4339914,32.96140349,25.99133681,92.47389118,-0.760814682,3.466666667,0.017909545,1
8024.941107,11.73780809,941.9521862,919.8445197,88.04603732,16.45975274,219.7002178,2.451169065,1.733333333,0.007813664,2
1114.181397,61.5272092,685.5247189,782.2273657,36.99449755,10.95045772,44.49982968,0.007495656,0,0.006609028,2
3676.516472,51.99341554,1911.546487,981.8462162,47.56648801,23.08445928,93.40242443,-0.272830647,2.466666667,0.012658166,1
3141.598031,43.58103313,1369.140879,665.8361092,51.14665318,16.42320282,98.68168105,0.926179553,2.333333333,0.017349007,2
2051.949417,37.98287894,779.3894632,781.409715,60.88069743,12.28668056,70.64483988,-0.354015493,0,0.007606367,1
2774.509326,56.49969701,1567.589362,851.8209472,43.13880293,16.38743228,72.56883653,-0.195120875,0.066666667,0.008021058,1
1922.71836,44.31821788,852.1145121,802.2108556,53.80657233,13.76380716,73.42365858,0.269745047,0.4,0.009096331,1
2076.385016,30.63569604,636.115002,958.3460546,69.18405559,12.59533354,77.89814146,0.008272301,0,0.005746189,2
2047.296829,48.1538679,985.8526104,839.5300486,51.32515477,13.73735671,63.26432211,-0.511517583,0.133333333,0.006831428,1
2568.473548,22.44489443,576.4911765,867.5214663,77.18605542,12.13309785,93.22626806,1.549253467,0.133333333,0.005803376,2
1656.809871,60.12725771,996.1943412,813.5721555,37.68861872,17.42518408,50.32262651,-0.325604616,0.066666667,0.012329933,2
1797.873531,22.53985978,405.2381728,766.904281,76.39500284,9.682578534,65.90048413,0.269453592,0,0.006214098,1
3081.51018,30.87869295,951.5300667,769.8547922,66.06528227,17.8756404,111.7904497,2.782181771,1.133333333,0.014448447,1
3141.853902,20.35271446,639.4525533,889.330449,79.26440043,12.89564814,95.38663525,0.434427557,0,0.006970395,2
1667.390173,23.89805003,398.4737377,760.016336,74.54075028,9.600272563,58.62596429,0.725412621,0,0.006912849,1
1462.216066,28.90069478,422.5906022,767.6048223,69.70019731,9.568454692,56.54312631,0.40169484,0,0.006829237,1
4368.411456,47.78788126,2087.571279,926.4092434,51.81621946,20.76998794,122.0891965,0.834601426,3.466666667,0.010614916,3
1452.260345,59.11889351,858.5602472,794.0285687,39.9088167,11.98836513,50.78800914,-0.091244075,0.133333333,0.006653511,2
2027.570219,40.7682753,826.6054088,965.2572674,58.97733686,14.38250271,70.50294713,0.543306974,0.933333333,0.006935328,1
2155.204152,22.91559057,493.8777594,837.8364794,75.89058234,12.21556123,62.56921451,-0.233238014,0,0.007818157,3
2147.642479,72.84484858,1564.446912,817.8756061,25.40213241,20.45701576,55.75743137,-0.070850936,0.533333333,0.013830681,2
2338.173991,69.57161351,1626.705372,825.3064767,29.07380404,20.84140718,57.95557994,-0.136660956,0.466666667,0.013835535,2
6778.056608,17.51581555,1187.231893,804.2835983,80.63896788,18.67479011,273.8767747,-0.513626255,2.866666667,0.017664095,2
3681.2717,48.11479248,1771.236239,933.0462779,51.15912111,22.07040256,98.44767439,-0.340787198,2.066666667,0.012419435,1
2532.628054,24.20203019,612.9474062,903.6433064,75.3386318,13.16286098,89.79669717,-0.3441986,0,0.007075855,3
1580.619713,24.25453504,383.3719621,727.4849118,73.64564069,9.680711853,59.70156916,-0.410675867,0.133333333,0.007797341,2
2152.71029,48.73948666,1049.219944,863.4506548,49.89678383,16.58581139,68.08060543,1.873010712,0.666666667,0.010379849,2
1710.465318,23.17235022,396.3550139,766.8418835,75.43494535,9.631477841,61.70569198,0.188958067,0,0.006932302,1
2526.1569,27.08397774,684.1837724,776.2246738,71.32915171,12.93676843,98.84078315,2.232837641,0.266666667,0.009271954,2
1562.332804,40.58483604,634.0702067,804.068524,55.78606004,13.97916659,51.59853255,0.341212655,0,0.010746484,1
3495.925498,19.89146751,695.3908846,727.4545865,78.62834859,12.36415471,118.1469267,0.239827717,0.266666667,0.00954257,2
2756.846897,57.4929796,1584.993424,852.2949841,42.15228919,16.32062269,72.28700063,-0.1769565,0,0.007865912,1
5175.34773,32.83244906,1699.193407,656.0958735,64.09409395,17.94135831,144.6537233,3.204711589,2.8,0.017236482,2
6879.330557,8.076756936,555.6268079,1113.104439,91.38854126,17.28395434,399.1745296,-0.772252016,2,0.015565622,3
2141.236759,24.10646708,516.1765346,904.6459576,75.51323075,11.5204735,78.6575389,0.248400824,0,0.00585838,2
1554.51594,38.2987104,595.3595582,966.7924213,61.51287337,12.44016996,52.79196189,0.125556981,0.2,0.006153459,2
8970.731492,9.805983683,879.6684664,908.4846166,89.97090826,17.61115647,216.3715233,2.91380151,2.4,0.008989335,2
1940.466417,52.82882156,1025.125541,780.8444946,46.00130015,13.49887328,66.30315922,-0.099506853,0.6,0.008162628,2
5820.449252,7.044175175,410.0026413,1153.996574,92.91008292,14.91805433,317.4457503,-1.122478212,1.6,0.005448018,1
1863.873126,15.67491868,292.1605968,640.430865,82.07088211,8.778151903,102.9167848,5.51800088,0,0.009016407,2
4397.098441,19.65021734,864.0394002,952.8114923,80.24069382,15.5619507,116.577838,0.009906294,0.4,0.00642673,2
2395.796779,24.58110241,588.9132599,874.2535463,74.54267179,14.58153955,84.54697109,0.413326141,0.933333333,0.00981235,2
4142.344386,75.78646069,3139.336199,788.466722,21.30923906,26.02030326,78.43201011,-0.604780667,3.733333333,0.017979192,1
1606.648833,27.33271759,439.1407881,716.6596124,71.00174979,9.555320895,59.88347925,-0.069029992,0,0.007103695,2
4580.508839,24.87655113,1139.472623,854.7989259,71.71680064,20.97784984,222.6080405,0.292400968,4.2,0.017602098,3
3412.19888,52.78240863,1801.040756,809.5577264,46.63659308,16.82385185,110.7355284,0.259655995,0.6,0.008765021,1
9024.914372,11.31655398,1021.309306,906.8574065,88.43428298,17.73957492,216.8706794,2.900407536,2.4,0.009039234,2
2215.133047,20.42633526,452.4705026,948.7296405,79.45952275,11.10465332,76.76477363,-0.446887884,0,0.004458296,3
4279.515663,17.58411203,752.5148284,818.4150487,81.40382814,16.14525599,301.2142497,1.285403379,2.4,0.015160094,2
4201.991851,10.8198504,454.6492321,1209.404001,89.12774199,15.04840033,298.8067284,-0.759012959,0.733333333,0.006323042,1
1177.744462,57.75262141,680.1783004,702.0605501,39.16553947,10.64355988,43.15829577,0.521849935,0.133333333,0.008628982,2
3890.096239,14.89705441,579.5097535,771.3914004,82.47314913,15.66722255,204.8858729,4.600536416,1.133333333,0.018127457,2
3005.476043,33.04369496,993.1203356,831.9486958,66.49688544,14.31199153,114.3658341,-0.803691676,0.133333333,0.008184642,1
3566.624664,40.33230501,1438.501938,634.0889841,54.07586926,16.51272815,114.7799659,-0.36559901,2.333333333,0.018336264,2
4251.052491,69.19841657,2941.661011,762.8813715,27.91266311,25.72862613,90.48859737,-0.650900302,3.733333333,0.018450656,1
786.3225379,33.91787351,266.7038838,768.2257014,62.1059428,9.382994341,43.88703504,-0.082628548,0,0.00777401,1
2636.76513,38.19479619,1007.107067,856.8495501,61.02046664,14.69174653,104.0644298,0.426999749,1.2,0.008685059,2
2594.205629,21.24029211,551.0168535,924.7215905,78.54247823,12.31657286,77.24653585,0.339242677,0.133333333,0.005943413,2
2826.943894,22.67769141,641.0856124,896.5509347,77.19759472,12.60639987,69.73278242,-0.44115032,0,0.004516147,2
1273.359856,17.76747534,226.2438985,855.5734636,81.31053831,8.276838289,70.93865984,3.430937424,0,0.005353106,2
4331.533371,48.2007401,2087.831142,957.7888783,51.42755189,21.28037098,132.4106587,-0.641807153,1.733333333,0.00956425,2
3431.106487,35.5069363,1218.280795,795.0777525,61.0677825,18.36901068,129.344232,-0.968609664,2.266666667,0.015610851,2
2085.450767,26.01439241,542.5173459,831.1064144,72.83376171,12.68377912,61.74487233,-0.04979976,0.266666667,0.008417634,3
5212.825063,37.02091938,1929.835764,1030.668935,62.89906121,21.99220887,103.5242605,-0.093893237,2.666666667,0.008942491,2
7279.684379,15.18244541,1105.234107,953.772244,84.29098541,18.86096426,175.7662246,0.90154798,2.466666667,0.01037017,3
3213.812083,40.93821108,1315.677174,906.6296691,58.44846651,18.84209491,101.7426927,-0.55855311,1.533333333,0.011373569,2
5743.650319,16.36123281,939.7320003,844.5429409,81.90050575,18.69362522,261.7461347,1.03516008,3.066666667,0.015711991,2
3043.358055,55.78472526,1697.72893,829.1859248,42.88573593,19.66765832,80.62064802,0.128492037,1.266666667,0.012710063,1
4610.336868,24.85369009,1145.838837,889.2859121,74.30503924,17.35460255,107.8439817,1.431376962,1.733333333,0.010349683,3
2291.591552,58.49384135,1340.439927,800.6138286,38.83420968,18.68739065,69.4806177,-0.074547338,0.533333333,0.013126831,2
931.3170278,41.84461992,389.7060705,782.6576233,53.90254516,11.32025953,51.08279209,-0.017937242,0,0.009452798,1
3610.362044,53.86936911,1944.879256,870.8350676,45.18894281,21.52531876,95.01595984,-0.045765757,1.4,0.012651962,1
1039.572646,54.1403467,562.8282346,855.871326,44.36041624,10.76499503,85.77026341,-0.875300215,0.2,0.006812504,3
1686.023218,43.95558557,741.1013782,836.2162015,53.24165335,14.55566545,74.61827658,0.482778503,0,0.01063735,3
2935.670966,23.20282431,681.1585766,716.3423951,73.95954843,13.6901477,68.62407633,10.53940104,0.666666667,0.011834226,2
5353.125575,49.54556113,2652.236104,1026.148489,50.40527322,24.10597865,104.090427,0.268210448,3.466666667,0.009637762,2
5026.316236,22.17030252,1114.349515,855.5003835,76.90764386,17.69538995,123.1194063,5.774451475,1.533333333,0.010817745,3
2977.22673,51.70686717,1539.430671,1023.017111,48.16327806,19.82607036,71.43133164,-0.269629076,0.933333333,0.009155263,1
9237.611617,14.59197669,1347.950134,1089.029602,85.3610773,21.3717404,182.967354,0.983764334,3.6,0.007762475,1
2195.686938,71.12928708,1561.776466,817.0031468,27.10002927,20.52458022,55.40950448,-0.029293031,0.533333333,0.013905781,2
809.0274464,38.08656398,308.130756,733.7623433,56.6085074,9.902386904,40.47624563,0.170276744,0,0.008888639,2
1562.415287,36.01947971,562.7738571,842.7967544,62.10198794,13.18096297,56.69238035,0.005688962,0.266666667,0.009451061,3
4278.132088,24.8299437,1062.257789,1067.385749,75.09298515,17.53865503,162.6471105,-0.870120945,0.533333333,0.006514761,3
2363.831912,31.67831331,748.822079,678.4391437,58.72471548,16.95463184,94.87940408,1.883250596,1.733333333,0.021088723,2
1878.817308,67.03549041,1259.474396,809.4968942,30.33684141,18.13190083,54.94617918,-0.313914968,0.133333333,0.012508793,2
4255.995299,27.34568245,1163.83096,933.2762897,72.50397442,16.2214848,128.0904565,-0.604865226,1.066666667,0.006787229,2
665.6131607,39.54493135,263.2162675,770.192856,55.48058986,9.25364187,40.74803983,-0.218906171,0,0.007679845,1
1489.036647,40.67370724,605.6464067,876.3088017,58.1382124,17.10369131,71.06771522,21.6063211,0.466666667,0.010443791,2
740.6625153,32.32188791,239.396108,866.6559475,65.77965406,8.513825474,42.66360824,0.213784501,0,0.005924469,1
1990.261316,57.10902582,1136.618849,788.5777863,41.28841589,15.80983581,69.7785165,-0.036061358,1.533333333,0.010454275,2
3532.040006,21.79424626,769.781497,884.650479,77.80973904,14.06098247,102.2044055,-0.111956485,0,0.007667492,2
3520.981683,70.48700622,2481.834578,727.5705209,25.43333322,22.83576411,70.29468251,-0.362791405,2.266666667,0.017547095,2
1807.506172,37.98282199,686.5418516,794.1610877,60.40379707,13.95926937,65.03860481,0.049792965,0.133333333,0.009849243,2
5702.831031,7.11244301,405.6106071,1031.160671,92.42946654,13.96203893,359.6638505,-1.01822124,1.266666667,0.010496047,1
1360.899134,29.55479896,402.2110032,765.6837881,68.35970068,10.14195107,51.99744948,1.712572329,0.066666667,0.007583811,1
3495.263302,69.87493516,2442.312966,727.2520205,26.04566028,22.83372854,70.71700361,-0.366991304,2.266666667,0.017496466,2
2944.425724,55.9215324,1646.567986,834.0140181,42.78083942,19.63311487,77.24029927,0.550197704,1.266666667,0.012579384,1
3895.849151,63.08311523,2457.623009,743.592623,33.9204027,23.05548665,77.01757502,-0.788859224,2.4,0.016761279,1
3360.973398,18.51012298,622.1203095,715.4790726,79.96942081,12.16292272,116.1364103,0.264163609,0.266666667,0.009394949,2
3224.965325,42.51436525,1371.073538,1038.036016,57.3856191,18.9283519,77.03027619,-0.222348616,0.533333333,0.008447976,1
2407.801272,27.54338697,663.1900219,647.5616419,70.18571516,11.0926695,103.4082063,4.813855768,0.6,0.010054534,2
4254.009743,20.45562253,870.1841753,852.3804471,78.61146542,16.17783714,115.6235724,7.462224751,1,0.010800988,3
4176.351815,19.79705675,826.7947389,1000.390222,80.06580988,14.96994751,141.6842762,-0.52675096,0.466666667,0.005760919,3
4041.5745,64.99884874,2626.976896,750.470657,32.19635477,23.74653976,80.10248893,-0.733588172,3.266666667,0.017072197,1
843.3235758,40.18350095,338.8769371,729.2514079,54.81927844,10.06919693,39.52069719,0.577762773,0,0.008752584,2
1550.117591,27.21479493,421.8613236,765.2536484,71.78864668,9.333287058,59.37881426,0.097041387,0,0.006499247,1
1809.667349,34.74938918,628.8483502,938.3198995,64.86661436,12.54358567,76.41760191,0.040127893,0,0.006363773,2
4761.573912,39.46710956,1879.255593,1141.565624,60.49743381,22.62306587,158.2017365,0.773475169,3,0.008312319,1
3310.214689,45.06951649,1491.897755,762.7427891,53.48938792,17.33627541,107.9751136,2.398828963,1.133333333,0.012963839,2
3096.206027,25.39361975,786.2387852,1004.579251,74.42141283,15.00190188,98.37154528,1.712441551,0.4,0.007099682,3
9820.767563,5.407038497,531.0126828,1133.072362,94.50624149,18.44763278,290.3195913,-0.727993024,2.4,0.007550213,2
1878.781878,64.16429698,1205.507184,817.1979812,33.55340527,18.30165397,52.64959349,0.006272077,0,0.012703867,2
1780.029301,29.38405324,523.0447575,794.2150395,67.78592462,12.28600253,106.5963582,1.268091298,0.6,0.012301581,1
2515.369466,37.43213983,941.5566157,832.3543327,61.98774801,14.08952973,85.03938912,-0.317016933,0,0.007809529,1
2988.23363,42.97358425,1284.151097,928.1750188,56.25373756,18.06511313,92.360735,-0.129850986,1,0.010480826,2
10033.57018,7.816499157,784.2739282,819.7311729,91.31180499,17.73115111,267.1729289,-0.183841619,1.933333333,0.014655289,1
1492.698997,28.9573013,432.2453462,717.8161737,69.35907332,9.399846574,59.64300859,-0.102834913,0,0.007019805,2
3932.152665,29.16731812,1146.903477,1079.664007,70.81048901,17.57887139,90.19072138,-0.328819002,0.466666667,0.006623593,1
2588.392364,22.01143645,569.7423402,928.7905629,77.76659556,12.54754932,82.07636644,-0.548862774,0.133333333,0.005302248,3
3518.314228,69.93362127,2460.484547,723.6950163,26.23758661,22.27002446,72.48567867,-0.598734291,1.6,0.016473922,2
727.0654138,36.60525978,266.1441835,821.2825057,60.98834886,8.535092095,47.78517745,-0.810984482,0,0.006311279,3
2292.129671,31.94210613,732.1544922,664.6883765,63.78169388,14.38552793,149.9036962,-0.411688223,0.8,0.018763882,2
3617.010773,22.67097103,820.0114647,695.8038491,73.95792245,15.65907323,125.0996293,0.116262965,1.266666667,0.016752215,1
3077.436631,19.51636713,600.6038312,890.7479958,80.04012541,12.94870932,94.10592125,0.547575328,0,0.007000836,2
1222.738611,67.39626756,824.0801856,786.6495031,30.22866936,12.62169073,45.14591747,0.335432938,0.4,0.00839721,2
3861.745782,16.78994185,648.3848712,739.1074604,81.21199299,13.9234908,119.1538856,6.133976094,0.6,0.012926093,2
3994.691201,18.58296402,742.3320287,777.8764311,80.14095663,14.11537073,158.7991284,0.123116602,0.666666667,0.010344038,2
2201.717814,28.4609034,626.6287803,775.7838671,69.87787003,12.02694211,62.94378681,0.029562224,0.133333333,0.008230857,2
1548.739683,40.23283661,623.1019062,802.9269814,56.29073613,14.03569118,50.57287441,0.306253172,0,0.010801043,1
5593.10509,19.21184154,1074.538487,1002.441036,80.57960197,20.00849233,167.7212135,0.087861544,2.333333333,0.01075682,2
4644.667561,11.74005599,545.2865721,739.511189,87.90703761,11.3566489,242.6359715,-0.876522084,0.933333333,0.006966359,2
1984.355026,34.71504556,688.8697513,628.5281489,62.20402793,10.93531163,69.3809485,11.13577733,0.6,0.010247547,2
1675.282001,32.69128655,547.6712394,931.2160318,66.76933343,12.4301346,65.53925317,-0.121427042,0,0.006611103,2
2346.299572,37.11707135,870.8776862,861.0846528,61.21960356,15.01241379,72.29440198,1.561273955,0.4,0.009576594,2
2491.173274,42.58094007,1060.764999,886.2432525,56.45951647,16.67236104,77.80207477,1.03678171,0.466666667,0.009998757,2
757.0187754,37.05337595,280.5010128,751.5646837,59.75382375,8.192181912,64.02699701,-0.680267794,0,0.006745116,2
2276.654533,33.57108367,764.2975981,764.7029552,65.55250988,12.10195488,72.85002741,-0.407361468,0.2,0.007403903,1
4410.34299,38.24879803,1686.903183,894.3681941,61.27879347,18.30492439,127.6838512,-0.196392787,2.666666667,0.009257526,3
3457.850747,16.5356364,571.7776269,844.2174455,82.82869588,12.50495012,102.7573947,1.740428255,0.933333333,0.007716704,2
3756.307746,26.15074717,982.3025414,880.8419815,73.35348478,15.33984696,141.1921026,-0.81814202,0.533333333,0.007951244,2
2076.65667,58.5481477,1215.844015,765.3985607,39.90811506,14.17684579,62.90048672,3.162385825,1.066666667,0.009045023,2
1340.671202,28.9151873,387.6575893,767.6168889,68.8001224,10.13879033,52.16227727,1.628277362,0.066666667,0.007614033,1
8967.813091,9.695212604,869.448545,924.0863488,89.61283337,18.06718052,308.8660763,-1.037994365,2.666666667,0.01262747,2
2972.287137,33.31546164,990.2311809,645.7226255,58.82990101,17.61096718,128.8525679,0.014693328,2,0.022890229,2
2078.278901,30.45900845,633.023146,950.519045,69.39806204,12.56493407,77.81965996,-0.018062273,0,0.005802517,2
3723.382288,59.82545202,2227.530284,900.8591764,39.33366901,22.80813811,91.14432616,-0.346816914,1.6,0.013061611,1
5340.417081,16.47712161,879.9470172,719.7998873,82.21082368,15.86867072,124.8379504,0.939151009,0.6,0.012660418,2
3621.842272,68.35943147,2475.870785,729.73883,28.52344721,22.60609317,74.97198315,-0.626066346,2.266666667,0.016466751,2
4337.187979,45.81427493,1987.051225,985.7947632,53.97653452,22.51359317,114.2306275,-0.360803528,2.266666667,0.011341025,1
2256.613797,42.0149622,948.1154335,831.9888076,55.92013382,15.95155109,103.118906,-0.040346529,1.133333333,0.01218092,2
4063.143594,75.25715423,3057.806241,783.8994896,21.68579804,26.12889933,78.66898807,-0.648203382,3.866666667,0.018152093,1
3335.83636,20.4522786,682.2545458,1071.836484,79.50409211,14.68863462,123.9641263,1.079623717,0.466666667,0.005070547,3
5228.157898,30.17753399,1577.729127,1075.278705,69.80248658,20.3632527,101.9394478,0.073824821,2.133333333,0.007718374,1
714.2122533,40.43617428,288.8001115,727.2140961,53.69718208,9.779849747,36.70487216,0.48871688,0,0.008905977,2
4910.048109,44.82643688,2200.999617,1052.552511,55.07861806,23.01896136,95.53898064,-0.257237955,3,0.009377991,2
3378.98264,50.29498605,1699.458848,912.0653428,49.34356916,18.13248507,79.65484891,3.073126023,1.2,0.009021408,1
1096.126326,27.49664629,301.3979787,846.7112824,71.80402615,8.737610244,62.09954095,1.547103164,0,0.005452127,1
3453.318074,66.30597705,2289.75629,724.1264598,29.02422463,22.63003728,78.55025045,-0.526283409,1.8,0.017565459,1
1751.235258,21.60215297,378.3045194,753.7879453,77.38514928,9.38056998,86.68787785,-0.915813041,0,0.006505861,2
3052.369731,39.60768724,1208.973057,798.7487955,58.83188464,16.38686513,78.17202622,0.723389006,1.266666667,0.011231969,2
5028.448439,38.44479224,1933.176555,1034.669825,61.49946882,21.9475491,102.9832019,-0.011247817,2.333333333,0.008710505,2
3814.095966,44.07112631,1680.915051,1029.32399,55.83488039,21.44482078,86.78056792,-0.18036625,1.6,0.009526775,1
990.868033,53.658118,531.6811383,692.0353989,43.41960578,9.132818452,39.72345499,0.500606999,0,0.007019917,2
1810.969574,44.28911911,802.0624715,859.4983794,54.85219207,12.97597693,77.76364345,2.196419119,0.266666667,0.007368962,3
2409.169474,60.10848095,1448.115174,775.7052285,38.86971537,15.04998263,69.28997347,2.250742969,1.333333333,0.008952867,2
5832.60377,19.08054478,1112.892574,995.0370801,80.79080706,17.16822158,155.6490437,-0.064716294,2.133333333,0.007270251,3
2894.915417,56.64958931,1639.957695,831.5762523,42.82725473,16.99346417,92.80580299,0.899532964,0.6,0.008475265,1
3303.421861,66.66996252,2202.390117,719.1927702,29.7001675,21.85507393,72.72229158,-0.145332118,2.266666667,0.016706564,2
2171.422563,59.92910755,1301.314163,807.5678904,37.78833825,18.34639674,62.23147793,-0.15539305,0,0.012917145,2
953.8434624,37.79151641,360.4719087,792.8329362,59.77432905,10.99062177,45.09967596,0.02781962,0.266666667,0.008197478,1
7974.388302,11.85063281,945.0154763,1117.466273,87.76622537,20.27489261,395.1513996,-0.946898125,3.266666667,0.012497924,2
1740.497455,31.75028947,552.6129802,956.2930364,68.10765625,11.95610837,51.97105169,0.424608167,0.2,0.005646232,2
3068.13068,14.62722618,448.7824142,778.1127331,83.94844718,12.10314168,153.5699694,0.305551133,0,0.009090283,2
3078.039534,47.51513327,1462.534587,1036.73091,52.37169532,18.92038918,76.0425091,-0.144208448,0.533333333,0.00845653,1
3565.648091,23.31565462,831.354194,937.4240946,75.91981472,14.70222069,340.1820175,-1.172173008,1.2,0.01216618,2
1239.932334,56.95377605,706.1882849,774.6615543,41.74581879,11.01186203,44.43033836,0.037189636,0,0.006241068,2
3295.866922,46.14340347,1520.825172,775.4018141,52.62102224,16.73322777,99.86329335,3.73715389,0.866666667,0.011919755,2
1261.354116,45.88468461,578.768358,779.4859089,46.81163128,14.98257007,61.70928692,0.050290048,0.066666667,0.013298847,1
5484.847442,15.35108207,841.9834323,826.190691,83.87236317,15.12816274,116.6925873,5.722416482,1.266666667,0.010432966,3
2929.047697,64.3871785,1885.931169,697.084094,31.43001085,20.17324838,66.89423747,-0.295454265,1.066666667,0.016359021,2
2415.046327,58.91041485,1422.71381,771.8227226,40.09379508,14.99203049,68.66931308,2.132766808,1.333333333,0.008933865,2
4888.25699,20.66739619,1010.275439,891.280603,79.16516878,16.11593022,146.400174,4.202095544,1,0.010333865,3
2250.350044,23.14397908,520.8205433,835.6100894,74.83621108,14.4167261,79.52607572,1.763213116,0.666666667,0.010805855,3
5161.705645,15.07145714,777.944254,991.0601339,84.57678276,16.47472117,162.2424146,1.114735144,1.333333333,0.008879849,3
2993.102341,43.73522102,1309.039924,985.7810395,55.95265662,18.51173811,85.87585284,0.895304596,1.266666667,0.009280473,3
4250.116876,43.07920508,1830.916565,1007.212004,56.78078116,21.46809978,91.7418494,-0.255551406,2.266666667,0.00939175,2
1174.911709,21.69904217,254.9445873,851.130537,77.27316326,8.477767945,56.79948262,0.25643903,0,0.005386675,2
1731.056687,39.15764006,677.8409466,833.8046598,57.83779337,14.30555989,74.98291736,0.492957122,0,0.010353583,3
6247.62404,19.08399052,1192.29598,955.8381498,80.80974465,17.39176808,179.5026484,-0.61827222,1.8,0.00697732,3
764.657586,37.2078054,284.5123066,758.4590618,58.49485591,9.475603663,39.6800177,0.277141027,0,0.007968824,1
4022.098246,22.2819631,896.202447,927.3938713,77.3853758,15.95254026,99.60479906,0.275859727,1.133333333,0.008229318,3
9198.155843,6.240860623,574.044086,1113.58981,93.64869991,17.74975313,288.1947036,-0.754955409,2.133333333,0.007346497,2
3306.152661,53.91119628,1782.38645,815.0082942,44.34995587,20.61883148,67.75021117,-0.402559157,0.533333333,0.013500389,2
1945.412224,28.130854,547.2610726,886.7708368,71.62685159,11.13262321,63.60175352,-0.324736108,0,0.004464218,2
4448.622771,24.12667721,1073.304856,891.4714877,75.15525595,17.3491005,108.5996961,1.388971308,1.733333333,0.010338069,3
1627.93021,22.56942519,367.4144908,759.4141284,75.85350765,9.68896594,59.22875725,0.629514333,0,0.00688996,1
1111.995943,52.20553244,580.5234028,697.2654664,45.12249062,9.887074793,46.50916772,0.436379606,0,0.007380938,2
1979.699588,34.92728378,691.4552931,858.9714199,63.93909275,13.69450692,61.02494591,0.170209498,0.4,0.008491452,2
5739.27106,14.24818024,817.7416848,742.8509842,83.68437835,16.27419723,192.9760512,1.14995922,1.533333333,0.016691171,1
2688.774211,24.67761282,663.5252895,876.5574185,74.76880616,13.78528282,88.70450038,-0.213077577,0.533333333,0.008108583,2
2187.50933,27.10927065,593.0178248,877.3640825,72.22511256,13.17332662,83.70405969,-0.043757632,0.133333333,0.008035967,2
5871.230652,13.7414765,806.7937805,1019.021615,85.97984185,16.43075073,221.0686079,-0.789584692,1.866666667,0.008010871,3
1790.556792,23.58216972,422.2521416,766.2771523,75.43832641,9.688746317,65.63180604,0.294456847,0,0.006234304,1
2370.425781,32.0331855,759.3228877,665.4903247,62.67449197,14.52042079,150.3705954,-0.4362454,0.8,0.018857472,2
3898.941305,32.48893164,1266.724375,866.3822345,66.4462298,17.82481674,88.51311471,1.173080829,1.6,0.011085838,1
4504.602353,44.78282632,2017.288248,830.5075698,52.93294245,21.41086402,166.5571414,-1.246955279,3.133333333,0.015165469,3
2193.487185,39.98195509,876.999061,969.4650008,59.67679864,14.82919919,103.7694587,0.855725677,0.6,0.007660891,3
3052.262357,47.29188873,1443.472518,893.3865747,52.3018439,17.45665735,88.55001487,1.779256024,1,0.008929462,1
2955.309379,48.24932738,1425.916897,813.9426923,50.96394862,15.23598007,81.72428434,3.317102701,0.2,0.008520145,2
2720.518133,25.64410173,697.6524374,876.5702062,74.03954062,12.30544197,84.64742457,1.045868272,1,0.006307179,2
4334.438585,27.1221277,1175.591968,886.4752005,72.13588732,17.77109897,107.7525652,1.403438392,2.066666667,0.010573048,3
1380.90846,41.02133858,566.4671348,779.2955996,54.10066783,13.36307565,52.66836619,0.888511764,0.4,0.011072424,2
4088.035384,41.3339702,1689.747327,962.2936159,58.30333708,19.60129191,137.9066784,-0.395285378,1.2,0.009163766,2
5293.961865,11.70116274,619.4550934,925.8913037,88.0726367,14.39038025,196.5170217,4.712120792,1.2,0.006807577,2
5828.764081,13.40473966,781.3306507,949.7461719,85.88619764,16.71061615,302.8031595,-1.010238346,1.6,0.013143642,1
2323.019117,20.26794659,470.828274,945.3173708,79.62082437,11.28558402,74.78415165,-0.355392926,0,0.004489248,3
3622.248962,66.40970283,2405.524771,726.8897193,30.1371685,22.45464329,75.2187565,-0.600793373,1.933333333,0.016603898,2
3510.611016,75.40114051,2647.040745,732.0370804,21.12476143,22.82550964,74.55705614,-0.481525879,1.666666667,0.016634122,1
3819.107355,33.95351924,1296.721351,865.2075713,65.02241755,18.61014766,88.80838933,1.085277057,2,0.0118166,1
1204.235699,29.95415459,360.7186228,718.6241715,67.91347265,8.816505327,56.63317502,0.16213292,0,0.006892088,2
3664.31373,66.9833029,2454.478365,725.5841749,29.56949276,22.29328856,75.77188953,-0.616312454,1.933333333,0.016551039,2
2713.360151,31.48945541,854.4223349,805.8473543,67.66893693,13.37192931,70.95911746,-0.165100689,0.333333333,0.00759219,2
7020.317041,15.6604553,1099.413612,717.216326,82.43085883,16.97553638,175.456704,-0.546120517,2.4,0.015665811,2
5793.090437,20.45611616,1185.041309,650.4101906,78.14106224,15.81726397,140.1311233,-0.425458782,1.4,0.02228825,2
2822.901817,42.41325955,1197.284674,797.3384626,55.9368665,16.61849487,78.05221863,0.626539647,1.466666667,0.011449877,2
2705.387238,50.10081785,1355.421132,910.5930638,49.43698953,16.86916755,76.31435274,-0.127389553,0.266666667,0.008709573,1
3448.851006,2.934519337,101.2071997,1206.91777,96.92838431,10.42685864,556.6228185,-1.86439206,0.4,0.004819724,2
3263.211648,68.14343742,2223.664588,720.2206435,28.10764834,21.74662554,71.7791944,-0.536012523,1.533333333,0.016439182,2
3672.019104,48.86054788,1794.168653,978.5912739,50.64025823,21.26152049,107.2975808,-0.376159426,1.533333333,0.01115131,1
4343.077606,13.44568012,583.9563222,884.100541,86.22236355,13.74453992,89.11550401,0.578724379,0.2,0.007217877,3
1323.548992,56.00081356,741.1982034,779.9728812,43.08163953,10.93682742,48.67481063,-0.255561271,0,0.006101866,2
1776.302989,35.69302119,634.0162022,976.4388637,64.16961409,12.92185567,62.06872115,0.461529327,0.2,0.00608654,2
3757.118612,24.7210433,928.7989189,934.1398273,74.95701971,15.95638117,97.46701641,0.625902132,1.133333333,0.008314324,3
2544.303745,25.15418893,639.9989709,962.6217763,74.77097304,12.64491195,71.82117926,0.239788488,0.2,0.005303246,2
2484.990421,34.26972052,851.5992721,683.2484831,60.35690097,15.4222353,157.2685129,-0.641403857,1.066666667,0.019240485,2
5091.64118,50.17228837,2554.592896,1025.221952,49.76049679,23.73023497,102.3991544,0.290056526,3.266666667,0.009644948,2
2668.183677,23.15614843,617.8485728,901.4422528,76.74540568,12.18665154,67.27881382,-0.233847509,0,0.004272722,2
696.936729,44.16872068,307.8280371,729.5029528,49.810548,10.10432862,36.73187139,0.740254188,0,0.008968303,2
3522.874403,42.98144181,1514.182212,942.834607,56.42742554,21.05301072,73.82273575,0.049628879,1.466666667,0.012076864,1
3782.945058,2.530687508,95.73451802,1316.793953,97.3653898,12.83222586,537.2783202,-1.611087761,1,0.004507421,2
2492.39124,58.39810348,1455.509216,809.9561728,39.3304173,19.32393558,65.42404198,-0.044460228,0.4,0.013412072,2
2373.113805,27.68244507,656.9359253,778.1482956,71.06918734,11.74909745,61.62043612,0.280801027,0.2,0.007923432,2
12500.3526,6.074578432,759.3437226,925.7387767,93.25157431,19.28327597,329.907059,0.254556966,2.2,0.013214107,1
2111.087553,19.44277573,410.4540184,920.1469574,80.35545587,10.73164673,64.39269449,-0.2618779,0,0.004985543,2
2566.026621,16.99496061,436.0952134,726.5082627,80.93709083,11.76812335,108.4570927,5.303998284,0,0.0097063,2
3026.180995,24.05305664,727.8890288,867.341422,75.23028869,14.12235612,78.01725329,0.266389824,0.333333333,0.008174035,1
3526.806195,16.85276171,594.3642439,713.2375769,81.01964458,14.48227491,226.6006656,0.41948336,1.333333333,0.019773001,2
1464.095051,32.95806891,482.5374559,840.4396586,65.02396759,12.76466796,58.84485431,-0.043944734,0.133333333,0.009002398,3
2566.466777,46.90370998,1203.768134,833.3441258,51.27720729,18.32654093,70.03230004,0.306492823,0.6,0.012466697,1
2595.654305,21.99880503,571.0129298,789.6178646,77.47788398,11.40454888,73.6039493,-0.113642444,0,0.006597483,2
5030.002983,15.11738372,760.4048521,1148.229918,84.87765593,17.99610639,111.4136584,-0.717076207,0.266666667,0.005174724,3
8427.694204,11.61302271,978.7100421,895.8753687,87.60754849,17.47800654,306.0898465,-0.421754663,1.6,0.013041519,1
2476.219457,24.90913478,616.8048419,883.9783846,74.90574741,11.92992693,64.0141593,-0.255761544,0,0.00457626,2
4657.492687,37.20540752,1732.839134,893.5944813,62.39345358,18.33380643,126.836608,-0.176702373,2.666666667,0.00927087,3
932.8185288,31.75918251,296.255539,764.4246724,64.44980013,9.717522143,44.95375975,-0.104986896,0,0.007980019,1
3351.695498,29.71280338,995.8826934,740.9706173,69.26712928,13.91366895,92.21746627,0.133665651,0.6,0.008996825,2
1468.554318,31.30519971,459.7338621,751.82749,67.27231902,9.868290975,71.14408426,-0.101525818,0,0.00700207,2
2054.840985,25.68459775,527.7776414,746.714167,73.18774098,10.60416943,87.74674393,-0.504668114,0,0.007516697,2
4637.123535,9.243136667,428.6156657,930.7955395,90.40112646,12.8988018,368.4300384,-0.855592058,0.733333333,0.007461287,2
6503.73423,16.03179793,1042.66553,1052.904785,83.78801796,18.15731144,320.6186991,-0.647104856,2.866666667,0.008527318,1
2432.39607,26.5578576,645.9922845,845.8752572,72.36817882,13.25289641,68.6474441,-0.132773988,0.266666667,0.008378438,3
1778.07975,25.16701206,447.489545,1103.635506,74.82882869,11.91448078,71.90125244,0.704663566,0,0.004067212,3
8541.43732,3.951478264,337.5130392,1129.873217,96.01437585,15.42682451,266.2756198,-0.388870168,0.8,0.004601088,3
2473.884814,33.79144891,835.9615231,862.2136071,65.94855345,12.81458534,90.75834574,-0.519696474,0.2,0.005515277,2
2250.185476,21.21799002,477.4441298,776.6954806,77.44330146,11.42012984,65.41571489,0.622355084,0.2,0.007908781,2
1587.449548,39.72117353,630.5535895,834.1260771,57.17661581,13.97266187,72.89742721,0.571952749,0,0.010213409,3
2431.384764,30.47513442,740.9677752,750.7177919,68.62959481,11.9203623,76.11363777,-0.531702675,0.2,0.007555297,1
1144.586522,54.32901123,621.8425402,758.6353553,37.15150873,14.55321268,44.11360545,0.078274557,0,0.013120993,1
2857.137895,22.99892689,657.1110555,739.7976313,75.84264423,12.04586064,86.9524046,0.24782998,0.2,0.008523439,2
4918.653591,26.11978469,1284.741728,590.7531449,66.81484229,19.6875384,142.574374,1.03102237,2.733333333,0.024914012,2
3815.45433,20.06483732,765.5647042,927.8366675,79.85077298,14.12980465,92.72460215,-0.315299641,0,0.00490431,1
1748.409738,35.64945366,623.2985193,786.9614229,63.02520075,11.81923663,66.05765013,-0.182390572,0,0.007728223,1
2449.088508,68.03281647,1666.18389,824.7202524,30.7615839,20.84372121,58.65658601,-0.154802922,0.466666667,0.013705663,2
4362.991086,48.39523195,2111.479656,1020.850002,51.46718596,22.22424766,95.78022272,-0.373869001,2.733333333,0.009904464,2
2335.083477,14.46413074,337.749527,736.0658077,84.05679984,9.750147169,71.00699853,5.697438918,0,0.007702931,2
8922.753194,14.85405346,1325.39053,766.1873037,84.10295737,18.21201382,211.3705332,-0.07968121,2.6,0.015928058,1
1392.479968,46.25302361,644.0640884,787.5317771,50.94693507,13.41993831,59.24901476,-0.036681289,0,0.010177681,2
783.8012057,42.83265476,335.7228644,730.9190522,51.84865356,10.22236489,41.34370246,0.744914889,0,0.009155212,2
5158.24642,33.33118628,1719.304723,654.9025676,63.51510213,17.93897056,141.1305339,2.52226999,2.8,0.017237871,2
6855.217088,26.55625183,1820.488714,987.3564098,73.38711246,22.12574277,131.0222868,1.389530344,3.133333333,0.00905334,1
1598.527209,60.64182486,969.3760707,782.0581375,38.29699864,11.9169376,51.55230628,0.026068379,0,0.006380259,2
3129.086613,25.18707241,788.1253109,866.8840554,74.10169813,14.11550999,78.0463522,0.259141443,0.333333333,0.008139235,1
1486.618469,40.70779447,605.1695909,857.0542801,55.94092526,13.92178091,56.56700506,-0.174647939,0,0.009985572,3
3836.288768,4.032948156,154.7155371,988.6647933,95.73066363,10.16962822,521.0646951,-1.413052342,0.4,0.005734176,2
2730.725617,16.73152467,456.8920304,812.6354259,82.28577994,11.22926103,82.37107765,1.110078944,0,0.007193904,2
2717.327906,23.18042317,629.8881075,897.1607263,76.68595364,12.36751064,67.97841803,-0.346373713,0,0.004483182,2
2193.552723,53.66857367,1177.248459,803.0738147,44.58252496,16.02237249,69.90369341,-0.019153965,1.333333333,0.010584493,2
2719.267938,14.9123817,405.5076143,728.0656959,84.24675172,9.833787286,125.430352,7.111631531,0.333333333,0.006908374,2
3451.881412,23.27066201,803.2756563,896.9661213,76.51525476,14.40486184,99.0028697,-0.215131716,0.4,0.006243252,2
1017.756061,44.06720539,448.4966538,902.1373307,54.94360212,10.28072792,79.99833267,0.292347427,0,0.006065055,3
7471.771623,17.83852358,1332.853743,1092.164181,82.12633008,21.14606179,180.2813377,1.179639321,3.333333333,0.007712939,1
7020.32032,16.65565685,1169.280462,940.7296371,83.16147858,17.10181094,214.6697521,2.027251186,1.333333333,0.010281469,3
7966.898748,10.83583614,863.2800938,940.1241938,88.37924043,17.19998692,351.8766321,-0.232350556,1.6,0.012213787,1
3767.884107,29.36621741,1106.485039,822.4239714,70.06941233,14.67400645,87.84788972,-0.395992933,0.933333333,0.007998222,1
1457.349484,39.03075002,568.8144339,870.4516589,59.02689032,14.00878235,55.34435171,-0.398378332,0.066666667,0.00982365,3
12763.89165,5.81077882,741.6815124,924.277135,93.64624777,19.25504843,330.9639955,0.239779397,2.2,0.013211595,1
3761.580311,40.8531274,1536.723197,986.0310535,58.94326919,20.34415472,91.16713913,0.75462051,1.066666667,0.010096571,1
1429.473601,58.29565952,833.3210633,787.4585376,40.69820021,11.83212205,48.90613791,-0.118673907,0.133333333,0.00669293,2
4461.44393,34.50879013,1539.590322,1022.118407,65.43677209,19.76447505,116.187574,1.032733801,0.733333333,0.00833929,3
3768.884366,69.66196303,2625.478834,729.0332929,26.89349269,23.14894489,75.9923861,-0.669692181,2.133333333,0.016877128,2
2474.631453,32.49207982,804.0592269,762.0683163,66.55483527,12.01981732,70.89401274,-0.460636213,0.2,0.007347783,1
668.2770436,28.53278502,190.6780521,782.8801028,68.55013457,7.19740221,54.17691712,1.608770739,0,0.00593872,2
1209.404313,18.49366153,223.6631403,845.0884917,79.96134467,8.878800275,56.32337163,0.963694947,0,0.005915032,2
3596.149964,45.55964265,1638.393073,1007.428422,54.22035033,21.41117938,82.86286077,0.227356994,0.933333333,0.010682147,1
4883.60702,30.75171312,1501.792821,673.3100526,65.8633816,18.62309407,172.2400987,-0.345167312,2.066666667,0.021772968,1
1976.095166,31.62098017,624.8606605,846.6123578,66.25494111,14.34369329,94.51788602,4.006476126,0.333333333,0.011196864,3
2383.492954,68.15693418,1624.515724,825.9863903,30.53663395,18.89194542,60.07343005,-0.152333331,0.4,0.011802665,3
2732.899353,36.62936001,1001.043543,717.0078322,58.96557706,16.98701676,184.4984083,0.17135948,2.866666667,0.016439609,2
2348.137039,24.00297159,563.6226665,901.9284289,75.5091056,13.05184299,90.03116016,-0.36034233,0,0.007049507,3
2100.03725,58.33320466,1225.019027,828.9977837,40.97481711,14.79035043,61.80105283,-0.252260113,0.133333333,0.008009056,1
1750.496651,39.9441458,699.2209345,835.4418364,57.06851214,14.54559032,75.11555505,0.526132084,0,0.010521558,3
1096.140397,55.59157071,609.3616639,755.8191915,35.92044875,14.46778396,44.32727307,-0.104251192,0,0.013048432,1
2697.896372,39.93445161,1077.390121,865.6253678,58.48113508,17.01560592,74.77054991,1.631107355,0.733333333,0.01073841,2
2696.648491,49.38689587,1331.790982,805.6781021,48.74841097,18.88545233,63.22408665,-0.586385649,0.266666667,0.013004376,2
1674.340672,17.20856515,288.1300053,807.7670613,81.84532755,8.848046055,104.9907482,1.994991432,0,0.006276625,2
5247.658729,27.64929109,1450.940438,762.7106992,68.87630574,20.4306532,266.5485162,2.357077097,3.333333333,0.018670317,2
2187.006329,56.17601778,1228.573064,780.9490182,42.82071009,13.99472205,65.2999981,1.102069407,0.866666667,0.00800148,2
4372.019976,26.32460707,1150.91708,907.9996039,73.28059921,17.14682181,108.6258408,-0.557194994,1.4,0.009076449,2
1997.085765,57.61475719,1150.616114,788.2283515,40.78992901,15.79252853,69.77457352,-0.042667355,1.533333333,0.010292407,2
1813.378719,25.19756616,456.9273025,854.6970599,74.18310756,10.41079243,64.06810636,1.306332648,0,0.005640832,2
775.9804665,31.24911357,242.4870173,876.5544917,67.03282823,8.825850066,52.05045225,0.021407762,0,0.005970834,1
2757.615728,25.03656505,690.4122554,889.148981,74.59201211,13.53994109,103.4134349,0.332026427,0.466666667,0.006348982,2
1583.373419,23.20713389,367.4555893,768.0634795,75.24005716,9.37581086,53.58514948,0.221059605,0,0.006782791,1
5339.420087,16.46379861,879.0713698,621.1029622,79.53706338,16.74427444,133.1266609,5.406284876,2.333333333,0.021733664,2
1876.339485,22.97851353,431.1549223,605.2836669,75.46909759,8.416558615,73.3567937,6.647257402,0.2,0.007177507,2
3579.11039,65.30540572,2337.352562,734.1231226,32.35265358,20.85675843,79.70651667,-0.63949198,0.866666667,0.014546094,1
7142.818203,16.70827695,1193.441847,973.5779622,83.16122007,17.77481104,180.213032,0.519337805,2.666666667,0.007584457,3
1100.523929,32.72728834,360.1716394,902.8248552,66.33621326,10.25052091,46.66963195,0.248811821,0.066666667,0.006343821,1
7089.833636,19.73161379,1398.938592,796.3437427,79.32750257,19.25627326,258.1728308,2.511116883,3.133333333,0.013858146,2
6242.866505,13.50279842,842.9616796,960.3550111,85.96960717,17.09535529,173.4525373,0.903135302,1.533333333,0.009539692,3
3276.805559,25.61394866,839.3192937,786.6593304,73.84083762,13.22075074,114.9690286,-1.004495078,0.2,0.007843366,1
2914.810662,48.83764035,1423.524748,937.043403,50.58966751,20.16031923,65.25602763,0.129222334,0.933333333,0.011738876,1
2822.790858,37.11740198,1047.74663,768.8016295,61.748447,14.54426164,73.90057139,2.985791439,0.666666667,0.009033791,2
2642.285768,25.8966152,684.262578,938.2582673,74.02832297,12.51776046,78.50534427,-0.366278878,0,0.004736107,1
2147.110954,26.6206148,571.5741363,774.0213018,71.87882501,11.84744082,59.23580829,0.298239326,0.2,0.008230955,2
2809.977935,30.92792969,869.0679999,884.587502,67.65291253,15.79593699,124.5291516,0.348903898,0.933333333,0.011720998,2
4425.763434,31.47960662,1393.212919,721.0919043,63.23360172,20.35303796,146.6707325,-0.230847194,3.866666667,0.017997352,3
3010.876818,20.37980083,613.6106985,870.4273475,79.34955596,12.44683761,89.25410486,0.534441086,0,0.005847439,2
836.9068423,42.09269334,352.2766306,795.4449534,55.7406848,10.42442557,49.74801336,0.604674062,0,0.007640332,1
1019.06612,41.0646151,418.4755798,739.8439933,54.48312376,10.94320123,45.30792178,0.261980411,0,0.009599513,2
6628.108547,18.04105122,1195.780458,584.9857901,77.49267751,20.05681042,150.9207231,1.212493832,2.733333333,0.02503265,2
1603.158928,34.83619279,558.479535,837.9201941,64.44483561,11.04531573,79.24159673,2.755934747,0.133333333,0.00615636,2
2884.99932,26.2922246,758.5305008,881.1245552,73.0479821,13.79717739,94.75933337,-0.355541595,0.2,0.007570396,3
1030.359313,40.69859108,419.3417234,732.0206978,55.18484431,10.19683904,67.85923026,2.169454672,0,0.009199477,2
3299.17202,53.51044501,1765.401629,814.236762,44.69193207,20.6618529,67.54681035,-0.381678353,0.533333333,0.013506415,2
2861.706199,26.49806145,758.2966672,860.2211736,72.68526755,14.04250273,81.97108853,-0.235575145,0.533333333,0.008456561,1
858.0423461,35.40337289,303.7759313,770.0097714,61.01020884,9.388287475,42.99000723,-0.242121022,0,0.007589116,1
2257.085857,27.39776316,618.3910373,891.0393406,72.36609003,11.9286927,66.05580324,-0.495562562,0,0.004883218,2
3274.649804,27.38069586,896.6219032,749.7937523,71.84492177,13.69730976,97.26779252,-0.17277389,0.6,0.008848911,2
5074.736244,33.34285711,1692.062055,646.4354253,63.2345438,17.53536492,123.3466124,0.931601803,2.733333333,0.017225722,2
1477.621801,23.41510334,345.9866717,717.9135865,74.36118335,9.241070681,51.20493473,0.055031592,0,0.007347748,2
4805.739443,63.56628544,3054.830052,782.4986931,33.87822123,26.26483777,86.5418566,-0.754356131,3.733333333,0.018192385,1
4713.465796,18.09566865,852.9331525,556.3904898,75.48849619,17.65674322,125.4336265,2.181028023,1.533333333,0.026344645,1
2429.745346,25.35081546,615.9602588,897.568571,74.15391423,13.35802837,90.55018425,-0.321491498,0.133333333,0.007480765,3
2467.311007,26.08660339,643.6376369,846.2730903,72.84108021,13.2435536,68.78868089,-0.143363075,0.266666667,0.008359161,3
2352.041687,67.21400274,1580.901364,825.8004355,31.45053613,18.90668333,60.11722158,-0.159569082,0.4,0.011826471,3
2869.468809,24.79027417,711.349185,1112.859158,75.00451281,15.74774385,289.8879253,0.169476172,0.733333333,0.007853183,1
1084.469782,36.87914065,399.9431361,783.2678242,59.94657236,11.11020595,53.58565806,1.105546605,0.266666667,0.00887028,1
5094.234229,6.702546312,341.4434084,1260.766912,93.18605765,15.08554244,294.8200274,-0.594082188,1.266666667,0.005575012,2
4360.207995,46.69066503,2035.81011,990.7560259,53.1276391,23.01526883,115.1513151,-0.348380878,2.4,0.011493766,1
2396.976069,24.65460565,590.9649972,882.2907805,74.77554775,13.31249451,76.61348091,-0.238583772,0,0.007499407,3
2855.717615,51.59697584,1473.463928,941.54347,47.79549933,20.4002343,69.39057219,0.242087571,1.133333333,0.011738905,1
5318.613447,16.09179391,855.8603149,939.4987815,82.1464895,17.34525009,417.3288842,-1.222204479,2.2,0.015185926,2
4590.533238,16.60487288,762.2522085,582.8307041,77.78261606,17.00323253,160.4531029,0.924586077,1.4,0.025159478,1
1939.990342,35.28129339,684.4536843,794.4243556,63.69131146,13.26204304,66.40218727,0.014651843,0.133333333,0.008815309,2
4535.915577,21.55211375,977.5856846,1089.966855,78.37269854,17.74232504,159.5768156,-0.527752202,0.533333333,0.006510315,3
2112.142052,20.08344307,424.1908468,922.3867316,79.71859332,10.8169094,66.21518746,-0.276786398,0,0.004932616,2
5026.740662,13.10107765,658.5571975,899.3474808,86.64064675,13.81918934,188.2419151,7.008894863,0.933333333,0.006733945,2
4642.318009,38.25321715,1775.835989,1013.875848,61.61285931,21.06026058,101.4292319,-0.387622961,2,0.009243476,2
5356.989089,19.94004005,1068.18577,1112.507711,80.05251326,19.63689216,117.846042,-0.081563047,0.666666667,0.006004906,3
2300.929843,24.62763134,566.6645192,834.1579607,74.0974357,12.68658296,62.89880337,-0.168652958,0.266666667,0.008217899,3
3123.271903,18.69502849,583.8965722,766.8603203,80.81835682,11.02802012,113.5291547,7.171286912,0.333333333,0.006360919,2
2402.805533,34.39183513,826.3689174,792.8395689,64.38795828,13.73499542,101.3694912,0.194093141,0.6,0.009267266,1
5574.134548,14.5052332,808.5412153,824.322252,84.69035312,14.99914042,116.2558263,5.896035804,1.266666667,0.010458753,3
3837.803656,52.42824078,2012.092941,880.158317,46.74372517,21.30663616,99.49270595,-0.051009889,1.2,0.012136238,1
1522.364479,57.22310509,871.1442258,790.0086093,41.61175827,12.12868049,53.07270421,-0.249597569,0.133333333,0.006732824,2
7013.804199,18.87025083,1323.522445,1092.963136,81.02427694,21.01031923,273.6344413,0.862789262,3.533333333,0.009060363,3
4243.396966,17.38337624,737.6456598,659.1094781,80.72764687,13.00436872,132.5478263,3.137022317,0.733333333,0.015460984,2
2110.839007,26.04564202,549.7815715,794.2875748,73.14717874,11.35389577,95.70996612,0.628552939,0,0.00692686,1
1805.04561,41.0317011,740.6409193,805.1260314,55.89526231,14.98223855,63.77517342,-0.257785542,0.4,0.011051372,2
2221.830907,35.02603157,778.2191948,809.2947553,63.01655246,13.93692249,82.5853679,0.565781359,0.866666667,0.009746651,1
972.3629113,36.09866328,351.0100132,823.8285642,61.82281689,9.30893793,51.26175493,-0.51447784,0,0.006482957,3
2092.851668,23.32142705,488.082875,1107.209596,76.67477082,12.20093335,73.13480389,0.641263533,0,0.004118675,3
5384.364937,20.28218259,1092.066728,1109.593085,79.71018742,19.38623269,116.9244095,-0.019507762,1,0.006153741,3
4081.16759,21.37973732,872.5429104,946.7594494,78.52489725,14.69164485,121.0352035,-0.186836717,0.133333333,0.005923295,2
2890.448826,18.11025399,523.467624,945.4494313,81.42457178,12.81662049,327.3453262,-0.369429595,0.6,0.008066451,2
2941.077095,60.69228373,1785.006855,699.6487654,34.60968344,20.1558631,71.25464431,1.623314744,1.133333333,0.016994667,2
4637.964041,11.22129975,520.4398472,827.0267762,86.92767009,15.74506798,287.7611697,1.938010441,1.133333333,0.017976369,2
1121.321991,52.89004982,593.0677596,809.825221,41.94080905,14.49615595,53.19939489,0.009284883,0.066666667,0.011757762,1
4071.693729,22.77499389,927.3279979,930.5615137,76.91774219,15.95402906,102.5645,0.297610812,1.133333333,0.008161113,3
3613.13666,45.28450319,1636.190986,1019.127419,54.59637843,20.90694802,86.25890187,-0.151122113,1.333333333,0.00963782,1
8911.598191,9.380087241,835.9156849,1004.357214,90.33401783,18.80519947,243.8873594,-0.721855862,2.4,0.009639427,3
1938.102759,20.8662685,404.4097256,734.2761653,77.70221205,10.21688147,62.15352884,-0.199250238,0,0.007433932,2
3103.353236,26.95862857,836.6214722,880.0838394,72.48869712,14.83172683,105.6139672,0.328920675,0.933333333,0.008472975,3
1577.832113,57.06069758,900.3220102,778.3976581,41.85932322,11.87723789,50.80407556,0.038537519,0,0.006452583,2
640.1355629,45.00568276,288.0973807,715.0844509,48.16193029,9.247837096,33.99631864,0.708733329,0,0.008701864,2
3134.49525,15.87533198,497.611527,813.9501327,83.13244227,11.89462089,75.64345622,0.088301259,0,0.007602568,2
1867.41028,15.59017143,291.1324639,813.8652837,83.70431076,8.625335426,101.2962198,2.300494713,0,0.005385127,2
2440.06534,22.41889101,547.0355891,924.3217334,77.42746726,11.84125304,83.54595616,-0.645353764,0.133333333,0.004812967,3
4301.57894,42.8967417,1845.237207,1002.496633,56.96510537,21.81182545,90.56188952,-0.337885455,2.6,0.009581927,2
2718.646635,35.40387225,962.5061817,853.6838486,63.1291778,15.38750066,73.15592687,1.118166734,0.533333333,0.009674304,2
1641.628592,40.90139458,671.4489879,832.6779226,56.03887857,14.03222151,73.4976137,0.437279831,0,0.010074586,3
1135.242678,59.76483356,678.4758971,774.397482,38.92587194,10.87551705,42.98179188,-0.010687615,0,0.006321282,2
2495.03403,21.54544909,537.5662867,917.7514048,78.2197607,12.04443526,80.67311769,0.057572073,0.133333333,0.005811128,2
1637.604715,23.54720622,385.6101594,731.8541797,74.60567437,9.587331656,63.52616771,-0.234733516,0,0.007267447,2
3344.777747,61.425446,2054.544649,719.7369772,35.97478225,19.31877001,83.39380374,-0.680377964,0.733333333,0.013740523,1
3688.744281,3.119559126,115.0725589,1146.339041,96.71735375,10.34163483,554.9055849,-1.868840916,0.4,0.004985309,2
1135.190184,42.93235884,487.3639233,725.6391487,52.76326596,10.95123888,71.42708605,-0.495161273,0,0.009770977,2
1747.146504,58.29745711,1018.541984,806.8197716,40.73212573,13.41725826,60.87492143,-0.250368519,0,0.007399725,1
616.6692097,41.76250263,257.5364949,705.3571917,50.27163461,9.395627269,32.90116599,0.606598128,0,0.009206375,2
2557.446306,22.38530951,572.4922712,866.90348,77.27773487,11.2865339,114.7016495,2.362292545,0.6,0.005831961,2
2928.717252,28.94619945,847.7523371,893.3815336,70.94045571,13.474932,78.85604733,-0.341051405,0.133333333,0.005097758,2
898.9133619,49.95155905,449.0212388,788.5961106,47.10077732,10.99700186,48.21999951,0.199436403,0.2,0.008365071,1
3357.602083,30.94582697,1039.037731,834.1616428,68.74416359,14.82205805,117.5834012,-0.887531074,0.133333333,0.007753718,1
486.4512971,45.63130885,221.9740938,782.3091886,49.78534678,7.672945958,47.6426658,3.682262418,0,0.006247476,2
3335.210511,26.05582872,869.0167382,771.8697393,72.17268802,15.09205717,107.7464496,-0.520314979,1,0.012371257,2
1988.844734,26.97279421,536.4469971,925.976989,72.67635989,12.14923549,64.18576924,0.019634933,0.133333333,0.006269084,2
4407.683741,40.39482881,1780.476302,905.6703882,59.24343994,18.76891617,122.8119725,0.189225405,2.6,0.009304017,3
3379.700333,18.50747294,625.4971245,942.6353477,81.42286429,12.97228891,91.62743386,-0.258958587,0,0.004625758,1
4452.9954,34.74164949,1547.044054,726.8801313,61.92212851,19.62737487,138.2601563,-1.136944696,3.066666667,0.018236898,2
5278.205003,8.880249123,468.7177535,918.7361429,90.81448276,13.12908206,371.7256774,-0.802926742,0.6,0.007241379,2
5554.684599,7.955753076,441.9169908,963.801764,91.33474126,14.56054234,365.1962907,-1.160542771,1.333333333,0.012706523,1
5060.289825,52.85565907,2674.649538,1028.183345,47.07592703,24.34613786,99.14161514,0.088850167,3.333333333,0.009893808,2
6672.996011,10.37757186,692.4949565,1062.654496,89.49778191,17.04722437,276.2179901,-0.64053664,1.866666667,0.007904376,2
3167.723746,51.52872337,1632.287606,794.184385,47.83209085,16.25925121,102.6651207,0.533714208,0.6,0.008635286,1
2876.498488,29.78579631,856.7879805,893.4191484,69.41555645,14.31162699,106.2769855,-0.295275245,0.733333333,0.008300973,3
4571.389376,41.71175338,1906.806663,1023.848171,58.17677426,21.50844974,101.0480405,-0.371359389,2.533333333,0.0091978,2
2536.00356,53.89575161,1366.798179,810.0738066,44.29362882,19.0294561,62.08035126,-0.511827622,0.2,0.01297246,2
1897.13714,60.48422963,1147.468784,804.0507007,38.73853357,13.87230519,63.56934853,-0.27433082,0,0.007323951,1
2917.230999,26.32482095,767.9558372,881.2955176,73.08977766,14.04676043,94.81501644,-0.360268599,0.2,0.007725226,3
5472.633882,16.7770683,918.1475241,898.0120922,82.6164499,17.15200808,186.5815329,1.418811093,1.666666667,0.010179383,3
3979.144499,45.00906515,1790.97574,985.1802066,54.74024084,21.72185987,96.3425267,-0.122548773,1.266666667,0.011052401,1
1719.774318,35.53973262,611.2031941,737.3187071,63.26155948,10.35458987,73.72780768,-0.814472927,0,0.006579117,2
3027.051892,39.34443755,1190.976541,798.8922796,59.04961489,16.39883207,78.17236229,0.728152592,1.266666667,0.011232457,2
1503.46044,26.20066419,393.9166211,665.9047364,71.37269796,9.029091551,47.00934633,5.067703555,0.2,0.008407516,2
8909.590159,8.036263975,715.9981842,1059.4005,91.89711494,18.56610918,196.6679355,0.146526154,2.6,0.007115137,1
4198.973228,45.50123283,1910.584585,948.3020369,54.11010502,20.36915945,125.3966916,-0.526206287,1.6,0.009489085,2
4827.616667,52.80162207,2549.059908,1026.892512,47.12517703,23.80001097,93.60955769,-0.225869051,3.666666667,0.009717181,2
1405.919841,46.51072948,653.9035741,787.4096336,50.68630723,13.41834504,59.31589118,-0.048333375,0,0.010177032,2
1604.655214,46.31094582,743.1310068,841.7736775,52.1031526,13.63999972,56.2658366,2.259600517,0.266666667,0.008603614,2
4186.407075,38.28843855,1602.909901,735.2788725,57.71200094,19.70800273,142.3275903,-1.200553824,3.066666667,0.01819698,2
1086.052556,61.83167952,671.5245359,783.5507838,36.7672608,10.92068446,43.54228394,0.007358715,0,0.006664392,2
4359.557697,24.62656012,1073.609097,1058.440032,75.28946481,17.45652137,161.41732,-0.922609729,0.533333333,0.006522675,3
6269.659638,28.45006715,1783.722377,978.8107075,71.18855532,21.96532597,266.5609975,5.719389627,3.733333333,0.011308945,3
3377.918456,66.60162417,2249.748555,720.7247291,28.71924686,22.18390216,66.89803862,-0.091838787,2.266666667,0.017485132,2
3741.738648,28.16565596,1053.885234,825.8164504,71.26195905,14.87089407,88.68346737,-0.298591933,1.066666667,0.008139844,1
1879.797602,66.92132439,1257.985451,809.1248542,30.45802498,18.1048254,55.09507027,-0.327223574,0.133333333,0.012439161,2
3491.232425,70.4441714,2459.369754,725.1618291,25.55112764,23.06193506,72.59564951,-0.557944753,1.866666667,0.017195633,2
2131.057721,44.84831809,955.7435455,742.9588804,52.01284237,14.06453795,86.94834474,6.15238615,0.866666667,0.012462968,2
3529.485181,69.68278321,2459.443507,727.2472535,26.17550458,22.85496153,70.43421523,-0.367368206,2.266666667,0.017595363,2
2653.756461,24.66939381,654.6656322,867.93272,74.96147558,12.26290549,112.0085052,-0.019470735,0.666666667,0.00640486,2
2689.292984,30.9686058,832.836543,807.235592,68.18919455,13.87832484,71.12018149,-0.155121968,0.466666667,0.007735083,2
1637.527844,23.83558029,390.314264,730.8324662,74.52788224,9.5755652,57.03925192,-0.366248246,0,0.006787423,2
6053.009526,12.97595795,785.4359711,689.0240694,84.09878106,15.63126449,180.1573041,1.758006008,1.933333333,0.01677428,2
4744.545519,37.08663915,1759.592476,1025.964419,62.81413647,21.2308641,101.0856918,-0.162790169,1.8,0.008790875,2
848.5953583,44.57940892,378.2987949,749.1788666,51.88348455,9.421501849,61.78036103,-0.583497386,0,0.007447704,2
1033.62779,33.51688225,346.4398093,834.8102948,64.51097308,9.634179719,49.48411434,-0.317894474,0,0.006690225,3
2848.141893,33.99396761,968.1964325,791.8439535,65.05940673,13.83217547,74.04511874,1.670061479,0.133333333,0.008379433,2
3648.190885,28.96217856,1056.595558,1108.487432,71.02248297,17.75706985,91.53900797,-0.277369694,1.066666667,0.006588443,1
1549.529135,41.84134739,648.3438683,804.6045657,54.61782588,13.96447939,52.35000108,0.321812121,0,0.010731258,1
5251.134346,25.13047579,1319.635046,726.6194334,72.1495811,17.68242707,296.5050373,4.344777811,2.733333333,0.017102767,2
1118.3149,61.91482189,692.4026785,783.8110295,36.56897934,10.95815222,43.77465586,-0.002983475,0,0.006639945,2
3348.429776,20.35607872,681.609001,787.3995353,79.22651471,12.24972722,93.30623813,-0.021172805,0.2,0.007386834,2
4839.780621,20.1857761,976.9472797,884.1547833,79.21060551,16.39343708,129.662493,-0.213771113,1.6,0.009506018,2
3764.533391,73.47242458,2765.893956,759.1949713,23.53082091,23.20586854,81.67594309,-0.714873088,2,0.016224124,1
2466.500981,20.28678724,500.3738064,955.0585941,79.60431599,11.66940798,65.79745208,-0.158222487,0.2,0.004815286,3
5025.238428,19.66476145,988.2011494,1114.757062,80.32810723,18.97246685,116.8474433,-0.064560973,0.466666667,0.005744026,3
4414.906736,37.38119123,1650.34473,1026.958409,62.56391832,19.89636736,114.3337317,1.24915363,0.733333333,0.008341789,3
2479.684886,37.46416209,928.9931651,919.8993142,62.20120023,14.27906463,158.3412753,-0.491944212,0.466666667,0.006819183,2
2741.010295,23.48053769,643.6039556,905.8381506,76.45840505,12.08604816,68.02609887,-0.234932356,0.133333333,0.004152028,2
1602.062381,28.68297311,459.5191218,743.6495737,70.16361409,9.547966992,58.13272111,-0.33578171,0,0.006185717,1
728.9156672,31.39335774,228.831103,872.8608291,67.14801872,8.371025666,45.19638648,-0.109229564,0,0.005503639,1
2286.707897,15.08795972,345.0175664,827.1124765,84.0655561,9.865535706,74.74197841,2.163762952,0,0.006215619,2
4554.136462,69.51677441,3165.88877,785.7611716,27.7629269,26.36853635,80.93786381,-0.589870201,4,0.018323768,1
5406.508448,13.51490479,730.6844692,625.3721825,82.35272546,17.0656696,195.6216792,0.476430215,1.466666667,0.02393278,1
1865.700744,29.61496499,552.5266222,797.3803383,69.34306612,11.46130647,73.18463092,0.523308074,0,0.007164121,1
1253.42209,35.40519245,443.7765033,814.6951451,62.74499152,10.42375267,52.67101116,-0.354661393,0,0.007267076,3
2237.303835,52.3891271,1172.10395,706.5033119,43.28978619,17.05318461,72.91008435,2.650527832,1.533333333,0.015456163,2
4888.436829,44.98771747,2199.196149,1048.774754,54.92799935,22.88042917,99.45436658,-0.421478476,3.133333333,0.009082985,2
3212.329908,32.24802478,1035.912945,753.4754067,66.56080684,14.01544453,88.33012126,0.722763738,0.6,0.008897391,2
2681.977119,42.37795374,1136.567023,614.4025374,48.337305,18.31102902,123.9019835,0.764182636,2.133333333,0.023754078,2
979.7837846,53.29517413,522.1774741,914.1010043,45.94529055,10.56626747,88.6255554,-0.786023083,0.2,0.00596588,3
2044.153247,59.75011963,1221.38401,828.0068654,39.54116103,14.70022943,61.28309426,-0.223295286,0.133333333,0.007938461,1
2095.747662,35.09439028,735.4898638,859.7752745,63.49426276,14.3350233,61.48472932,0.116279993,0.466666667,0.009414647,2
2066.419162,34.14352961,705.5484384,863.6941452,64.6821425,13.86828645,61.44495397,0.346279872,0.533333333,0.008691887,2
682.3229325,39.83088693,271.7752757,822.984122,57.38853079,8.22501393,47.42539368,-0.763344032,0,0.006047478,3
3556.565301,66.17273803,2353.47664,724.0221669,29.87107272,22.48205056,69.75075571,-0.089722601,2.533333333,0.017554436,2
755.6136397,44.49745399,336.2288317,729.8869248,49.95222424,10.07927174,36.31275799,0.754307864,0,0.008971971,2
2136.077594,36.00893288,769.178747,787.5904018,62.87797907,12.35155843,67.42174945,-0.044880356,0,0.007690323,1
5142.057912,31.73627846,1631.897818,1069.589279,68.24556685,20.50798347,105.3310015,-0.083274161,2.133333333,0.007753028,1
1707.71102,23.08530231,394.2302516,724.2182272,74.97906212,9.618277299,57.99801729,-0.453313863,0.133333333,0.007830823,2
5143.526242,14.33373233,737.2592841,891.6284318,84.75797857,15.43452694,301.4738448,-0.548721673,1,0.012986077,1
1859.545355,32.84915283,610.8448954,905.5069135,66.65111636,12.3546307,77.25632521,0.47390227,0.466666667,0.006862285,2
3040.388419,32.31610496,982.5351127,817.6582517,63.6200105,17.82995157,121.5090255,-0.42940103,2.066666667,0.015636136,2
3522.019492,20.90282538,736.2015843,1063.299259,79.05700258,14.73520302,131.3427731,0.569731835,0.466666667,0.005073434,3
2000.166524,25.84735256,516.9900934,829.1477936,72.95084557,11.89198121,66.54291428,0.672703772,0,0.00752299,2
783.2838509,35.93049685,281.4377794,881.1856752,62.32314204,8.908627811,54.04772412,-0.244776975,0,0.005961581,1
9332.754083,3.929255525,366.7077554,1197.113036,96.06221524,16.66439408,288.4093083,-0.1150738,1.533333333,0.00449685,3
3690.05633,4.086592916,150.7975806,1006.627162,95.68046018,10.17572707,527.4222005,-1.50698698,0.4,0.005650152,2
3011.923845,30.03677445,904.6847719,680.5027284,63.26176761,16.49574146,130.2416478,-0.189771373,1.533333333,0.020953964,2
4266.082535,33.62893955,1434.638317,717.5672223,62.97085348,18.75599496,130.5028431,-0.999633071,2.466666667,0.017800741,2
1146.813313,54.93744951,630.0299849,751.6038078,36.05600949,14.63836471,43.09726326,-0.187699375,0.066666667,0.013547839,1
1729.67755,23.52072761,406.832745,746.3515589,75.36488148,9.218686607,85.57688213,-0.821316577,0,0.006531964,2
4867.619092,30.01395441,1460.964975,646.7538758,66.4051683,18.49731575,170.9415146,0.15842763,2.133333333,0.02268802,1
3203.78635,39.80906483,1275.397385,923.487643,59.31301695,18.01694697,97.48777919,-0.053052907,1,0.010530669,2
2547.497033,17.25144489,439.4800468,843.9445815,82.23668052,10.86554422,121.4479078,-0.766462346,0,0.006307382,2
4506.512394,26.77504533,1206.620736,918.28055,72.89402003,17.33253471,106.135452,-0.238581628,1.4,0.009158444,2
2315.954052,30.33159359,702.4657706,662.0244864,64.80984335,14.05813799,148.9593961,-0.360046977,0.733333333,0.018615458,2
1941.0658,39.3186026,763.1999478,758.8649157,59.54993558,11.92522622,71.05476309,-0.092337583,0.2,0.007723561,1
4626.943168,2.621779998,121.3082705,1317.74415,97.30057368,12.85708435,536.038687,-1.610630292,1,0.004664702,2
2669.667831,20.80743967,555.4895233,922.4425943,79.08221544,11.90388603,95.64300569,-0.661677325,0,0.004594525,1
2951.285068,17.7387112,523.5199349,900.8689965,81.93476125,12.42173282,91.7982008,0.92888762,0,0.006574929,2
3763.015517,17.21706894,647.8809756,736.4559654,80.71449855,14.13123355,118.8886746,6.394477328,0.6,0.01327077,2
4770.812588,63.83912456,3045.644991,773.8640251,33.35869336,26.29379047,93.91194246,-0.719354346,4.133333333,0.018518617,1
2612.730956,36.68495576,958.4791951,868.4570904,62.06182627,15.37472229,73.71157652,1.711030289,0.4,0.009642859,2
9956.236294,6.947040678,691.6637853,1055.937344,92.95794716,18.15792556,308.3063576,-1.125864525,2.6,0.007890932,2
3422.800711,57.90430794,1981.949064,712.1646515,38.61831842,20.4093628,78.75320887,0.919132378,1.2,0.016050325,2
780.1080426,36.69187724,286.2362854,728.8757653,57.60132016,9.963326375,37.7796266,0.382248219,0,0.009173899,2
3438.914711,64.5395395,2219.459718,732.9018564,32.96711488,20.66076892,79.06978723,-0.637302103,0.733333333,0.014436261,1
4059.3536,20.3592858,826.4554012,771.2198992,78.66557274,13.42529595,111.7299549,0.660200632,0.266666667,0.009428311,2
3642.387923,18.58104697,676.7938109,886.6892062,81.05883744,13.41304543,93.34458182,-0.055145092,0.133333333,0.006793277,3
4170.363568,34.72991833,1448.363861,1004.812529,65.15572499,19.19599243,126.3852176,-0.599999701,1.6,0.008147898,1
5940.79655,12.54990689,745.5644357,916.2697523,87.21759182,14.95171362,157.7819853,0.082956785,0.866666667,0.007197882,2
3315.628169,72.56522992,2405.993204,720.3927953,23.1143143,22.84878503,73.60853359,-0.379338602,1.466666667,0.017488434,1
6400.90362,24.86545201,1591.613618,678.0244521,73.97989312,16.60225328,170.1218352,0.059525476,1.666666667,0.022322793,2
1962.4962,18.18436438,356.8674599,655.3802846,79.36771023,9.269219475,103.159312,4.16589382,0,0.009446565,2
7610.037195,14.8573596,1130.650592,961.1200325,84.9778827,16.85217588,217.8076163,1.680580477,1.266666667,0.009895868,3
1456.420344,63.7318693,928.2039103,798.8224998,34.34257131,13.52034556,46.30122541,0.233204958,0.466666667,0.008743275,2
9517.482504,5.618852105,534.773266,1124.71142,94.21162958,18.27429087,378.2247028,-0.562725872,2.533333333,0.015298603,3
6443.300716,13.02808854,839.4389223,987.4800794,86.87076777,16.95389554,172.1518038,0.970077961,2.066666667,0.006807299,3
662.3033529,43.29236912,286.7268122,716.5748401,50.29002906,9.259211802,33.87565954,0.81735947,0,0.008496168,2
1088.478869,49.34121962,537.0687495,735.6058801,43.5018869,12.26954406,74.16813338,-0.455927675,0.066666667,0.01181856,2
1513.059531,30.41797814,460.2421175,754.4598611,68.20052577,9.947454158,69.11120858,0.062581632,0,0.007037193,2
3887.515471,72.0129921,2799.516209,756.0907519,24.63828504,24.64931145,76.91768672,-0.901697267,3.4,0.017747087,1
4344.66605,45.68577957,1984.894555,956.33418,53.97518404,21.09959221,130.8509756,-0.637526314,1.466666667,0.009583004,2
2032.256276,23.83067401,484.3003681,734.8884788,74.91960848,10.2233471,61.55205066,-0.147844001,0,0.007168449,2
2744.725504,48.52479105,1331.872316,898.6949024,50.95654843,16.62489785,85.05266402,0.309223037,0.2,0.008822292,1
2776.125141,65.04893903,1805.83995,695.0483634,30.51630137,19.24351543,68.28724266,-0.278801535,0.8,0.015634769,2
2849.017207,34.1321175,972.4299009,818.5460907,61.67866165,18.58657746,123.8628214,-0.524621974,2.2,0.015851615,2
2759.292515,30.31923325,836.5963336,822.4918743,68.93162535,14.20552011,82.83305773,-0.289431584,0.4,0.008069937,2
1542.994235,60.70989662,936.7502048,783.2985233,38.311083,11.96083153,52.29959106,-0.128773095,0,0.006345483,2
5236.173994,27.61219457,1445.822551,611.2837307,67.73950274,18.60569712,176.3709951,1.018503195,2.133333333,0.024513343,1
6123.088975,8.347856477,511.1466796,1210.416111,91.56763311,16.85352778,289.8047114,-0.872337676,1.733333333,0.006447377,3
2436.814054,67.88539433,1654.24083,824.3677414,30.88689643,20.77622867,58.80436735,-0.181414972,0.466666667,0.01365074,2
2417.576132,20.46334532,494.7169522,765.5354985,78.73511764,10.24324387,176.5507393,2.158267753,0.2,0.006511226,2
4631.519111,35.96509353,1665.73018,905.8345214,63.60938623,18.04224668,114.5042948,0.584044053,2.533333333,0.009105928,3
1371.378118,29.54486717,405.1718434,766.2831582,68.44637895,10.19051267,51.67690446,1.802053532,0.066666667,0.007559891,1
11253.10197,7.614608337,856.8796407,913.5815825,91.60853876,19.07841415,325.8743556,0.546484645,2.4,0.012724339,1
9693.656244,13.60540741,1318.861425,814.586805,85.11043915,20.82542631,226.6531103,1.16286382,3.533333333,0.016514725,1
1174.347575,45.07221548,529.3044694,863.7922492,53.28803535,13.28300248,56.66419971,-0.046852786,0,0.00893582,2
3420.735325,31.33231069,1071.79542,818.0724339,68.00664128,14.64341894,87.19504656,-0.354183247,0.8,0.008236396,1
2958.010297,32.02458698,947.2905804,747.8148589,66.9229506,13.16967685,87.6016992,0.283642008,0.4,0.008610941,2
1222.32298,41.059039,501.8740689,796.4126087,52.87569655,14.33967532,63.26578008,-0.338001669,0.066666667,0.012434518,1
3531.2008,70.21663736,2479.49046,728.425627,25.85406769,23.11152316,70.6375138,-0.399235261,2.333333333,0.017651856,2
4867.303771,15.62905778,760.7137185,946.0202032,84.22414534,14.72035682,168.0014126,-0.703523378,0.6,0.005763737,3
1841.998497,24.5795263,452.754505,707.2874452,73.94253532,9.211141696,81.24754723,1.828871834,0,0.007149589,2
3614.796223,44.73009044,1616.90162,1059.096654,55.23089225,20.86290742,84.84213177,-0.268117746,1.8,0.008392879,1
777.3439551,44.00584149,342.0767487,728.3381857,50.67462865,10.1746413,36.92101818,0.641145645,0,0.009019742,2
4975.393308,21.42005927,1065.732195,698.5890329,76.03720464,17.00369946,168.1223379,-0.183221215,2.6,0.016289394,2
2463.242183,43.5916886,1073.768862,887.4411597,55.42936747,16.66495223,77.85723183,1.068500918,0.466666667,0.009960866,2
3006.73728,32.84271854,987.4942621,1019.753298,66.93763846,17.06102845,166.7531354,0.954937747,0.8,0.008558022,1
2109.601798,41.18016743,868.7375526,834.69971,58.07931448,13.8694248,81.11667812,-0.063593844,0,0.007838845,1
815.770068,34.11194105,278.2750047,730.9788562,61.04321555,9.632823535,43.01371298,-0.051743522,0,0.008885688,2
1229.961477,59.32349413,729.6561246,782.1213195,39.49668933,10.92231768,48.7234892,-0.453463903,0,0.006294185,2
2921.852345,39.67322636,1159.193095,788.7044095,59.22237122,14.04605959,74.61146579,0.81496618,0.266666667,0.008831376,2
4632.524395,25.34286715,1174.014503,876.2362397,73.74948409,17.39618993,110.7770865,0.854805458,1.733333333,0.01047224,3
1811.619655,27.67463799,501.3591813,840.385768,70.17785628,14.19874168,61.28641614,2.735839303,0.4,0.010618295,3
3590.203481,8.015834129,287.7847559,760.6819385,91.36405813,9.932315388,368.2397821,2.89779393,0.4,0.007099369,2
751.9868176,35.87114373,269.7462721,759.1879733,59.6629314,9.496240788,40.33461565,0.399270757,0,0.00807259,1
3544.938024,70.32391308,2492.939135,722.1136521,25.8750026,22.33442257,73.22946183,-0.629349521,1.6,0.016600126,2
2566.507413,28.86059008,740.7091838,982.6553038,71.02913048,13.97119867,81.39796925,0.046667508,0.133333333,0.006193099,2
2455.680925,57.67256852,1416.254264,812.4935886,40.3512645,18.77464454,61.78735373,-0.471503719,0.133333333,0.012729182,2
1698.070324,15.44550138,262.2754753,636.0433275,82.33417914,8.328544226,101.9500575,6.228848388,0,0.008977461,2
1935.628394,14.92284585,288.8508415,798.481946,84.33171226,8.575982148,106.3451778,2.229589223,0,0.005352988,2
4615.05409,33.88301076,1563.719274,888.7571495,65.70699368,18.15301381,118.5263354,0.341910052,2.533333333,0.009248068,3
5064.312555,16.80230794,850.9213907,929.9121096,83.00874368,14.67745968,151.630498,0.369429792,0.733333333,0.007068283,2
6618.746889,32.16097273,2128.653382,754.4506238,65.76363801,21.82555916,160.3618848,0.917474645,3.533333333,0.016478044,3
1722.73583,28.31019799,487.7099243,861.1918967,70.98288638,10.99863541,68.4340377,1.090333802,0,0.005921907,2
2442.278075,30.13493449,735.9788981,857.98575,69.52992348,12.7020634,64.34080718,-0.660624867,0.133333333,0.005724616,2
6742.743796,12.51189232,843.6448434,968.5594676,86.24273766,18.19768752,260.72378,-0.447157161,2.8,0.01413391,2
2128.781193,25.46943326,542.1885053,762.767783,73.48370121,10.81046782,81.96432998,-0.069124321,0,0.007466577,2
2065.620814,25.12633627,519.0148318,848.2251552,74.36702223,10.66679321,68.12148742,1.080874857,0,0.005748913,2
3391.641029,33.56867808,1138.529059,808.5346712,62.82033653,18.59333589,128.9874065,-0.826095377,2.266666667,0.015906426,2
1784.099682,55.90188897,997.3454235,634.5703429,40.32024469,12.54326415,61.722614,0.669364244,0.533333333,0.010845588,1
1432.889628,49.7847361,713.3603198,610.1313581,45.96496663,10.72153404,47.65936205,7.127797361,0.6,0.01036552,2
2375.24966,58.46831633,1388.768485,769.3942552,40.50787899,14.92492947,67.10897382,2.316451282,1.333333333,0.00890054,2
3155.717713,33.04711118,1042.873541,594.9686768,56.06437689,18.65127056,127.5269677,-0.787154266,2.333333333,0.024566818,2
4913.732712,25.41716786,1248.931692,759.0491111,73.26092678,15.865204,267.0957907,0.250778769,1.466666667,0.021987503,2
1390.853376,29.76164429,413.9408345,766.15118,68.23149536,10.17864351,51.72117872,1.788868911,0.066666667,0.007569024,1
2624.44782,25.21444039,661.739831,779.8382812,73.42912364,12.30506679,69.51115416,0.197229953,0.133333333,0.008169942,2
510.1288559,40.45479893,206.3716029,775.9609724,55.02988791,7.519944289,47.68064593,2.839362412,0,0.006239477,2
2803.3319,15.63332041,438.253858,802.3333631,83.26766283,11.47760497,75.31116734,0.09447854,0,0.007568972,2
3105.647554,23.14143459,718.6913973,855.9256117,76.00031418,13.71733804,81.91764857,-0.022734485,0.333333333,0.008005718,1
3600.926081,24.2232121,872.2599624,751.7826563,74.02796377,14.26985465,149.9278777,1.270104626,1.066666667,0.011903126,1
3893.511834,19.26577261,750.1151364,895.9900298,80.53315164,13.86142648,94.20773484,0.104789272,0.133333333,0.006544146,3
1416.706092,23.51870255,333.1908918,726.4492483,74.42062328,9.033734221,61.51783347,-0.051696582,0,0.007318766,2
814.8353281,31.92575255,260.1423105,753.8998425,64.16961759,9.02638111,41.0577425,0.162884876,0,0.007759395,1
3731.502674,60.00884225,2239.231553,900.9216482,39.17364705,22.79848329,91.08446747,-0.342426365,1.6,0.013059668,1
3392.627808,23.46044983,795.9257449,730.6294944,75.69690599,12.15446486,91.01797628,-0.178387574,0.2,0.008214907,2
1292.030445,57.09168117,737.6419023,765.712523,41.42837171,10.92226414,50.98731981,-0.511459295,0,0.006528512,3
7120.042394,15.29222003,1088.812549,975.0045616,84.58533934,17.80357614,179.6388032,0.567371719,2.666666667,0.007614049,3
3494.328893,25.97140114,907.526174,766.919757,72.29290578,15.51836126,113.2645369,-0.737380907,1.333333333,0.013176661,2
2878.733761,24.26879902,698.6341107,878.8478698,75.53566206,13.30842053,76.62107592,-0.185479163,0.266666667,0.005743086,2
3429.792532,55.0647623,1888.607106,867.1344157,43.72001078,21.12286606,91.61996056,0.009386388,0.933333333,0.012766214,1
933.4896225,34.43651555,321.461299,782.1432135,64.30106389,8.27245473,57.41345586,-0.641683414,0,0.005323357,2
1891.646831,23.23358781,439.4974276,851.9177556,76.15122524,10.53718653,70.58038195,1.499379404,0,0.00569823,2
6228.630476,20.92029009,1303.047564,1097.470091,79.05828825,20.3458699,168.0172952,0.442692785,2.866666667,0.007264518,1
4699.880482,17.92918583,842.6503052,1007.135038,81.94663372,16.21003905,153.3920153,-0.883089286,1.066666667,0.006055521,3
2656.587915,48.78084939,1295.90615,743.802088,48.47753717,16.18543045,92.20137303,4.774227644,1.266666667,0.013516126,2
1304.792511,31.70708007,413.7116063,725.0940082,65.71532448,9.494394327,51.18711896,0.302063353,0,0.007399394,2
3115.434091,24.70515139,769.6727086,927.6956713,75.21307468,13.21885033,81.95392875,-0.389940993,0,0.004819919,1
4501.278424,41.73918958,1878.797135,1001.743215,58.1350432,21.7673922,90.39684301,-0.327490925,2.6,0.009564983,2
3611.199555,32.74008306,1182.309734,1075.425978,67.23716768,17.77323753,88.84743869,-0.01575684,0.933333333,0.006635779,1
6554.412131,27.60442272,1809.307631,995.8864979,72.08302992,22.3449429,261.1092377,5.81387518,3.933333333,0.01127545,3
3320.164764,24.01183174,797.2323766,930.0201504,75.90920144,13.84402254,78.0603454,-0.508254352,0,0.004852821,1
12963.16603,5.974894658,774.5355146,934.9929167,93.58224403,18.57281674,333.0609011,0.047178832,1.733333333,0.011665753,1
4624.259702,21.24701971,982.5173703,888.0826886,78.1625364,16.47382116,121.5729261,0.056279464,1.6,0.00966412,2
3947.135145,35.26132133,1391.812006,726.3003772,61.49322173,18.9441187,153.6188703,0.056906339,1.733333333,0.018276827,1
1553.967298,41.4378367,643.9304314,828.8816712,56.68797104,13.04190045,73.28282272,1.787902135,0.133333333,0.00869512,2
3434.727024,35.73444474,1227.38063,796.4520999,60.82864001,18.38407376,130.0778599,-0.992950957,2.266666667,0.015585349,2
1389.27731,39.16831588,544.1565251,763.6347008,57.30698984,12.713259,57.82507945,0.089955911,0.466666667,0.010370447,2
4263.359275,39.04017012,1664.422714,971.3421105,60.6514876,21.35891566,107.798948,0.192629271,1.333333333,0.011356848,1
4294.325417,43.63435134,1873.80104,1031.348697,56.28558094,21.94629215,95.53779919,-0.348216056,2,0.009333544,1
3429.37701,23.06823119,791.0966172,790.6016229,76.55726911,13.11147095,113.5821244,-0.927026315,0.133333333,0.007491271,1
3146.971874,43.72905449,1376.141046,665.9067185,51.07866256,16.42550971,98.6154279,0.936673107,2.333333333,0.017349982,2
2587.825969,24.2940089,628.6866712,879.0940568,75.14776938,13.2981008,84.04849766,-0.189643633,0.333333333,0.007681494,2
649.1457042,44.71244464,290.2489136,716.1570634,48.6698755,9.415932953,34.44413653,0.711106796,0,0.00857499,2
835.6482973,33.35709284,278.7479783,881.8128094,65.57637342,8.762218738,46.74543759,-0.372818793,0,0.005580701,1
3148.801337,50.88433331,1602.246568,916.1607806,48.16466734,21.10977393,87.37681006,0.076620199,1.533333333,0.012452991,1
1910.31739,28.52349694,544.8893222,954.2208361,71.32859289,11.95609936,55.67358523,0.507931144,0.2,0.005586635,2
1901.158135,65.51856304,1245.611491,807.0339213,31.93780065,18.44672107,55.28464592,-0.285970093,0.2,0.012745951,2
2553.046929,26.61417565,679.4723942,739.3517707,69.00973055,15.74643745,141.7984535,-0.682364746,1.266666667,0.018612556,2
3068.694384,38.98174738,1196.230693,814.4599238,60.05848084,16.07581414,104.1271133,-0.361560365,1.866666667,0.009961587,2
3210.966884,44.13682887,1417.218959,795.7297724,53.45979225,17.88430038,93.61140311,-0.007381962,2.333333333,0.012743745,2
612.0054327,42.99951485,263.1593669,714.2246036,49.83908727,9.221711973,33.42580782,0.821377578,0,0.008765356,2
2392.590867,29.19511001,698.5195357,873.9907472,70.36141117,12.20810696,111.4049189,0.141061187,0.666666667,0.006491903,2
1977.600722,21.88200526,432.7386941,735.7038779,76.87699572,10.25412471,60.96390447,-0.064833439,0,0.00720277,2
1085.086016,38.23246924,414.8551771,954.1240057,61.44377177,10.09807159,62.18741014,0.130542801,0,0.005108577,3
4150.959416,20.66059028,857.6127176,956.2213871,79.07935888,16.03551117,133.6281323,0.618468927,1.133333333,0.008020208,3
2785.406887,21.73371483,605.3723896,870.3783677,77.96170356,12.53340009,89.38376739,0.518279796,0,0.005942285,2
1655.330294,24.1270585,399.3825084,738.393407,74.16222167,9.522286223,61.50242526,-0.138370583,0,0.006958041,2
2796.404021,24.83526903,694.4944619,890.7235804,74.92978019,12.61437904,90.07365734,0.415505745,1,0.006276522,2
3598.795764,31.65286631,1139.122012,930.0354772,68.00207335,17.84043658,113.4805187,-0.227613961,0.933333333,0.009543046,1
1205.497303,35.28465255,425.3555349,743.057276,61.05628236,10.7479601,48.18452465,-0.225747225,0,0.009061221,2
701.6466124,41.88658976,293.8958381,730.7038557,52.27953254,10.10004075,36.71991843,0.490887936,0,0.009119774,2
3378.414488,28.78320239,972.4158796,740.3763393,70.03463985,13.78015491,92.28391682,0.034723172,0.6,0.009010726,2
1385.886613,32.45290761,449.7605021,751.5705907,65.98674891,9.727885247,55.41520292,0.311283641,0,0.00661663,1
1958.816823,66.17549035,1296.256638,808.7160605,31.37281732,18.67076012,55.14483049,-0.217696458,0.266666667,0.012914797,2
2039.953829,65.40172447,1334.164982,818.7842713,32.31164775,19.56794267,57.36501041,-0.253666445,0,0.013775134,2
1763.715972,19.23702417,339.2864678,651.3202008,78.25915731,9.139470761,103.6151141,4.364677146,0,0.009395471,2
5449.717239,10.41765986,567.7330054,818.9496772,87.97645308,16.54085049,293.278551,1.787785054,1.733333333,0.018227984,2
2128.609519,32.80192868,698.2249763,777.8654411,66.3855909,13.76591426,87.25745,2.346104172,0.533333333,0.009618592,2
2949.335958,31.40538299,926.2502534,877.7082221,68.40736929,13.65395787,84.27747183,-0.400712689,0.2,0.005654834,2
3483.967036,36.14181444,1259.168901,981.7488033,63.61643775,18.83614475,112.7693855,-0.042401442,1.066666667,0.009631386,1
1312.028883,55.82680061,732.4637486,772.2463008,42.89891155,11.09996315,45.12226166,-0.079668357,0,0.006311477,2
1359.643902,60.16110598,817.9768089,791.8109004,38.68544863,11.5625637,48.2217296,-0.021745125,0.133333333,0.006696247,2
2157.226813,25.50608859,550.2241819,823.5644482,71.74031347,14.42894963,97.74881668,1.838941254,0.733333333,0.011521771,3
1931.469611,15.15858448,292.7834527,805.7758376,84.16571811,8.583220695,103.5688979,2.31949344,0,0.00523173,2
4165.679978,68.09107832,2836.456416,753.9246854,29.44187036,23.82080827,81.22400189,-0.727731479,2.466666667,0.016789918,1
2007.298521,62.76841759,1259.949518,819.5047025,35.14368807,19.15719753,55.85965414,-0.239946883,0,0.013269195,2
3718.58535,64.50732219,2398.759833,733.6457399,32.97939868,21.16498764,80.43092842,-0.616414321,0.866666667,0.014774923,1
2707.357722,49.29735769,1334.65582,815.4131609,49.97532958,14.96586754,80.63983712,3.584155631,0.066666667,0.008043816,2
3687.928217,27.20882829,1003.442056,874.1560073,71.54833335,17.0201678,91.30932969,0.521056169,1.6,0.010489891,3
937.5917121,39.64367959,371.6958542,786.8822077,56.08539939,11.47363616,50.0934816,0.235582259,0,0.009475216,1
1955.51245,37.862605,740.4079546,819.2076173,61.25984236,13.09037944,74.85066404,-0.27745228,0,0.00755776,1
2260.667302,58.97142941,1333.147822,797.9798135,38.36644812,18.68884091,68.79536925,-0.075028456,0.533333333,0.013180063,2
3195.646289,23.69797534,757.3034695,865.5026355,75.62559383,13.97039669,78.91365775,0.140313915,0.333333333,0.007924089,1
1830.633447,22.11357055,404.8184187,726.9238445,76.3128102,9.49050374,65.82756325,-0.24329195,0,0.007417379,2
4794.534916,7.051591989,338.09104,1111.565134,92.7834911,14.16015307,348.0802844,-1.509803373,0.733333333,0.007098822,2
6456.274292,16.71064238,1078.884908,1016.376646,83.22174234,17.7578967,180.4257585,-0.40775375,1.8,0.006815079,3
11975.53558,7.371315091,882.7544618,879.7854175,91.93220912,18.91694546,284.786331,1.038771824,2.4,0.012725322,1
3989.109263,17.07569132,681.1679841,774.2446568,81.73454161,13.76518863,160.2731808,0.112432677,0.6,0.010151745,2
3464.373309,52.14533025,1806.508903,959.6273913,47.28546563,22.31831445,80.86757831,-0.186676039,1.933333333,0.012550998,1
3118.503644,35.33531896,1101.933209,927.4123525,63.60724574,18.05008698,107.0429545,0.458925293,1.533333333,0.010727365,2
1051.113656,47.63947378,500.7450146,565.415806,48.96386082,8.13649623,45.19445293,2.721490252,0,0.008617703,3
5303.59053,20.79129838,1102.685332,895.0935615,77.66159756,18.87854801,235.4448118,-0.550383064,3,0.013719704,3
3474.62393,35.93948574,1248.761972,940.3364052,63.58638423,17.41602277,173.4230562,-1.33311062,0.6,0.008840619,3
5294.795357,16.41339944,869.0559116,621.0778949,79.631119,16.74564322,133.1192953,5.409034511,2.333333333,0.021734076,2
700.9040519,44.07327356,308.9113602,725.384425,49.94023842,10.01875065,37.16263191,0.419172496,0,0.008866652,2
767.7223414,47.430313,364.1331095,787.687426,48.73095733,11.1156662,49.22885339,0.289415896,0,0.00898096,1
6017.524193,17.1189632,1030.137752,938.2419421,82.74883039,17.2728265,128.1500565,0.735167959,0.6,0.00765103,3
2550.372998,48.56058555,1238.476061,674.5434434,47.0051176,16.67791855,89.66791083,1.748240229,2.333333333,0.017301873,2
2560.182537,28.93345421,740.7492421,866.7714598,70.8392368,12.3413884,100.8423952,-0.834137635,0.2,0.005369601,2
1397.011876,30.14547878,421.1359186,762.6569658,68.39371509,9.523221179,56.19933488,-0.264578018,0,0.006187468,1
2638.844809,35.48701188,936.4471708,853.7142296,62.90523472,15.87150338,73.62058286,1.06229943,0.6,0.010255815,2
3492.37844,43.07085744,1504.197339,942.6471671,56.34689961,20.91128422,72.71850873,0.116375502,1.466666667,0.012051338,1
8781.452137,3.923909016,344.5761921,1192.032294,96.06768485,15.87093339,269.4629012,0.09543633,1.133333333,0.004331742,3
2389.216048,50.40475232,1204.278432,835.0573158,49.18793924,14.40311262,66.80791087,0.09025226,0.2,0.007242284,1
4802.529337,29.87592751,1434.800183,601.3573077,65.44608863,18.77622355,169.2740944,1.581931306,2.133333333,0.024677648,1
3496.262649,28.37508606,992.0675356,838.8321502,70.82026369,14.83814557,132.0397709,1.245637513,1.8,0.010163536,2
8794.081923,8.803308372,774.1701502,1043.945375,91.12598087,18.73489283,194.9629645,0.214689487,2.733333333,0.007401169,1
693.4883383,38.7435757,268.6821793,821.9943958,58.28122673,8.563981005,48.55933382,-0.744039339,0,0.006366838,3
9479.717842,8.139131425,771.5666939,831.295644,90.9953398,17.58165334,255.7893417,0.033840052,1.866666667,0.014461444,1
3155.895567,50.92564816,1607.160273,793.9705744,48.39838407,16.25012494,102.616817,0.53477932,0.6,0.008641431,1
2931.451525,31.61952983,926.9111894,771.5083633,67.65754506,12.77397373,81.45583508,-0.49298089,0.2,0.007451665,1
2042.342968,19.13547728,390.8120747,716.667849,79.83006716,9.280694487,131.2137508,5.231725205,0.133333333,0.006493021,2
1699.286235,30.37863592,516.2199786,759.0859987,68.18241109,10.56065833,65.73270487,0.329789163,0.2,0.00714716,1
615.7253541,42.21111791,259.9045552,717.6489375,51.13885557,9.40454877,33.48582346,0.631594251,0,0.008672647,2
2766.509602,22.46064929,621.3760193,896.7859306,77.41826988,12.39163554,68.31589246,-0.373253143,0,0.004487698,2
799.1280442,29.56389769,236.2533974,878.5568739,69.2660631,8.438193645,46.0001748,-0.328885036,0,0.005357223,1
5345.434425,43.05210234,2301.321899,1038.160665,56.89343917,23.4533971,107.6204741,0.125261138,3.4,0.009101797,2
4242.7533,50.05404041,2123.669451,1004.187291,49.737226,23.31544847,99.74548908,1.249945836,2.733333333,0.011682417,1
2895.029161,29.6340449,857.9142417,815.9190968,66.16756184,17.45658393,120.6916643,-0.410683214,2.066666667,0.015436027,2
2798.671364,15.83153399,443.0726082,812.1548011,83.24233131,11.06629161,81.95535528,1.186943982,0,0.007175014,2
800.2409293,39.61796684,317.0391861,776.9779416,58.87623288,8.159398925,61.70841874,-0.574143196,0,0.005420071,2
3972.206221,67.84197676,2694.823222,762.6122346,29.57374055,23.34911822,84.31591505,-0.625606985,2.2,0.016144286,1
3426.631582,31.26687937,1071.400763,976.7069452,68.32350648,17.94482783,148.847712,0.631135526,1.4,0.009669686,2
1262.96292,48.04788904,606.8270223,792.5501667,48.80766482,13.37637723,54.68043977,-0.240609095,0,0.010407114,2
812.5170202,37.75154618,306.7377381,761.9411313,57.67848322,9.821487749,38.65995336,-0.044133406,0,0.008130352,1
2731.851809,65.69428595,1794.670539,693.251335,29.8685643,19.16980336,67.38395332,-0.252260616,0.8,0.015681718,2
1671.067917,54.58745291,912.193412,803.3407527,44.40777123,12.43272599,52.96807729,-0.184287111,0,0.006951346,1
2417.400291,36.90401512,892.117769,657.5970998,61.07071536,12.1049565,79.87329934,2.673238059,0.533333333,0.009700717,2
9250.391641,3.826178692,353.9365138,1219.261543,96.16708815,16.38134097,268.5566985,0.00964617,1.266666667,0.003841959,3
5940.518947,11.70421108,695.290877,1016.131027,87.71395406,16.63778293,307.5740027,-1.124720383,1.666666667,0.012714109,1
3623.464113,28.34429861,1027.045488,751.5007701,69.73106514,16.34591776,119.1043115,-0.927686337,1.666666667,0.014228654,2
3560.463449,19.73286698,702.581516,839.2428928,79.61605675,12.80978179,103.6770503,1.550657819,0.933333333,0.007844501,2
1944.774928,25.39354538,493.8473039,759.6518825,73.3697723,10.53105548,79.959395,0.010201446,0,0.007381849,2
3232.981195,35.89258963,1160.400673,966.7039017,63.7376522,18.05291443,100.4013031,0.273462784,1.2,0.009083259,3
5618.386136,23.85524114,1340.279561,585.1553587,69.93740348,19.77938086,142.7399414,1.198137735,2.733333333,0.024964182,2
1332.475608,40.40829568,538.4306835,767.8539523,56.63065724,11.24447139,64.4045287,-0.249162937,0.266666667,0.008682448,2
2910.999411,21.08728482,613.8507369,763.5981509,78.26355095,11.08522899,114.3316406,7.17886053,0.333333333,0.006505871,2
3096.888252,56.85735308,1760.808688,827.5058055,41.37006598,21.80417751,70.38178775,0.182233048,1.733333333,0.014718823,1
9112.31197,7.34645709,669.4320888,1124.204887,92.27592068,18.69759656,381.7596293,-0.575667732,2.733333333,0.015641231,3
2874.060668,26.70864157,767.6225622,881.1547076,72.69646404,13.88408148,94.85191593,-0.363547283,0.2,0.007581451,3
797.257708,31.58323321,251.7997612,778.3922291,64.51020939,9.029829566,44.46216093,0.284160726,0,0.007359802,1
2074.37384,61.72912041,1280.492725,829.7651738,37.538554,15.02317024,62.15918562,-0.273255337,0.133333333,0.008023203,1
1416.662108,30.36619546,430.1863847,760.0502947,68.25724171,9.415613623,56.32578941,-0.309975071,0,0.006092882,1
815.8142612,43.00864221,350.8706367,798.7632621,54.95593974,10.32054279,45.0815747,-0.202643974,0,0.00748942,1
2259.791117,24.11023669,544.840987,753.9186711,74.89864392,10.70488867,87.15341551,-0.33129014,0,0.00763638,2
2414.990837,26.09952057,630.3010303,935.0273223,73.81045257,12.56181189,77.47215057,-0.385410956,0,0.004680229,1
3032.981861,32.86594624,996.8181879,855.8488319,65.37142812,16.29920523,138.6751493,-0.483689982,1.133333333,0.012476654,2
5978.610221,19.22161631,1149.185517,1059.576286,80.38076494,20.30581393,226.083343,0.017544671,3.333333333,0.010590601,2
760.9409687,35.95026989,273.5603319,824.7100419,61.58598321,8.932534662,49.64204,-0.792578901,0,0.006571955,3
3140.736804,72.62527038,2280.968596,714.5660861,22.83644178,22.66322,71.73441286,-0.461992295,1.666666667,0.017731582,1
1479.980161,31.78984263,470.4833641,734.6659682,65.55535427,10.74038622,72.36207324,2.152553413,0,0.009132983,2
1107.338255,49.34144158,546.3766581,726.5586205,42.91258465,12.64636307,69.94132615,-0.306916057,0.066666667,0.012500608,2
2976.481331,44.11682775,1313.129142,798.3328489,54.3330342,16.780435,78.53109284,0.595585289,1.466666667,0.011374535,2
1755.259518,56.52691238,992.1940099,812.38052,42.67427464,13.24675515,56.4311945,-0.376531613,0,0.007092795,1
8509.649075,17.01429742,1447.857003,922.4291082,82.72924566,18.96461311,258.8299848,0.377765243,3.066666667,0.009527935,1
5672.461833,19.5758963,1110.435246,996.9400463,80.28751353,17.17716786,153.528732,-0.046785774,2.133333333,0.007243957,3
3366.338941,36.97847823,1244.820913,962.8588188,62.60809588,18.36737785,98.07717114,0.389937004,1.4,0.009388085,3
2410.121758,28.15736559,678.6267947,859.1834928,69.99752453,15.1601581,65.75420915,3.784080057,0.666666667,0.01060762,2
2488.837008,60.80910853,1513.439598,804.2853216,37.00375965,19.88433248,71.78340583,-0.131473036,0.666666667,0.013765211,2
3488.202027,53.02464168,1849.606626,824.3499894,45.4272412,21.80320858,79.52956366,0.226190382,1.333333333,0.014221692,1
2950.946662,62.51713298,1844.847249,676.831201,33.27905959,19.28612012,76.01433968,0.611710269,1.2,0.017130247,2
2156.413901,25.89314873,558.3634585,834.5321199,73.04519678,11.88681037,75.33899647,0.041285221,0,0.007674361,2
3357.440158,20.79783577,698.2748901,939.2264957,79.10733279,13.58053721,91.95693676,-0.186640752,0,0.00479963,1
1768.873974,20.59438796,364.2887686,904.5253642,79.04341549,10.07745873,56.35907358,-0.248189384,0,0.005079754,2
4736.103424,14.01398855,663.7169918,835.1592811,85.32251895,14.36336548,107.2756226,7.371113272,1,0.008567795,3
2932.363013,25.52595797,748.5137502,895.8775206,73.8297299,13.66161705,95.22059872,-0.20224606,0.533333333,0.007664598,3
3828.279419,19.21761778,735.7041062,893.1594209,80.5436115,13.64905554,94.55467523,0.001982975,0.133333333,0.006713985,3
4862.997181,28.12326249,1367.633462,638.8913037,68.00901443,18.47466969,171.2537816,0.309337218,2.133333333,0.023069859,1
1122.112045,62.57555691,702.167861,781.9915837,35.98805497,11.00012129,44.09524853,0.074241459,0,0.006557738,2
5160.688799,15.53623057,801.7765107,1035.036717,84.13747157,15.38765471,343.9078,-1.303881566,1.466666667,0.011269657,2
2752.168088,57.51427571,1582.889542,853.659102,42.15188727,16.1014172,72.64879108,-0.117930983,0,0.007654818,1
3869.515839,35.89209348,1388.850242,1035.500317,63.98706594,20.02487131,109.7560639,0.36008315,1.733333333,0.009281151,1
811.9798726,34.88914123,283.2928045,652.8508877,60.15249549,8.620531866,51.03190435,2.563949538,0,0.008832341,2
3390.659743,45.12272742,1529.958154,917.7036536,53.95495348,19.52133324,97.94246775,-0.330994422,1.533333333,0.011603805,2
2033.616217,49.73887587,1011.497846,862.0955548,48.66512632,16.32394539,67.66652542,1.917996453,0.666666667,0.010262458,2
1880.122672,35.71334963,671.4547832,786.4285997,63.36152188,13.08339612,76.97419006,1.852403773,0.133333333,0.008680611,2
811.3169474,34.4775975,279.7225916,771.2710402,61.29710246,9.539513474,43.29649354,-0.143722048,0,0.007788142,1
2483.560514,26.22965105,651.4292563,889.0347367,73.58010031,12.28955343,68.60842883,-0.533832007,0,0.004911647,2
3887.242581,48.08542561,1869.19714,934.0932963,51.17517124,22.13739519,99.40815722,-0.336209728,2.133333333,0.012286734,1
2201.904987,67.58293585,1488.112035,833.9988028,31.0621391,18.86790258,59.43537931,0.1009365,0.4,0.011938958,3
2957.075955,23.97680644,709.012378,939.5402144,75.95427738,12.90974987,81.32969436,-0.408491473,0,0.004750979,1
3678.705469,18.00509044,662.3542465,881.282976,81.61259921,13.5573159,93.62601951,-0.169534486,0.133333333,0.007126969,3
2401.115637,36.63491801,879.6467449,856.5025086,61.9469502,15.13558421,73.40277576,1.219474083,0.533333333,0.009474062,2
3033.892535,24.76971291,751.4864707,862.8001321,74.41733193,13.99046716,80.25221756,-0.177905327,0.533333333,0.008398882,1
1577.287184,28.04195709,442.3021955,744.3632894,70.68715396,9.546579632,58.30812339,-0.382443262,0,0.006375668,1
1216.850585,44.83460021,545.5700948,799.2991663,49.33846448,14.62383047,63.44296346,-0.347188248,0.066666667,0.012514011,1
3024.764297,25.91453776,783.8536857,735.7201516,73.15492752,12.32891561,90.60564074,-0.100256342,0.2,0.008233669,2
5146.03721,49.59664138,2552.26162,1017.601935,50.32755274,23.97523524,101.7088903,-0.087194589,3.2,0.009892006,2
681.2369534,42.752251,291.2441322,716.0781554,50.72965757,9.468863384,34.26150468,0.754111898,0,0.008880809,2
828.8896906,32.10062671,266.0787855,769.2449561,64.30267787,9.154253455,44.35231802,-0.123858019,0,0.007472489,1
2021.041546,17.15664103,346.7428431,799.9731191,82.25411271,8.947619106,107.5922791,1.937909031,0,0.005444497,2
2484.849753,27.28158778,677.9064664,878.6054339,72.48087666,12.60675261,68.42439652,-0.62511246,0,0.005372411,2
4436.258182,21.39281223,949.0403827,1094.631336,78.56990764,17.33719249,146.2044686,-0.258060838,0.933333333,0.005955942,3
6621.038443,12.91965629,855.4154094,945.7355356,87.01539168,16.41730521,161.462376,0.982568593,1.466666667,0.006119499,3
3146.584243,51.94515483,1634.498057,811.9399842,46.30750737,20.17503832,68.87859479,-0.476688064,0.533333333,0.013179501,2
2688.120222,29.96586474,805.5184698,859.833824,69.20620615,13.50155252,96.36519489,0.657700399,0.4,0.007991305,3
2720.199341,22.57472621,614.0775535,900.6517701,77.32815618,12.2038535,67.72982214,-0.281552215,0,0.004252145,2
762.8371993,39.73498944,303.1132806,768.9828826,58.99777698,7.817157551,68.03961056,-0.674182514,0,0.005293201,2
2964.291422,26.52325093,786.2264523,894.9553057,72.81916488,14.50528597,105.9273526,-0.45968883,0.4,0.007801155,3
2364.923921,28.62553636,676.972157,857.4209421,70.99228758,12.41805319,63.89034027,-0.626575116,0.133333333,0.00561883,2
4627.024832,21.68027686,1003.151794,895.5958294,77.96036615,16.08099804,109.7987355,-0.595127259,0.866666667,0.008241922,2
3679.4595,43.00675631,1582.416181,992.7853022,56.79406553,20.4540887,100.5248739,0.444959068,1,0.009924361,1
1562.690214,45.1129753,704.9760501,861.2621014,52.70643071,13.86096166,50.54300742,-0.044071475,0.2,0.009345807,2
3141.577471,49.43215723,1552.949515,786.8652628,49.86032581,15.92048211,100.7518911,0.460707109,0.6,0.008635838,1
5132.419517,23.27185549,1194.409253,1105.466762,76.71869742,19.59255285,117.8179352,-0.051302501,0.733333333,0.006295508,3
5352.757965,29.75207083,1592.556341,609.3305722,66.1611454,18.67841785,170.9573878,1.167774551,2.133333333,0.024142673,1
1101.380384,33.77017616,371.938096,902.0525204,65.5536149,9.498166438,80.21612076,0.294434501,0,0.005557062,3
2376.098815,21.90044126,520.3761252,840.7691997,77.09722501,12.16548259,63.94995497,-0.112255893,0.066666667,0.007552134,3
1163.697111,48.34381527,562.5755817,714.5259554,44.15249479,12.73515433,69.99015215,-0.266890059,0.066666667,0.012750457,2
4380.114749,27.46103751,1202.824954,1007.166686,72.44604991,17.88032835,149.8429148,-0.457570206,1.333333333,0.007410286,1
1488.554862,39.09289137,581.919135,809.1340926,57.46972667,13.63797864,52.62019006,0.357919249,0,0.01040756,1
1178.712045,52.89063354,623.4282684,746.7202052,38.11705525,14.794621,45.32733605,-0.354462918,0.066666667,0.01395741,1
2942.317024,38.92604966,1145.327786,652.8100867,59.3170575,13.88171895,89.2493036,1.361397553,1.333333333,0.013041145,2
1880.697085,68.22992739,1283.198256,816.6084137,29.01201047,19.64043582,55.69226761,-0.44060867,0,0.013968579,2
1805.056115,22.28870553,402.3236423,614.3362068,75.91827694,8.690763312,70.96975471,6.627660116,0.2,0.007506742,2
2734.159669,48.19678248,1317.776988,673.9576768,47.95041815,16.69732042,90.56312904,1.647945828,2.333333333,0.017304892,2
5743.015234,23.04919369,1323.718705,974.1144226,76.84114364,18.70151628,136.0773312,0.221948816,0.866666667,0.008153653,3
3113.060096,22.67678408,705.9419162,868.5222182,77.05037184,12.34940986,98.57762192,0.877961515,0.133333333,0.005730498,2
3322.222828,65.31835047,2170.02115,718.3465263,31.04366655,21.60430099,71.51869085,-0.317954293,2.066666667,0.01652634,2
909.6995002,46.00038582,418.4652799,884.1950586,52.66528482,10.07333551,69.58005934,0.725304091,0,0.006261349,3
1226.827441,30.53188879,374.5735897,731.8176308,66.99694274,9.451114458,52.39311564,0.299816711,0,0.007360007,2
6443.027862,11.78564368,759.3523062,971.3452331,87.94268037,16.99943494,238.1435332,-0.584605309,1.866666667,0.009089847,3
1601.958215,30.64527867,490.9245593,750.0817653,68.2141753,9.732333794,69.47214489,-0.055726448,0,0.006637971,2
1525.109092,26.71953066,407.5019913,723.0470612,71.46134457,9.528444149,51.75617669,-0.295954556,0,0.006949161,2
8953.594058,8.03293365,719.2362699,811.0484346,91.04451238,17.34277785,261.1038879,0.147393436,1.933333333,0.01459011,1
3781.658769,31.70285987,1198.89398,1073.934984,68.27581375,18.09410984,88.92524877,-0.086752226,1.133333333,0.006830591,1
2549.719376,31.78076323,810.3202778,791.2946475,67.04181998,13.28993816,83.95843985,2.207752293,0.333333333,0.008981911,2
4695.484513,35.85030526,1683.345531,895.8740868,63.74614814,18.53936089,129.345719,-0.226204968,2.666666667,0.009315564,3
1497.886472,35.951174,538.5077718,836.0518314,62.05084929,12.20508727,58.77319514,-0.067477937,0.133333333,0.008629685,3
5907.66001,20.72624796,1224.436262,653.4732435,77.99968618,15.87417085,142.1727049,-0.482243546,1.4,0.022290719,2
2934.06233,25.84317734,758.2549311,862.9374861,72.41932559,15.44295428,71.21325841,2.433182967,0.733333333,0.010418291,2
3023.428791,40.25838397,1217.183572,748.8316776,58.00639258,14.60204625,118.5960595,3.163475284,0.6,0.010089618,3
1117.05135,51.73509018,577.9075233,574.1914869,44.65146652,9.331024627,53.06572336,1.820846867,0.133333333,0.009057443,3
1158.669378,35.62363778,412.7601823,783.4016432,60.74461798,11.65022363,53.37592616,0.049907943,0,0.009645354,1
765.9533862,37.79052015,289.4577688,727.0748009,57.6178224,9.306352198,43.12849355,0.105996451,0,0.007939958,2
2504.271386,31.05031052,777.5840414,776.9112285,67.41868845,13.02184234,99.2394128,2.245074043,0.333333333,0.009216674,2
1825.519108,31.95370764,583.3210388,889.0592329,67.86186161,11.60009037,101.4229601,-0.938387521,0,0.004721199,2
3831.530554,33.71908674,1291.957111,880.5696848,65.67039615,17.05572048,110.3791654,0.141186314,2.066666667,0.00963943,3
2147.993839,33.27333515,714.7091892,863.1981514,65.47072759,14.11671058,62.27064787,0.17304895,0.533333333,0.008924957,2
3960.914962,48.53852046,1922.569519,1008.117321,51.22613507,23.23256774,90.92819348,0.382501488,2.333333333,0.011861408,1
10120.36559,9.706291517,982.3121865,835.7837837,89.32178991,20.60622505,245.0971748,0.172615268,3.133333333,0.016049514,1
5367.681276,39.37793583,2113.682089,1025.206199,60.55289844,22.65007091,114.1127263,1.65226665,2.6,0.009501255,1
3088.7846,29.0374003,896.9027487,898.6342574,70.63079201,13.96982732,104.9885644,0.020683385,0.466666667,0.006464054,2
1072.122263,32.4775691,348.1992486,830.6794854,65.40497921,9.723079292,49.88074709,-0.406168982,0,0.006872192,3
2162.850324,41.52806537,898.1898963,794.1578649,56.48715571,14.60486621,80.1695246,0.555776999,0.866666667,0.010456514,1
2879.762316,63.17513734,1819.293798,678.9424135,32.90176493,18.3644705,81.8174076,0.106424474,0.933333333,0.015940172,2
2713.50066,17.83943554,484.0732011,853.4456417,81.66798746,11.05398547,116.5431202,-0.562297571,0,0.006297585,2
3800.963884,21.04096856,799.7596159,723.5924143,77.0011513,16.00363029,106.4919324,1.00906146,0.533333333,0.01280028,2
6905.59496,9.029539288,623.54341,1200.634214,90.96237243,17.54603264,199.7845691,-0.908183219,1.6,0.005084439,3
5997.103599,18.81288877,1128.22843,918.3649819,81.09232428,16.3078567,155.9364288,0.176422955,1.333333333,0.00774494,2
1959.340149,21.25536071,416.4648162,1051.719893,78.70544488,11.25847425,81.21663406,0.949448116,0,0.00410072,3
2561.359264,34.39754563,881.0447216,836.409454,65.09522999,14.17580168,82.00037953,-0.213177276,0,0.007743022,1
6530.829611,19.38240895,1265.832103,1023.170927,80.49712492,18.84799573,164.5587484,-0.368327826,2.666666667,0.007728487,3
2998.188004,65.07896212,1951.189635,683.3648344,31.54265279,19.00796477,74.34628328,0.201948454,0.666666667,0.015179927,2
3567.42733,25.44214336,907.6299755,767.4358192,73.41443552,13.64956248,169.052636,3.515120426,0.133333333,0.009203841,3
1654.987607,38.21376383,632.4330556,815.4879402,58.03940316,14.89169941,57.51751284,-0.047989082,0.066666667,0.011750818,1
11903.35022,6.521678275,776.2982051,987.7800147,93.0528373,18.99449234,341.3868697,-0.661773816,1.8,0.011226942,1
6593.183768,19.39277173,1278.601078,903.5368687,80.49628201,16.87958338,150.9433362,0.629606228,1.533333333,0.007654744,2
7344.317672,16.30384506,1197.406174,868.1466682,82.91810973,19.08763622,303.9332154,-0.27100767,2.533333333,0.01313155,2
4504.633721,42.09265793,1896.120063,1004.16527,57.78953616,21.60715846,91.22539685,-0.385818723,2.6,0.009470981,2
2354.555039,24.534144,577.6699237,827.8318108,74.41635209,12.23267961,74.65804121,-0.011593876,0,0.007852549,2
4079.709541,72.97077896,2976.995832,760.3836426,24.68100193,22.98539397,83.89366087,-0.625690166,1.6,0.015472778,1
3277.721122,40.02116928,1311.782319,815.8933553,58.55834571,16.82046438,87.75637873,0.00691286,1.333333333,0.010706347,2
2144.971303,41.96204536,900.0738309,698.0859718,46.14288459,18.83462095,74.39997922,1.279124379,2.466666667,0.020159795,2
2010.394717,25.47090826,512.065794,744.6041759,73.411862,10.57251313,88.47882756,-0.587465307,0,0.007585085,2
3706.764828,43.34232156,1606.597931,1007.227555,56.45221684,21.42024344,84.39896638,0.198565779,1.133333333,0.01059792,1
3489.478007,74.07256658,2584.74592,732.6326241,22.34084002,22.98716686,74.74584911,-0.480578255,1.666666667,0.016803722,1
1783.187353,54.93745623,979.6377717,634.1001435,41.313433,12.82129842,63.83362837,0.576096346,0.533333333,0.011097105,1
3655.990303,19.69886743,720.1886832,1057.275472,80.25890348,14.83384278,137.4387772,0.208150972,0.466666667,0.005106359,3
3475.427198,24.60647801,855.180229,791.5864447,75.00168266,13.3266331,112.8376651,-0.902905748,0.133333333,0.007502763,1
1827.750284,33.47815615,611.8970941,807.512054,62.99235392,14.42763813,59.69041816,-0.157939446,0.066666667,0.011486579,1
3808.469635,29.39972586,1119.679632,705.316621,65.00252139,19.36663825,148.7990923,-0.18702584,3.466666667,0.017565528,3
2356.742742,41.76940039,984.3973121,739.2165178,56.14238979,13.52928773,106.4174627,2.813831082,0.2,0.009891126,3
1125.90891,62.48980453,703.5782768,783.6903011,36.02243478,10.96854672,43.62726615,0.017676567,0,0.006586953,2
6707.925703,14.42161039,967.39091,883.3653177,84.07974534,17.8815175,313.1573903,-0.893367875,2.466666667,0.014857365,2
3625.200806,74.07787946,2685.471883,756.451987,22.90323881,23.16594779,83.23909518,-0.677018643,1.866666667,0.016253979,1
4933.037361,20.11713925,992.3859952,651.0652925,78.47138622,13.86380589,126.3119635,0.152211472,0.733333333,0.020158838,2
2069.294772,29.57108792,611.9129763,732.2987423,69.65304681,10.40664028,78.121043,-0.704610339,0,0.006420711,2
2448.284223,27.41133411,671.1073685,804.5301076,71.76807193,12.36787659,100.4036691,0.177348662,0,0.007542253,1
4031.252399,29.21608058,1177.773949,942.8877217,69.68023138,18.26295781,192.7135722,-0.886720067,1.733333333,0.011309622,1
1506.764092,45.67870253,688.2702872,856.435619,51.48492617,14.23580403,51.60319167,-0.135401468,0.2,0.009930417,2
3203.372495,35.98643094,1152.779431,816.3425835,61.47592823,17.86537402,151.6281513,-1.175652521,2.066666667,0.014973053,2
4220.473217,66.47652102,2805.623765,750.1166256,30.87643452,23.79469457,81.24021298,-0.789223158,3.333333333,0.017126716,1
3774.526894,67.07974182,2531.942895,744.0965148,29.85088258,22.944633,75.93174305,-0.794108315,2.266666667,0.016821406,1
4729.342578,22.0660538,1043.579278,887.8615566,77.34136094,16.82182996,121.5666863,0.059353673,1.933333333,0.010183491,2
3161.798943,34.20030917,1081.345014,786.1059068,64.72346146,14.59166728,85.96498828,-0.440405363,0.8,0.009060218,1
1936.168772,32.82078976,635.4658823,954.6441026,66.98010786,12.4376567,79.81370514,-0.208239158,0,0.005804608,2
4616.971035,25.18254023,1162.670588,938.4509368,74.68919331,16.15523783,121.1467909,-0.489963687,0.733333333,0.006597741,2
3400.525048,36.39013754,1237.455742,756.1152166,61.70970302,15.85401385,101.9975665,0.015876944,1.8,0.011125212,2
2959.310184,65.29959033,1932.417426,699.9639416,30.63933819,20.36511337,65.4616199,-0.190297624,1.066666667,0.016659065,2
3527.104897,34.84730576,1229.101028,795.2264991,61.73896884,18.56163537,129.4424687,-0.973723761,2.266666667,0.0157874,2
8557.573835,11.0705938,947.3742384,908.4033338,88.02872264,17.89011672,328.7974682,-0.068908459,1.733333333,0.013421473,1
1940.67132,16.28095343,315.9597938,800.5313578,83.03483962,8.830870338,107.6502402,1.899529215,0,0.005338449,2
6177.67105,8.697218642,537.2855582,1117.763565,91.19441104,15.89411867,246.1261719,-0.846363245,1.866666667,0.006639601,3
773.2458147,38.61561079,298.5935942,759.7262251,56.8785593,9.78304282,38.80844373,0.177352834,0,0.008212166,1
4023.431799,40.84010478,1643.173763,982.2622091,58.84230908,21.53597707,107.3816894,0.509441888,1.333333333,0.011233648,1
2396.484128,20.60779857,493.862622,1083.672977,79.34387692,12.38644616,113.5843788,2.726663238,0,0.004297329,3
1356.786967,59.68278582,809.7682596,593.2676439,36.77258837,11.32675563,78.15411051,1.351990343,0.333333333,0.009954452,3
1980.397415,26.89775595,532.6824634,762.059429,71.98708395,10.83333949,81.60287666,-0.054314214,0,0.007484943,2
1924.337,54.30850833,1045.07872,829.8325558,45.08629556,13.53596592,61.67385826,-0.138012252,0.133333333,0.007084484,1
2701.577869,49.0241458,1324.425473,899.8829521,50.44134947,16.73090463,85.11610008,0.342696058,0.2,0.008878923,1
1633.13588,60.02572879,980.3017142,814.2593867,37.69722796,17.25477074,49.60725929,-0.321773375,0.066666667,0.012272686,2
1211.615451,30.2068763,365.9911805,731.5565376,67.29225623,9.600284897,52.67808845,0.269520974,0,0.007434355,2
2961.90665,31.11877792,921.7091528,749.3787189,67.96173998,12.9692166,80.66131022,0.775898376,0.4,0.008136023,2
1536.98638,37.06486021,569.6818532,737.7662924,60.42906987,10.81539208,72.81507875,2.255593341,0,0.008835837,2
2896.755101,33.57943209,972.7139119,878.9369061,66.20509467,13.65711258,84.02409726,-0.391464739,0.2,0.005663576,2
4176.627209,20.66851248,863.246716,1041.087449,79.26513475,16.10935736,136.3490781,-0.884422355,1.133333333,0.005701097,3
3978.431852,72.18765171,2871.936529,782.0765623,24.68519293,25.5554649,79.31539024,-0.643690701,3.533333333,0.01789723,1
3188.86791,54.50614988,1738.129122,817.5840906,43.60246095,20.8260768,69.46766154,-0.462028275,0.666666667,0.013504825,2
3300.617222,41.25701412,1361.736114,971.5451117,58.54033026,16.96802654,171.380642,-1.194360455,0.8,0.007483726,2
4351.282864,67.05820929,2917.892369,768.3281159,28.89563593,26.11948811,83.9616216,-0.409694264,4.666666667,0.019323036,1
3245.872964,16.23650648,527.0163741,735.4941282,82.65148406,12.62747357,212.218162,0.679487038,0.6,0.016093146,2
423.313801,48.94143068,207.1758305,781.5110747,47.56106263,7.297772797,46.92839995,0.844607341,0,0.005711622,2
1746.644323,37.91688542,662.2731266,975.783234,61.92552176,12.83749339,62.34980227,0.492797314,0.2,0.0059906,2
5450.887558,19.22329228,1047.840047,985.3523169,80.23843586,17.76313661,210.8843064,1.700940134,1.933333333,0.011982367,3
6180.623492,12.24016277,756.5183757,932.4981133,87.57022112,15.41602778,200.5872917,3.971252792,1.466666667,0.007437732,2
4696.193965,46.57669778,2187.332071,1025.753045,53.33590689,22.88382292,94.25857942,-0.498700518,2.2,0.009466729,2
2089.447695,69.34714257,1448.972272,834.9261932,29.25425442,18.81261373,57.80428417,-0.632777597,0.266666667,0.011905629,3
1871.641462,21.62845519,404.8071349,732.7678119,76.80761589,9.950079387,60.51377847,-0.145828597,0,0.007387382,2
1129.957871,46.39790544,524.2767845,772.7352774,45.60411417,13.98085656,61.4717991,0.387667802,0,0.012683714,1
1560.793128,45.05272618,703.1798541,852.1033372,52.23649442,14.35122659,59.09411806,3.861635589,0.2,0.009976143,2
4408.212765,23.68127735,1043.921091,1118.386879,76.28206831,18.44721353,170.979255,-0.659078212,1.266666667,0.006904619,1
1107.686438,65.53224718,725.8918148,774.0769422,32.98168313,10.82100568,41.17112967,-0.111271673,0,0.006528291,2
2775.563754,56.34322961,1563.842259,829.5391913,42.12183714,20.72534078,67.63396933,0.389658642,1.266666667,0.013994812,1
3393.698666,57.62653807,1955.671053,819.6574055,41.76768635,17.0793673,108.2383623,0.753352135,0.6,0.009040431,1
4442.589018,11.53780424,512.5772242,825.7729459,86.4611442,15.75105517,287.249526,1.991921469,1.133333333,0.017983414,2
3451.24279,38.4542089,1327.148112,817.0009691,60.60339565,15.51184126,111.7747958,-0.529272861,1.866666667,0.009529314,2
4473.39298,36.35069249,1626.109326,1037.388952,63.55510076,21.2915584,116.6888871,-0.175753064,2.333333333,0.008646177,1
7388.123407,10.05921015,743.18686,1063.637273,89.8217636,18.11352191,319.1933506,-0.901797747,2.266666667,0.00881727,3
762.907236,39.82001359,303.789765,743.300727,57.05400324,8.5910727,63.39179661,-0.84623722,0,0.007091835,2
1617.274219,56.47662504,913.3818967,780.2933372,42.64068835,11.80257709,50.43905219,0.030096622,0,0.006318322,2
1600.717865,56.6745553,907.1997317,778.5789512,42.31363022,11.90524345,51.01044539,0.004096807,0,0.006475481,2
3053.507323,25.3082545,772.7894047,754.7451247,73.73781729,13.82275325,150.6005093,1.169663192,0.933333333,0.011061432,1
1363.822478,59.61288074,813.0138671,586.4197454,36.73013093,10.84126279,68.98467738,1.637783222,0.266666667,0.00985122,3
3237.443567,40.52150681,1311.860915,800.7555607,57.88086779,17.82060562,92.88903506,0.1137389,2.2,0.012534858,2
3454.940565,17.67198687,610.5566429,847.0947652,81.66478367,12.56553078,103.5560955,1.667478072,0.933333333,0.00777208,2
2147.11002,43.6104267,936.3638413,698.2427618,44.31976117,18.58497687,73.57709836,1.339236938,2.466666667,0.019682283,2
1586.422114,24.91431178,395.2461517,739.3951028,73.39868552,9.567588652,60.87329596,-0.06600877,0,0.006913527,2
8272.461261,6.52402176,539.6971728,1155.75926,92.89535867,18.50350808,391.6543521,-0.522630964,2.733333333,0.015616956,3
815.5464675,30.87541135,251.8033266,772.0233491,65.3154729,9.091661997,46.62239006,-0.294766463,0,0.007462157,1
1776.785419,33.49534776,595.1404549,814.9797393,63.28487455,14.42828136,59.31123891,-0.126420324,0.066666667,0.011440222,1
4595.660572,26.70515578,1227.278315,876.352906,72.38858632,17.35203488,110.5888524,0.87909033,1.733333333,0.010471292,3
8381.96861,16.62127448,1393.190009,923.4938165,83.11918055,18.98365392,259.7626078,0.331575696,3.066666667,0.009528208,1
1782.78101,30.50054576,543.7579378,959.5265553,69.34537647,12.06387361,55.09291064,0.378988732,0.2,0.005721959,2
3148.362752,46.70704047,1470.507065,745.1158768,51.27116696,16.59544491,97.25006115,3.557743478,1.266666667,0.013272051,2
2307.564103,47.16493216,1088.361044,828.9906328,52.42626746,14.28043513,67.30751184,0.074037166,0.2,0.007288373,1
2868.98312,56.80305234,1629.669983,831.4878254,42.6596857,16.98368586,92.88567403,0.887042326,0.6,0.008473499,1
1509.398069,38.54544248,581.8041644,870.6928892,59.77171677,13.67872009,54.32280138,-0.28126422,0.133333333,0.009526927,3
4045.482226,21.53778937,871.3074406,883.6385199,78.081544,15.16713804,105.2868929,0.475880368,0.666666667,0.008236433,3
545.2886259,37.05270749,202.0441995,777.0833789,58.90710142,7.517454914,48.93602456,2.606074017,0,0.006206584,2
2295.756481,26.59422285,610.5385947,882.8246572,73.19471407,11.92285787,63.60122739,-0.294160665,0,0.004690438,2
3898.020844,47.00776722,1832.372564,949.6657601,52.58018233,20.18169218,126.5266106,-0.571870997,1.666666667,0.009420827,2
3707.92885,44.95412496,1666.866969,1005.596649,54.83741184,21.44996237,87.39044747,0.444251527,1.133333333,0.010580995,1
1666.077627,43.23805385,720.3795416,835.8446732,53.68859051,14.59292004,74.96462074,0.425220245,0,0.010631786,3
1655.118188,39.95892049,661.3673609,786.1602269,58.59309565,11.8832894,65.00570148,-0.221043571,0,0.0077637,1
2636.765073,14.45516236,381.1486724,730.2931392,84.35710706,9.882791984,74.13923482,5.06666098,0,0.007409762,2
2116.005425,60.65375416,1283.436728,808.1763463,36.74313628,19.17150806,62.66994719,-0.228981992,0,0.013635992,2
1094.717385,20.35262032,222.803673,845.7245644,78.52067904,8.291926891,56.34808292,0.130050943,0,0.005413538,2
1919.164868,25.45480698,488.5197128,1092.455394,74.5404045,11.71457205,73.78804794,0.61991883,0,0.00400987,3
6817.690664,13.72035975,935.411686,974.9826353,85.12751558,18.69944993,260.1786363,-0.450531666,3.066666667,0.014132278,2
2928.232379,47.00203109,1376.328693,743.9143333,50.89780409,16.48292114,96.3576194,3.69879445,1.266666667,0.013242048,2
2379.342153,35.20061944,837.5431763,864.5572032,63.47581744,15.20953027,73.53256349,1.54021446,0.4,0.009521383,2
3868.844153,20.40605828,789.4785927,887.2483158,79.38315269,15.36083064,103.1532396,0.698401744,0.666666667,0.008208346,3
1525.801467,29.54677405,450.825112,751.1958346,69.14010898,9.911812626,71.83270162,-0.128435976,0,0.006996334,2
2728.328009,31.51362,859.794921,894.0584954,67.63733319,14.2593526,103.7352077,-0.382324218,0.733333333,0.008263453,3
1047.209034,35.76038788,374.4860125,784.1870957,61.367411,10.87668839,53.51178168,1.150401329,0.266666667,0.008605158,1
1876.483915,25.23520011,473.534471,727.7014503,73.73282593,9.559019233,69.19978522,-0.198483653,0,0.006766213,2
4598.886137,46.86237785,2155.147398,982.4560328,52.88733584,21.97219946,123.3983373,-0.624752931,1.666666667,0.009548869,2
4382.054843,46.68331056,2045.688271,983.5410103,53.1282419,22.53593709,118.7750745,-0.266135289,2.2,0.011153339,1
1546.892054,43.88566074,678.8637988,859.7482821,53.92352698,13.8480947,50.40055838,-0.065161997,0.2,0.009354094,2
3505.258433,25.04822358,878.0049692,769.567483,73.29059451,14.8616943,111.8180896,-0.69850178,1,0.012392966,2
3206.231883,58.41996943,1873.079686,703.0087172,38.19261018,20.21678016,73.08451028,0.537844545,0.933333333,0.016280761,2
3029.497769,38.0192237,1151.791534,926.8046858,61.59467317,16.81832325,90.10199536,1.795441455,1.533333333,0.008961665,3
1938.824558,32.05819411,621.5521402,950.7678333,67.76591806,12.38845686,76.10979399,0.043511076,0,0.005687422,2
689.3994673,40.55177597,279.5637275,717.868414,53.4576162,9.250947652,34.93350925,0.42895878,0,0.008224823,2
852.8327514,45.17558188,385.2721579,737.8420923,49.48397936,10.87107427,45.8575463,0.320115637,0,0.009640939,2
5004.285668,43.62424287,2183.081733,1048.418651,56.30230252,22.85684962,99.08685492,-0.408839055,3.133333333,0.009058966,2
680.281908,42.66320679,290.2300772,730.6927549,51.14121257,10.22310754,34.40314417,0.760430967,0,0.009311759,2
5399.1923,16.94649669,914.9739445,867.61728,82.49670727,15.33954526,244.5359185,-0.512806141,1.133333333,0.009175344,3
2515.75785,19.15530884,481.9011859,958.7037352,80.74822062,11.90200818,64.96919576,-0.191275338,0.2,0.004767902,3
2149.099708,34.82656877,748.4576877,861.0456736,63.91558673,14.27413542,63.23626604,0.098157519,0.533333333,0.009070106,2
5126.078221,2.605696459,133.5700387,1319.577493,97.32982027,12.84913857,533.5795245,-1.611707262,1,0.004623138,2
4113.515142,35.37286897,1455.068321,796.8887409,63.55559517,16.23160948,130.7817978,0.285739341,2.133333333,0.011277554,2
1429.631503,54.93799141,785.4108323,776.7667703,44.06692307,11.60153696,48.05436262,0.17492085,0,0.006257459,2
1758.261424,14.74409658,259.2397626,638.5083695,83.08599103,8.278650253,100.4768455,6.464838585,0,0.00862723,2
3526.049678,20.59509674,726.1933424,933.3069571,79.31289417,13.67290834,92.57266122,-0.292950591,0,0.004851715,1
1574.99142,59.09138037,930.6841708,782.4270149,39.86632274,11.98156506,51.98230716,-0.05466496,0,0.006425063,2
2892.741744,22.53765426,651.956133,902.3782108,77.38281051,12.37422168,69.49074733,-0.347775329,0,0.004263482,2
2378.121911,31.36882151,745.9888177,983.4157054,68.50568474,13.83928983,77.01281582,0.146369735,0.266666667,0.006370544,2
3016.064731,17.86189039,538.7261763,829.8661623,81.56953768,11.93736096,121.848931,-0.778489908,0.533333333,0.007026686,2
2899.585197,25.4285992,737.3238981,862.8730493,73.62534626,13.87443102,78.31840316,-0.036491283,0.533333333,0.00851253,1
1782.138092,56.53102106,1007.46086,632.2266921,39.78915789,12.49862939,62.48679594,0.677245303,0.533333333,0.010800357,1
3876.814946,26.82359388,1039.901097,887.8853354,72.76387162,15.64561006,140.6333849,-0.864321263,0.533333333,0.007953962,2
1996.663203,26.90084641,537.1193014,927.9480337,72.7446546,12.16994512,64.86829971,-0.028693227,0.133333333,0.00617528,2
2551.730657,18.14375738,462.9798196,812.8382416,80.83712925,11.13755258,81.87891058,1.202228758,0,0.007253302,2
2322.638784,37.59090387,873.1009125,658.7933962,60.68804012,11.82677743,78.88842954,2.821215389,0.466666667,0.009522429,2
1097.184985,28.76260474,315.5789806,784.9659999,70.31500947,8.177514105,59.84479392,-0.492820403,0,0.005185773,2
3326.60041,49.88773999,1659.565763,993.8820008,49.7881677,20.93545739,95.06295384,1.105390247,0.933333333,0.010840176,1
4753.309843,39.16735084,1861.745543,1011.727471,60.72875844,21.35055699,92.72095042,-0.430690709,2.4,0.009147745,2
2113.823595,33.23282021,702.4831949,775.6523403,65.85798457,12.00335751,74.82941359,0.425682301,0,0.007228699,1
3449.44739,44.13466952,1522.402206,942.5211237,55.23219871,20.92961905,72.64084224,0.128586775,1.466666667,0.01204423,1
2093.06794,30.3027761,634.2576915,875.4262674,69.48781923,11.44076785,98.6308571,-0.967612214,0,0.004887021,2
6646.872818,6.837048872,454.449943,1141.096422,92.67831935,16.80244936,395.1937105,-0.680604364,1.8,0.015422215,3
2602.177357,26.34763479,685.6121866,856.594927,72.00954699,14.92421827,67.1838588,3.509022529,0.666666667,0.010384819,2
4316.781473,41.07091638,1772.941709,916.423053,58.58289214,18.95226985,117.2421557,0.838205582,2.6,0.009273608,3
1283.777456,26.53690306,340.674779,766.4408101,71.95504552,8.887958758,50.81054392,0.706765918,0.066666667,0.006150035,1
2330.804775,33.61535423,783.5082817,787.9582095,63.88278928,15.34619838,69.4764448,-0.440318383,0.4,0.011372342,2
3604.603557,19.4289259,700.335754,1053.577329,80.52616167,14.57755078,139.0861984,0.015164713,0.466666667,0.005105603,3
6276.103189,9.332791608,585.7356318,758.9053352,89.84092472,14.41200684,149.1893891,1.400615203,0.866666667,0.0119417,1
1599.117596,35.33708976,565.0816201,842.3667986,62.65465606,13.18690118,57.01230096,-0.041225507,0.266666667,0.009462898,3
4676.299644,37.10108566,1734.957937,901.7395376,62.46902799,18.56500477,123.1100542,0.055252131,2.666666667,0.009317159,3
5577.88356,16.56361808,923.8993298,620.4729941,79.17123316,16.77333216,132.9273942,5.480616365,2.333333333,0.021753901,2
1694.269812,52.0936944,882.6077384,802.6054803,46.91370921,12.747329,55.23455551,-0.17420537,0,0.007131902,1
1704.357766,37.59566301,640.7646019,787.440362,60.96458564,11.86064715,65.62731587,-0.239116222,0,0.007777931,1
1180.307831,28.92489923,341.4028508,776.4814233,68.66209598,9.899419586,48.77756938,1.437049685,0,0.007526119,1
9331.029565,7.355928281,686.3838427,1103.229967,92.45118511,18.92836573,299.3743716,-0.583019428,2.466666667,0.00894991,3
1206.83773,51.79225045,625.0484196,570.6191129,45.00349637,8.969888021,48.00030767,2.177692373,0.133333333,0.008926553,3
1133.303919,62.30648352,706.1218197,784.5417607,36.4137268,10.81945904,43.33543964,-0.038722406,0,0.006488908,2
4290.289411,13.34104241,572.3693298,884.0275126,86.31611945,13.7834808,89.08575598,0.580297052,0.2,0.007269417,3
3998.24627,45.13370505,1804.556679,990.1724489,54.68556969,21.14256833,113.0991054,0.138995887,1.6,0.010218408,1
6288.090101,17.88588133,1124.680333,953.1448495,82.0147679,17.45954624,180.7588886,-0.655327679,1.8,0.007018278,3
5500.128046,13.23982111,728.2071141,1028.563282,86.32449014,16.44340688,194.4041257,0.467352844,1.333333333,0.008775893,3
9345.463555,9.945074639,929.4133259,925.0326741,89.38069712,17.84885781,307.480658,-1.045908248,2.6,0.012426919,2
1757.868326,56.03019724,984.9370904,809.6359526,43.13792588,13.11169471,57.01184264,-0.403017207,0,0.007088759,1
2681.760111,23.14606132,620.7218398,926.8379895,76.76781688,12.44573678,82.95805844,-0.434950227,0,0.004767914,1
1592.640743,23.23275399,370.0143057,731.6411768,75.03264955,9.626543213,57.34179637,-0.330871148,0,0.007021431,2
2310.821572,26.06339469,602.278547,809.6002565,71.36494603,14.42937289,109.2008963,0.754990676,0.733333333,0.011763482,3
1416.173832,59.855815,847.6623888,795.0417214,39.14642214,11.84227502,49.75432147,-0.025232396,0.133333333,0.006580025,2
3127.044346,27.66745982,865.1737381,896.3180248,72.22528549,14.04402857,82.90395764,-0.307746219,0.333333333,0.005256506,2
3073.741829,30.65810535,942.3510081,814.9897531,65.28101845,17.35004823,120.2965676,-0.402796442,2.066666667,0.01540613,2
2849.092845,42.11675477,1199.945446,783.8316307,56.99099989,13.91035435,70.80343277,0.627525018,0.2,0.007954035,2
1554.911644,59.8938548,931.2965225,787.107154,39.1246557,12.00705758,52.03260383,-0.260608406,0,0.00639637,2
3203.514896,51.63151603,1654.023307,916.3296803,47.32473748,21.08665309,86.8384456,0.118288257,1.533333333,0.012604892,1
4663.21702,29.7519816,1387.39947,601.4617792,65.43749436,18.81180907,169.2252609,1.583257192,2.133333333,0.024708265,1
1371.145399,25.1090715,344.2818785,722.2234783,72.91278612,8.80197482,54.84400999,-0.052339475,0,0.006876985,2
847.7518369,33.84212708,286.897254,770.3342245,62.64999617,9.263210509,45.40886761,-0.185369298,0,0.007433717,1
1908.359866,25.52185163,487.0487735,731.0795575,73.34710887,9.770996163,70.35116275,-0.062102882,0,0.006808908,2
3302.020803,43.65085003,1441.360149,914.0520911,55.32729577,19.08099887,97.16669901,-0.314447956,1.533333333,0.011426804,2
3354.930324,71.59720676,2402.036401,719.7876071,23.69072157,23.55991862,75.48251225,-0.398247131,2.133333333,0.018246069,1
1063.61444,33.19640628,353.0817708,906.6708433,66.08266275,9.32390105,79.00005247,0.547846131,0,0.005466843,3
1841.595711,20.69820625,381.1772785,726.7021455,77.79818965,9.860416747,59.33214043,-0.026711416,0,0.007308062,2
2501.081152,19.43887494,486.1820375,958.869428,80.44824972,11.7988513,65.03403148,-0.198657948,0.2,0.004750736,3
3031.612917,51.01710476,1546.641138,812.0916959,47.12109736,19.75107396,67.49071994,-0.417836266,0.466666667,0.013029325,2
4181.579898,15.17615196,634.6029198,841.5430287,84.16992084,14.39321555,103.1986965,8.11962605,1,0.008622758,3
4066.585369,20.11968586,818.1842016,920.887208,79.79991149,14.20567484,88.58904292,-0.410521831,0,0.004948177,1
2685.399581,41.11930901,1104.217752,788.419453,57.62557511,14.30900151,75.53299692,0.691505726,0.4,0.008907438,2
4250.094433,44.32318151,1883.77707,1033.668798,55.59572102,21.90575782,94.88079773,-0.457651949,1.8,0.00933053,1
5564.908045,17.72550271,986.4079263,918.3569508,82.16298197,15.67115516,148.3831635,0.429004288,1,0.006946164,2
4597.775778,10.20436175,469.1736727,930.7364114,89.42694301,13.44727943,368.4968168,-0.85649487,1,0.007678133,2
2361.264464,17.76810256,419.5518918,925.1025054,82.04116514,11.17302241,70.53203521,0.111266982,0,0.004946459,2
1091.094752,34.38632505,375.1873881,816.5539901,63.87860881,9.466390604,54.48074054,-0.679819658,0,0.006649883,3
1235.724191,44.50195534,549.9214276,777.6359128,48.51166052,14.69033924,60.22615441,0.329027972,0.066666667,0.013018647,1
2377.671167,53.61272641,1274.734338,706.7970023,41.71880085,16.96237328,73.08194545,2.619049564,1.533333333,0.015286457,2
5264.801803,15.44318719,813.0531979,849.8800237,83.80902907,15.71953004,117.9865159,4.927927277,1.133333333,0.011030417,3
6974.408508,9.866230053,688.1111882,946.0078235,89.66691313,16.6851107,336.3034586,0.135616141,1.2,0.009856617,2
3577.250122,21.30792829,762.2378907,949.1512835,78.57894927,14.2965485,103.6937311,-0.066920009,0.6,0.00563746,3
1974.735618,57.60886469,1137.62277,836.7637904,41.74703344,14.38849545,61.45215318,-0.101811194,0.133333333,0.007742369,1
1954.684155,67.03819802,1310.385034,807.6724206,30.05743124,19.27868645,59.54019134,-0.138013326,0,0.013892075,2
3610.502301,20.12688491,726.6816429,1058.982171,79.8311216,14.69196605,135.9767113,0.313666437,0.466666667,0.005047776,3
2324.87932,58.36865977,1357.0009,799.3617064,38.81441679,18.69895051,69.60500204,-0.116291061,0.533333333,0.013143275,2
909.6339795,50.72876562,461.4460895,690.5352178,46.3788326,9.213347627,41.21087931,0.781442793,0,0.00691792,2
4147.536422,23.13385186,959.4849318,873.9015897,76.14767314,15.3420052,341.5879234,-0.756769597,1.333333333,0.017353352,2
991.3408282,50.48609236,500.4892461,905.7347229,48.68732255,10.66202598,92.50385674,-1.086704491,0.2,0.006008992,3
1830.440057,56.43571974,1033.022021,806.5465247,42.55678774,13.52688819,61.49064334,-0.308331253,0,0.00746045,1
1590.268397,37.27791539,592.8189074,729.9297385,59.87133399,11.31379603,71.60298908,2.071447792,0,0.00953637,2
769.4869924,39.90615723,307.0726891,761.2216174,55.39518442,9.867879816,38.12303526,0.006800494,0,0.008154498,1
1925.818767,46.60541111,897.5357537,766.2055191,48.8899707,16.62390165,63.46858289,-0.514472511,0.066666667,0.013967565,1
1090.341397,36.40101662,396.8953532,951.9225493,63.29313152,9.638217609,63.63755676,0.030376428,0,0.00491215,3
1510.308013,43.65206556,659.2806439,856.9890802,53.63165398,14.09187232,50.44382276,-0.140313179,0.2,0.009711986,2
2040.250844,50.80860088,1036.622908,790.5761188,48.03147941,13.0895782,62.44016386,0.164528545,0.4,0.007776492,2
4140.145179,42.69874768,1767.790144,1042.182462,57.24771609,20.46204183,108.3331645,0.905507156,0.8,0.008556634,3
5992.51446,31.32037292,1876.877876,687.7865949,64.86723996,21.53215194,136.3341715,1.228993489,3.933333333,0.019128263,2
3249.494609,67.22182047,2184.369432,719.1250076,28.82865835,21.77267548,72.70921534,-0.146737948,2.266666667,0.016647473,2
9650.70944,4.882009325,471.1485348,1180.402274,95.10691946,16.94311762,291.9216934,-0.6036687,2.6,0.004634768,3
3522.695421,27.84604149,980.9312287,762.5091976,69.59042658,15.88217117,116.4187776,-0.804208617,1.466666667,0.013545262,2
2417.784081,21.58634315,521.9111683,874.8954001,77.52015222,13.11478005,74.94250075,0.079977998,0.066666667,0.00790535,3
2469.692081,28.17105436,695.7382988,775.6183825,70.32936389,12.67295574,96.94543972,2.511356933,0.266666667,0.009285814,2
4404.480888,49.82318941,2194.452855,1029.617859,50.09825361,22.40576735,94.20754589,-0.404849054,1.666666667,0.009166851,2
2361.97843,61.70402764,1457.435823,799.1036859,35.91360113,19.44828857,69.85794844,-0.093089248,0.733333333,0.013560491,2
3475.974569,19.52569029,678.708029,730.4319603,79.02105741,12.49673758,117.6087391,0.336721636,0.266666667,0.009617076,2
1103.945687,33.56977059,370.5920347,902.9419631,65.53763411,10.2556582,46.66890298,0.252213129,0.066666667,0.006359129,1
2400.442471,14.3893874,345.4089664,729.5393538,84.54346887,9.484179812,74.95796442,4.739972099,0,0.007146106,2
8359.317143,12.37431188,1034.407975,901.0811541,87.32688679,17.63568856,215.335325,3.204508015,2.4,0.009033347,2
3379.09575,33.91250474,1145.936006,819.5523283,62.51122332,18.76231773,125.3226823,-0.572262229,2.333333333,0.015892506,2
1111.539424,54.88921085,610.1152179,695.4111257,42.36248257,9.841997893,43.26857618,0.489496049,0,0.007390007,2
3426.159673,20.79435272,712.4477271,882.715414,78.76311952,13.7518269,100.8851791,-0.024380769,0,0.007526584,2
2066.893249,33.7807937,698.2129446,857.5394251,65.04537174,14.07825136,62.4205471,0.084033607,0.466666667,0.008698691,2
2404.16037,47.44339219,1140.615233,803.209701,51.31551439,14.09908372,74.24477345,4.593711392,0.133333333,0.008387234,2
3277.492968,35.24857801,1155.269666,815.6062859,63.53748424,16.92910893,88.54134261,-0.050500828,1.333333333,0.010736343,2
3890.118565,20.63628728,802.7760424,652.4274141,75.87715651,15.9115727,138.0088925,2.427569045,1.866666667,0.019496182,2
1900.148976,32.33165848,614.3496775,947.1726533,67.33072469,12.45663547,80.15686963,-0.222701488,0,0.006037956,2
4157.273708,40.48285952,1682.983275,981.7640115,59.21080305,21.51577255,108.0691623,0.437656093,1.333333333,0.011367036,1
1308.363434,36.53197148,477.9709565,841.010459,61.73975093,12.5194944,68.39623201,0.352339576,0,0.008686664,2
4187.15298,50.64173646,2120.446977,1026.349542,49.22437152,22.28663695,91.85823061,-0.454208895,2.933333333,0.009874792,2
4786.426099,40.99969042,1962.419882,1010.107646,58.8587588,22.17652929,97.43359335,-0.386995534,2.733333333,0.009958275,2
1324.500252,39.93346371,528.9188276,774.7129433,56.88073141,12.58296296,52.05072648,0.8794977,0.4,0.009997005,2
3861.249965,54.08441374,2088.334407,883.7001476,44.98238691,21.78873369,98.67653888,0.018829564,1.333333333,0.012603699,1
2606.34302,64.69021062,1686.048789,666.527708,30.50010361,18.88039654,77.69492573,0.887020105,1.066666667,0.01708931,2
4495.485711,65.50154464,2944.61258,756.9449847,32.02709923,24.46016016,84.82259515,-0.906737724,3.466666667,0.017078088,1
2458.68041,35.14047554,863.991988,773.8933545,63.8643289,13.9491211,85.59512716,2.470996275,0.733333333,0.009784207,2
7747.145639,7.903395093,612.2875283,1019.895184,91.49627702,16.44496929,388.7091043,-0.752298622,1.533333333,0.011413716,1
2090.526124,60.7210498,1269.389409,807.7520023,36.93483165,18.47386072,62.35084197,-0.16527351,0,0.013043332,2
9594.246733,7.554783877,724.8246053,1042.76077,92.31874177,18.25581825,314.0046176,-1.145673531,2.6,0.008046456,2
2156.777926,41.38763136,892.6392973,837.3945344,56.22985216,15.57448149,97.4430326,0.220317432,0.866666667,0.011520071,2
978.5998902,33.92996501,332.0386003,823.9675939,64.13843955,9.280694363,51.22154751,-0.506538548,0,0.006465547,3
3593.104574,19.80001798,711.4353519,550.293273,73.04124203,16.67451591,117.3892349,3.498637792,1,0.026084843,1
7060.21122,14.39418568,1016.259913,716.8054144,83.8040766,16.95468291,175.6537537,-0.550716223,2.4,0.015661738,2
1411.022627,61.21493992,863.7566535,792.3284356,37.56275398,12.12906317,48.45812342,0.082148251,0.266666667,0.007030502,2
1718.933938,36.87893543,633.9245371,812.0412008,59.43672644,15.19093656,60.15444237,-0.257063322,0.066666667,0.012018272,1
6001.430206,15.75948429,945.7944503,694.0677923,82.83422035,15.89997237,144.9507543,-0.187169961,0.733333333,0.014932951,2
2187.342063,30.92818931,676.5052942,959.9659141,68.94920794,13.11809776,72.01293151,0.349207693,0.266666667,0.005859181,1
4783.680121,52.54627032,2513.645488,1027.195166,47.38456115,23.90528757,93.66671538,-0.22979218,3.666666667,0.009785373,2
3122.631992,32.30614347,1008.801971,621.3851656,62.60399374,15.10675187,105.8743947,0.036805885,1.533333333,0.01441652,3
1940.398353,27.45953108,532.8242889,885.885178,72.29590494,11.09387175,63.83777708,-0.323498303,0,0.004437227,2
1503.739743,41.79059167,628.4217358,838.709699,54.81147413,13.99184434,68.98238272,0.613080419,0,0.010258557,3
3473.22367,61.49747871,2135.944987,721.8107937,35.57037626,20.64102071,84.70961434,-0.683023121,1.466666667,0.014649221,1
1764.461185,28.0979848,495.7780356,840.8144937,70.16080841,13.22020936,60.77157538,2.420142515,0.133333333,0.009534861,3
6493.496872,16.41657205,1066.009592,1004.78206,83.51991756,17.73242274,181.7082512,-0.436724441,1.8,0.006850676,3
4227.159238,26.70831514,1129.003011,1160.41499,73.25427524,18.97824084,151.4417314,-0.537793768,1.666666667,0.006808792,1
1888.320021,47.61704248,899.1621465,763.2310527,47.48050916,16.50038404,61.51295407,-0.403035341,0.066666667,0.01394883,1
2162.135041,26.93667979,582.4073927,881.5617578,72.80390964,11.40797858,63.41462639,-0.346103014,0,0.004667426,2
814.0127234,39.08100427,318.1243472,734.6836252,55.98915308,9.796143923,39.66395129,0.040708405,0,0.008669394,2
913.0986905,31.85565236,290.8735446,894.9813866,66.91648836,9.080143502,55.55971539,-0.375145041,0,0.005718299,1
3444.83792,53.63118618,1847.507438,812.9069246,45.81126422,17.0265616,111.2415929,0.290486083,0.6,0.008796075,1
3521.901254,27.82097656,979.8273222,841.2199294,71.48843991,14.92104962,130.9486469,1.461471411,1.8,0.010046098,2
1608.19423,38.75950916,623.3281899,801.9540485,57.733162,13.98539946,51.22260435,0.107166669,0,0.010940926,1
3857.844803,48.60593435,1875.141512,988.317569,50.98525796,22.9963261,91.16700902,-0.307546952,2.466666667,0.012398325,1
1973.731919,27.20111282,536.8770461,760.6533358,71.66834464,10.81466238,80.58616148,-0.021679698,0,0.007467476,2
814.5367948,41.72729565,339.8841766,797.9125307,56.11263175,10.23213981,45.60952266,-0.281423332,0,0.007390498,1
2554.879615,56.54705329,1444.709138,808.6425451,41.56606194,19.02914075,68.24700736,-0.042927086,0.4,0.013125839,2
3795.305569,26.31415919,998.7027492,880.4810394,73.19082863,15.35014114,141.1281091,-0.811743033,0.533333333,0.007962384,2
3950.021685,47.78799257,1887.636069,1006.453382,51.97084569,22.99325493,90.43839644,0.408143211,2.2,0.011803826,1
13020.99945,5.463926232,711.4578045,948.2429803,94.088556,18.82090767,338.2221508,-0.242468554,1.8,0.011708825,1
2416.507624,57.55869314,1390.910208,765.298869,41.26775238,14.79701149,65.71675765,2.417165794,1.333333333,0.008890633,2
2065.870239,22.94015532,473.9138415,895.2316663,76.59542553,10.93663119,73.47214804,0.324346065,0,0.00566728,2
2656.418024,24.19297867,642.6666461,930.2638959,75.72551947,12.56415924,82.10547693,-0.37484177,0,0.00475124,1
2797.742287,39.30714499,1099.712617,863.1898592,59.29192664,16.76019252,74.85051434,1.513870323,0.733333333,0.010539164,2
2815.573325,24.52346004,690.4759992,870.5828871,75.16951856,12.27895574,96.73439388,1.054587865,0.133333333,0.005715322,2
2564.893044,30.66967619,786.644391,645.0553183,64.94456084,14.56796003,124.7104703,0.37143387,1.266666667,0.020609635,2
3160.624532,49.1547251,1553.5963,989.4766189,50.4513306,20.74521526,83.45497163,0.90723157,2,0.010774166,3
3674.181213,17.34423369,637.2585756,946.1406396,82.59551566,13.3797858,92.06283754,-0.191889749,0,0.004595723,1
2972.777287,61.68026379,1833.616873,703.6339534,34.44551565,19.90478558,67.85138482,1.02636349,0.6,0.015979747,2
1025.095568,33.50564437,343.4648753,837.2989593,64.67588792,9.374387185,46.88620632,-0.202773706,0,0.006320839,3
6335.858811,11.26400622,713.6715304,984.4736933,88.48865435,16.73714001,236.289115,-0.687086312,1.866666667,0.008653634,3
3360.056128,56.19427777,1888.159274,867.6569575,42.58659658,21.48694742,91.62300631,0.01616691,1.066666667,0.013009773,1
9020.450079,8.151307188,735.2845957,1092.7102,91.65001885,18.67292155,299.1702913,-0.604790872,2.466666667,0.008958636,3
3116.876717,24.71434205,770.3155734,779.1689809,74.59229448,12.53963368,138.0908467,1.603384827,0.666666667,0.008663408,1
2328.989997,67.15473789,1564.027128,829.2241314,31.40006908,18.26180608,61.17981075,-0.182060601,0.266666667,0.011157346,3
4384.878047,32.76337583,1436.634074,745.0399914,62.22494486,20.72290655,151.3095413,-0.474690896,4,0.018048621,3
6842.54843,16.09904439,1101.584909,948.6846097,83.75325228,17.19132527,214.9711251,1.955101533,1.266666667,0.010252581,3
886.8754645,39.13808482,347.1060715,776.6285186,58.33474787,10.10819682,49.61219184,-0.293195129,0,0.007827776,1
3476.093035,21.5847209,750.3049797,880.667681,78.19740026,13.69603982,101.9982219,0.992145911,0.333333333,0.005906586,2
7668.362907,14.98640363,1149.211817,1002.587009,84.47453473,19.71213079,351.1657467,-1.124219911,2.666666667,0.012429882,2
2513.850613,24.83691262,624.36288,850.5677571,74.14818716,13.27015876,68.72482616,-0.164249069,0.266666667,0.008257593,3
10039.45372,6.386280865,641.147712,1037.566178,93.50656225,17.79779997,315.2468344,-1.151708924,2.6,0.007945686,2
1747.611643,26.44727854,462.1957189,728.75439,72.35052082,9.405063086,61.25134747,-0.097276776,0,0.006412348,2
1971.802397,48.22483056,950.8983648,866.3598662,49.70780653,16.43016764,66.14954147,1.769186512,0.533333333,0.01087708,2
673.3145556,46.63174423,313.9783215,717.1540645,47.48227344,9.542337028,37.98464473,1.037091012,0,0.008873664,2
2002.579735,25.69255924,514.5139846,712.4405139,73.14290757,9.487219442,85.5138278,1.334227136,0,0.007040101,2
532.4406559,48.11011927,256.1578346,707.083161,43.16092685,9.225913446,31.19591409,0.845108254,0,0.009157124,2
2929.714315,35.21836925,1031.797605,744.0134421,63.83920135,13.24204617,86.24167952,0.20471873,0.4,0.008162094,2
1330.399087,42.44928005,564.7448344,761.3530495,54.39510609,11.29141437,60.77066133,0.009383149,0.266666667,0.008822968,2
3872.642237,27.41923647,1061.848932,915.7419709,72.12126878,16.47413265,102.796633,0.684645243,1.4,0.008766312,3
758.5352,43.76409453,331.966062,726.7262952,50.44368796,10.03720042,37.06498717,0.510906943,0,0.008888582,2
3680.284323,67.76118513,2493.804274,725.7721958,27.96725151,23.37183855,80.19342472,-0.523544359,2,0.018059653,1
1228.166531,45.32007335,556.6059729,936.4417376,54.17850487,10.92384588,71.75140606,0.087088141,0.2,0.005915986,3
6553.20334,12.91008729,846.0242716,987.6808653,86.99274827,16.95575335,172.4686893,0.961718325,2.066666667,0.006807973,3
6124.586129,10.60268922,649.3708336,1108.050954,88.60379665,17.36539405,399.3262518,-1.463504975,2.066666667,0.011514075,2
4445.950646,34.82509871,1548.306701,727.0241686,61.78667958,19.64072545,138.3141796,-1.14036662,3.066666667,0.018236616,2
4396.570993,13.23746605,581.9945928,923.6907044,86.07112132,13.94541835,373.9179865,-0.888619084,1.133333333,0.009210009,2
6355.588054,15.4544793,982.2230406,887.8999874,83.3856306,17.89613149,273.6480956,-0.826628165,2.466666667,0.015595022,2
3409.021114,58.46911994,1993.224644,718.730898,38.68290594,20.11663025,83.97151461,-0.707530661,1.6,0.014480931,1
4264.702602,20.21674366,862.1839929,945.2973915,79.68045277,15.34432171,116.4932099,0.043230463,0.4,0.006412487,2
2235.753829,36.70259867,820.5797551,772.5911975,61.97298234,13.25928975,86.94237258,0.547673274,0.6,0.009039677,1
2761.491065,30.2386789,835.0384162,752.2341329,68.75979146,13.32462334,90.73139737,0.202577083,0.4,0.008604431,2
3877.190984,30.29964271,1174.775015,1074.753712,69.67388571,17.97392694,88.75312487,-0.062714313,1,0.00676054,1
2441.198505,21.05048503,513.8841259,960.1883106,78.85835097,11.62958034,64.04329842,-0.050601704,0.2,0.004694264,3
3794.922589,47.35415265,1797.053436,774.5141873,50.84010007,19.08632545,110.7459177,-0.119078293,3.066666667,0.013436917,2
2839.868799,16.57357513,470.6677889,746.9191643,82.85096021,10.21194231,109.2996823,10.69342307,0.333333333,0.006164372,2
4254.186423,2.292285672,97.51810582,1293.620212,97.60352154,11.44744255,549.00826,-1.737770761,0.6,0.00461355,2
1557.042313,31.48331165,490.2084839,752.8384129,67.30466335,9.904472785,69.72515899,-0.046623727,0,0.006811811,2
2756.282189,35.99074134,992.0063932,840.5777467,63.05772972,15.31007927,112.9861873,0.077113461,1.333333333,0.00938199,2
2177.452912,34.68629104,755.2776545,738.9108179,61.7931452,15.21635736,78.58801947,2.372255357,0.133333333,0.012918064,2
1454.029552,23.3680747,339.7787118,665.2725488,73.9534409,9.220894382,47.5491768,4.813947638,0.2,0.00864951,2
2620.512363,33.59541322,880.371957,907.3785796,65.50518676,14.41559506,108.4123181,-0.661482629,0.733333333,0.00838507,3
2740.517495,66.37869257,1819.119683,695.146906,29.00773638,19.24545304,68.27229855,-0.277907954,0.8,0.015620588,2
8545.202023,22.00701155,1880.543596,783.0405835,76.28572304,21.03900906,243.9569882,0.38086695,3.266666667,0.016563529,2
2803.735875,58.2741157,1633.852288,832.702732,40.27765071,19.54201748,78.88969989,0.377522111,1.266666667,0.012489806,1
2150.333529,38.6012689,830.056028,807.3674948,59.44919766,14.01266127,81.71606072,0.616051738,0.866666667,0.009725407,1
5784.400127,19.36560118,1120.183859,991.6604541,80.49687537,17.36075067,157.7972465,-0.110908898,2.333333333,0.007327561,3
3039.207223,20.60134961,626.1177055,752.4654184,78.09480438,12.17170681,98.77869846,-0.376123189,0.2,0.008932347,2
2942.880561,22.9295758,674.7900288,884.5756566,76.78852333,12.88743942,81.89430369,0.612130785,0.266666667,0.005794195,2
6519.137597,19.14531896,1248.109686,586.5906033,76.32513748,19.17829966,151.1246857,1.1465564,2.466666667,0.023756261,2
3878.791463,45.43834085,1762.458486,852.239718,52.23946533,21.17010381,164.5746303,-1.175750579,3,0.014766162,3
1999.006692,23.89120925,477.5868717,850.5484244,75.48702395,10.51282777,67.2455761,1.157206685,0,0.005731387,2
2923.728435,20.78808417,607.787128,929.6729099,79.13457908,12.2591874,95.32883479,-0.546650787,0,0.004588492,1
1827.675877,21.53656309,393.6185683,613.0105297,76.45365363,8.586025983,71.07952284,6.744676718,0.2,0.007518676,2
2941.110194,27.90995393,820.8625002,900.5660431,71.43792404,14.10975081,103.3251699,-0.197706939,0.6,0.007960227,3
1564.108387,24.2123412,378.7072593,772.3631702,74.19422991,9.566127045,55.53702542,-0.057692459,0,0.00690449,1
3648.951959,66.00245191,2408.397762,730.9727719,29.81801348,23.66225844,81.31112192,-0.612550031,2,0.01830205,1
1032.781264,66.93551098,691.2974163,774.9702156,31.47576669,10.81266325,40.77979554,-0.150712364,0,0.006493339,2
2217.572738,55.80707889,1237.562567,795.6385491,43.54492712,14.23389117,87.15038837,1.112980569,0,0.007840372,1
1106.565803,37.3022609,412.7740629,954.5401377,62.39788091,10.0925126,62.16468694,0.144648003,0,0.005110062,3
1682.093284,23.17005612,389.7419578,734.2373442,74.89777764,9.862814923,63.38279269,-0.122961881,0.133333333,0.007922923,2
9132.055676,10.09342515,921.7372045,922.6093931,89.14907347,18.06434897,309.8959628,-1.04500239,2.666666667,0.012648386,2
2206.302857,32.05219895,707.1685812,801.1285493,66.40908314,13.883682,65.55707966,-0.012472069,0.533333333,0.008883326,2
5967.077783,14.41904058,860.3953672,927.4531415,84.61946979,17.84640742,286.7784408,-0.822077297,2.333333333,0.01506553,2
3542.263361,26.6772925,944.9799578,825.6690057,72.7349784,14.82511826,87.78192344,-0.279327796,1.066666667,0.008084512,1
1695.794083,37.32706468,632.9901542,730.8520948,61.56477618,10.32719781,75.52233323,-0.773167608,0,0.006633012,2
3373.774767,69.5861804,2347.680996,720.6958069,26.11391562,22.4713625,69.69316407,-0.486988391,1.866666667,0.017700789,2
1570.974535,62.12926134,976.0348746,792.2367991,36.88575772,12.13036273,50.4024102,-0.252986753,0,0.006528919,2
2529.686872,22.27003986,563.3622747,954.7544076,77.67382045,11.83364889,64.98936627,0.383929328,0.2,0.004332992,3
4001.991982,71.70784647,2869.742266,778.3704997,25.3337555,25.30369432,78.31552461,-0.67593228,3.6,0.017696273,1
1929.060858,69.78856898,1346.263968,810.5320968,27.28397199,19.33123442,56.25697124,-0.506471056,0,0.01384844,2
4101.235398,25.49678606,1045.683215,1078.601781,74.47584067,17.41227499,90.8995019,-0.432287761,0.533333333,0.006910305,1
1934.238375,17.38817845,336.3288202,644.8247407,80.5702211,8.852845291,103.7841912,4.860405831,0,0.00901353,2
5273.714583,17.53644325,924.8219651,867.0586798,81.8863041,15.34087586,244.8743525,-0.515305257,1.133333333,0.009173072,3
5004.130049,19.47885989,974.7474811,1118.121738,80.51427955,18.4862434,113.0067039,0.033276725,0.266666667,0.005538133,3
3025.327694,24.31007454,735.4594176,799.0169101,75.00012039,13.85266832,156.8598103,10.03001966,0.733333333,0.009418007,2
2268.991777,36.92529563,837.8319214,882.2346308,62.20467026,13.77273111,82.64596566,0.544343418,0.933333333,0.008079232,2
3404.324169,30.24884483,1029.768735,586.7597871,60.00951778,19.02023666,131.3505954,0.84482734,2.4,0.024889166,2
4775.929311,36.58904766,1747.467052,1023.994683,63.3121033,21.56735542,101.4708691,-0.15687397,2.066666667,0.008904865,2
3939.638709,46.31759287,1824.745818,1004.779323,53.43883406,22.71820336,90.54848675,0.36027074,2.133333333,0.0116332,1
1727.429713,32.65624872,564.1137435,879.3113157,66.30253524,11.87047861,92.16491619,0.046622597,0,0.007391498,2
5830.109524,14.96352692,872.3900079,698.8942982,83.75870851,15.98436526,142.1737279,-0.048106593,0.733333333,0.014982564,2
2530.536365,30.68106712,776.3955606,776.6977137,67.71352182,13.01671933,99.24339569,2.23254853,0.333333333,0.009201818,2
1111.816763,48.8616141,543.2516161,834.250468,49.4116895,10.80210611,82.85501275,-0.193356552,0.2,0.007064435,3
835.5516652,40.00530712,334.2650098,829.7451146,57.24560838,9.474561257,47.53703518,-0.51791611,0,0.006768437,3
3515.613694,73.96988052,2600.495249,733.6673751,22.67744395,22.85610469,74.95212452,-0.502490109,1.666666667,0.016567681,1
4310.723877,41.62292864,1794.249523,1005.733355,58.24945946,21.33880399,91.72290699,-0.408913595,2.4,0.00918216,2
4607.64622,22.88256767,1054.347764,897.833034,76.79902302,16.27410132,109.8296396,-0.563133544,0.866666667,0.008371762,2
2646.489435,28.77133451,761.430328,805.4769501,70.00610333,13.25712399,173.6024449,1.665100009,0.133333333,0.008627612,3
2777.111212,17.85270636,495.78951,747.1606944,81.54624102,10.23077832,109.6017543,10.52313645,0.333333333,0.006108222,2
9965.415988,10.67480791,1063.789014,1035.861192,89.25443552,20.39335726,207.1532139,0.220018643,3.8,0.007829206,1
3680.852199,41.24602975,1518.205393,985.710258,58.53382806,20.27743671,90.81704375,0.773239719,1.066666667,0.010079815,1
1211.864682,50.36325758,610.3345313,570.6639491,46.44380731,9.022712016,48.04143156,2.158561444,0.133333333,0.008944422,3
1440.580894,59.86492023,862.4026031,794.0448666,39.27378116,12.07190315,49.47155854,-0.249682744,0.133333333,0.006603136,2
1223.749686,21.87300366,267.6708136,828.3443385,76.52354635,8.671482342,60.49684514,1.063745157,0,0.005963667,2
3244.189777,66.64252181,2162.00988,719.1956067,28.69846444,22.08292797,69.19295892,-0.39574929,1.8,0.017687556,2
3415.239982,42.07323273,1436.901866,977.4580376,57.67262984,19.62762615,98.13692878,0.186229247,1.066666667,0.010081591,1
2578.5145,27.3070627,704.1165713,864.788254,72.48462997,12.44835061,102.0439184,-0.835882333,0.2,0.00528671,2
497.9034495,46.86737251,233.3542644,780.5565811,49.48247094,7.425128491,47.72438041,0.601854718,0,0.005783361,2
4334.711571,25.0375875,1085.307203,896.0090853,74.25904366,17.5088497,110.8787605,1.271408265,1.933333333,0.010427513,3
4309.461305,32.2028728,1387.770343,763.0057232,63.14244399,20.68141215,159.582497,-0.51885005,4,0.018008446,3
2344.597283,16.74764826,392.664906,805.7292395,81.74996061,11.57144586,63.64659423,0.136310272,0,0.007870498,2
3031.936099,33.03519369,1001.605963,1021.44983,66.74435129,16.81710429,167.282466,0.88154761,0.8,0.008438431,1
2562.090218,28.2784198,724.5186274,981.9050204,71.61579289,13.72022739,80.87922357,0.119646349,0.066666667,0.006092133,2
1802.610064,36.34993121,655.2475182,918.44577,63.52776621,11.44382368,108.9859987,-0.79258311,0,0.004543843,2
3356.79121,28.39580803,953.1879878,741.7277579,70.59098161,13.7832352,92.96744703,0.002859592,0.6,0.00898647,2
771.7691585,29.94375704,231.0966817,772.751505,65.8348087,9.185853225,44.74794485,-0.18528711,0,0.007594845,1
3409.710475,67.16994273,2290.300573,723.3847603,29.28044626,22.00961786,74.28881681,-0.522556899,2,0.0164399,2
2302.809381,27.04932223,622.8943298,878.4375487,72.30415721,13.3138177,79.72996333,0.227938987,0.133333333,0.007971299,2
1263.789391,56.84675181,718.4232187,775.5481726,41.81650364,11.01302288,50.81002291,-0.529797559,0,0.00650983,3
4628.72926,26.33098959,1218.79022,945.6147591,73.54057168,16.83299783,124.1614,-0.684789023,1.066666667,0.006794302,2
6570.386353,4.978248571,327.0901647,1226.682769,94.8805897,15.81895187,321.834844,-0.022899132,1.2,0.009218906,3
6480.669793,9.092468782,589.2528778,1087.342044,90.79108798,15.85235111,233.644803,-0.899080895,1.866666667,0.006637478,3
2384.500695,24.4026033,581.8802453,889.8615568,75.02885062,12.88368518,82.38846085,-0.220074773,0,0.007101107,3
1599.207173,46.44887644,742.8137638,921.0650722,52.90416642,13.25432534,95.13979523,0.591412794,0.066666667,0.007410388,2
1647.083609,32.47542072,534.8973315,835.2739235,66.83340037,10.72146105,75.2307391,1.919024778,0.133333333,0.006093598,2
1145.953098,56.62013329,648.8401717,751.5730107,34.7154801,14.81366094,43.01503387,-0.154260309,0,0.013494534,1
1941.485239,57.17020126,1109.951019,841.6213115,42.26274885,14.29683353,60.91838098,-0.012999608,0.133333333,0.007498652,1
947.5178213,40.9991274,388.4740387,785.0464304,54.73770174,11.38435281,50.40170376,0.145210096,0,0.009488017,1
4878.888335,62.98906647,3073.166216,777.62354,34.53140041,26.09151893,90.88503176,-0.734480359,3.733333333,0.017954697,1
1345.606604,56.09641116,754.8370134,760.8290424,42.55883075,11.12339522,52.96387072,-0.435541961,0,0.006812448,3
1550.336021,43.32176323,671.6329005,856.7426394,54.30744354,14.05615894,50.99948716,-0.152832501,0.2,0.009634036,2
3320.513269,53.13922333,1764.494962,795.1936688,46.27168432,16.44810562,103.42357,0.491627778,0.6,0.008668772,1
2944.682441,16.02646498,471.9285002,801.8086783,82.89911283,11.50058456,76.19828633,0.12083487,0,0.007632606,2
1917.19108,15.28363386,293.0164651,833.0257795,83.99098016,9.292148753,91.06624789,1.276941316,0,0.006157494,2
2271.082929,37.05665379,841.5873382,758.3542736,61.59992278,13.2025627,87.96825072,0.231986856,0.6,0.009148554,1
2781.614394,27.15381423,755.3144053,859.0016343,71.30956249,15.15396821,69.47823794,2.802251821,0.733333333,0.010390875,2
592.861363,36.09929084,214.0187477,777.0150824,60.13781797,7.482598615,48.88460755,2.621650548,0,0.00619249,2
3662.803873,15.50891263,568.0610525,710.6665626,82.2543814,14.26759892,226.1028756,0.491721273,1.333333333,0.019808678,2
2780.682532,32.1232272,893.2449674,807.6543112,63.16372088,17.64843162,113.9982595,-0.289339736,2.066666667,0.015686837,2
823.7088726,31.41470309,258.7656966,881.098771,67.49461839,8.78442411,46.0453175,-0.356139677,0,0.005586967,1
2372.525591,48.67960084,1154.935988,831.9979283,50.90560365,14.36369747,66.30757761,0.091199088,0.2,0.00725334,1
2053.656947,26.7148651,548.6316831,883.3538457,73.01814881,10.89802631,60.88634613,-0.304598863,0,0.0045473,2
2345.951829,67.92574103,1593.505164,829.5498496,30.64021343,18.26228623,61.20471418,-0.181988129,0.266666667,0.011129343,3
3006.551437,55.72135516,1675.291205,837.2601142,43.83851139,16.36902179,83.30661434,0.121620151,0.133333333,0.008149511,1
3463.889663,71.64929751,2481.85261,724.6157219,24.46476322,22.87813559,71.41881007,-0.605343393,1.666666667,0.017207001,2
1712.26886,34.9897153,599.1179993,737.3187598,63.82651804,10.34698299,73.72635091,-0.814319763,0,0.006579786,2
3674.250962,66.91134951,2458.490903,728.4843951,28.86227808,23.44152898,80.81197551,-0.563818998,2,0.018047,1
3206.787177,58.49419293,1875.784278,711.8877313,37.67328413,20.43170335,78.31991702,0.992571304,1.2,0.016397335,2
2158.422379,25.74180558,555.6168923,877.3835559,74.00653073,11.51221406,62.78470728,-0.335399464,0,0.004784148,2
2840.752357,56.90650952,1616.57301,852.5025152,42.76291955,16.56944393,73.35159411,-0.176838637,0.133333333,0.008097098,1
1834.01306,21.56664999,395.5351774,613.5251157,76.46457543,8.714697941,71.28404502,6.574952839,0.2,0.007587026,2
3138.723003,41.9220316,1315.816449,984.6971933,57.78373178,18.16986046,163.6830596,-1.149066028,1.4,0.007983362,2
4225.558538,25.22650281,1065.960643,1144.082822,74.73730248,18.20683027,170.2275198,-0.288671772,1.2,0.006634679,1
2237.39454,36.61105542,819.1337551,804.1256108,62.71226595,13.01763915,83.48148869,0.128701197,0,0.007520434,1
4408.47543,13.18216194,581.1323703,883.4319309,86.48477467,13.83699565,89.35047846,0.545761583,0.2,0.007297749,3
2089.91657,29.18689702,609.981797,713.4099681,69.93902652,9.959901379,71.47730403,-0.419237923,0,0.006232337,2
3392.710999,67.38663386,2286.233739,723.4126505,29.0479602,21.93091446,74.20938477,-0.515603779,2,0.01639855,2
3798.399854,17.27118202,656.0285525,738.6766521,80.85334155,13.80308679,118.9400558,6.223103376,0.6,0.01282782,2
3224.039821,35.66053688,1149.709909,624.5586591,58.81177014,16.06906291,111.1682359,-0.398313041,2.133333333,0.020725099,2
2318.931162,29.26924849,678.733724,660.5254984,65.12179729,14.47406931,149.2001736,-0.370086767,0.866666667,0.018668128,2
4985.865294,15.6294448,779.2630638,927.3792959,84.09012779,14.85774721,146.8134267,0.734785102,0.733333333,0.007396736,2
4005.63757,50.89668235,2038.73663,1001.843574,48.90540364,22.59787009,98.89586501,1.238746822,2.4,0.011242849,1
4271.874692,33.29756802,1422.430381,716.9080558,63.41649142,18.43265045,155.0574198,0.020975867,1.8,0.018231417,1
2646.970589,20.46752711,541.7694228,937.1714933,79.3821537,11.96161052,73.97314835,-0.420709786,0.2,0.005071968,3
1140.834141,36.10979453,411.9528644,783.9847436,59.99490686,11.73404864,53.98959739,-0.009254124,0,0.00967296,1
2076.568133,30.80600037,639.7075867,773.3560777,67.46279874,11.97500949,61.47400416,-0.040998046,0.133333333,0.008262522,2
2049.445383,40.45206445,829.0429671,811.2714894,57.39167803,14.11721701,78.49879641,1.138007241,0.866666667,0.009704872,1
2521.70343,37.12505198,936.1837091,832.2991713,62.30089622,14.08673426,85.0637346,-0.319801226,0,0.007816151,1
1619.084868,58.97350606,954.8311127,781.4344256,40.01015081,12.06280053,52.20722254,0.024822453,0,0.006423962,2
2012.687624,50.15201037,1009.403306,779.8134018,48.59106077,13.72843091,66.59455546,-0.148657659,0.6,0.008322959,2
3241.445958,57.62525457,1867.891485,707.9176589,37.93394499,20.62297792,73.94002552,0.940544982,1.266666667,0.017136854,2
6905.064832,8.842842082,610.6039788,818.7667239,90.42324127,15.45454093,251.9574236,0.399493775,1.533333333,0.01125728,1
4708.381266,68.6379917,3231.738343,765.6046314,29.10088957,25.40519783,86.86189874,-0.916077331,3.933333333,0.017265912,1
2145.363796,57.96716052,1243.606475,809.1955181,41.41530838,14.26753687,65.29009751,-0.287946724,0,0.007332869,1
4667.550609,26.59054293,1241.127048,960.3582031,73.30741471,17.37948594,125.8730702,-0.882270448,1.2,0.006945899,2
3962.585991,34.78456823,1378.368428,754.1089197,62.40110796,18.62979,129.6246715,1.340823856,1.6,0.016144201,1
1388.759376,56.88169079,789.949814,782.568401,42.07293875,11.34302496,49.94913292,-0.313471285,0,0.006381293,2
2564.908681,19.71375783,505.639886,937.0818696,80.12832956,11.73701533,72.71503226,-0.325000067,0.2,0.005094206,3
2778.048657,54.43232422,1512.156452,830.2931505,44.08607212,20.67752222,67.97533346,0.363159851,1.266666667,0.013976179,1
1559.435345,28.09558043,438.1324116,764.5878317,70.52574742,9.569096107,58.50141691,0.100831206,0,0.006654849,1
5209.813113,12.57897917,655.3413061,810.6187612,87.029566,13.76930917,130.3846658,0.801172806,1.2,0.008203518,2
2004.946098,24.70147174,495.2511937,784.3642529,74.66826838,9.931350934,80.94466279,-0.779914584,0,0.005760991,2
2175.075987,39.70077706,863.5220684,746.6757218,57.9389307,13.7412394,105.357052,2.591453093,0.2,0.01021057,3
2862.560599,12.57554626,359.9826325,696.7905398,86.68520608,10.05311815,235.120799,0.14107462,0.6,0.007136382,2
1116.311724,49.70188136,554.8279286,723.5524497,43.53303897,12.46824423,69.49724637,-0.29373832,0.066666667,0.012314369,2
2086.654811,31.83545289,664.2960093,776.9296635,63.08962742,15.08145833,121.3340844,0.169656968,1.066666667,0.014634672,3
3759.952095,21.0031325,789.7077204,1033.113243,78.93701009,15.67016082,138.0995505,-0.984389293,0.866666667,0.005606836,3
4440.493996,27.20993743,1208.255638,886.4673582,72.06763148,17.82818695,108.39977,1.312421368,2.066666667,0.010559406,3
3199.370491,47.24136511,1511.426295,922.6324263,51.98283706,20.51316759,78.55521863,-0.010989282,1.666666667,0.012147626,1
2544.347391,26.87297057,683.7417255,883.6377699,72.93487014,12.51359649,68.07541325,-0.598177746,0,0.005066779,2
2526.240313,26.10350757,659.4373312,940.2304371,73.8093771,12.39021316,77.26770842,-0.276417463,0,0.004657695,1
1208.068017,57.8794197,699.2227579,774.4934511,40.95943831,10.77558817,42.98661751,0.026901391,0,0.006229042,2
9105.974301,20.19715221,1839.14749,745.1843415,78.38689836,21.03153342,195.2884691,1.258171575,3.266666667,0.016585739,2
553.0418008,53.15132968,293.9490708,713.1575048,39.45366909,9.368207406,33.49909605,0.810228226,0,0.008851461,2
2699.814819,25.13013771,678.4671819,881.3152938,74.48178825,12.63106743,95.55878643,0.702182649,0.133333333,0.006128725,2
3012.953896,31.59830159,952.0422589,881.5725522,68.21960674,13.82512322,84.51732841,-0.434235029,0.2,0.005646323,2
6648.179697,17.82995683,1185.36757,632.0904208,79.62871786,17.29127539,158.1653612,-0.434152928,1.933333333,0.01876724,2
4498.229741,23.17415873,1042.4269,1045.43225,76.7940804,17.49391811,121.4728566,0.21711949,0.8,0.007648541,1
12465.90641,7.126221154,888.3480597,874.8254004,92.20813466,18.92093642,277.2579289,1.082238614,2.4,0.012731083,1
3216.753783,32.5439529,1046.858836,766.8662312,66.69568303,14.59730369,100.8985846,0.220293307,1.133333333,0.009127812,2
617.4725408,41.10063171,253.7851149,717.519538,52.19086513,9.408005666,33.55857888,0.611406205,0,0.008671914,2
8333.81897,11.10050808,925.096248,1131.650872,88.48226793,19.55958095,378.2070947,-0.759986935,2.666666667,0.011433073,2
6214.756917,26.88362612,1670.752014,950.5914837,72.7373073,21.99099378,269.6966704,6.335074885,4.4,0.011498624,3
2543.948508,28.27567972,719.3187323,982.7183742,71.60573215,13.7429101,81.27408367,0.06044102,0.066666667,0.006095956,2
1111.583406,39.20502045,435.7965015,739.2180904,56.74671705,10.85967613,47.14223258,0.01174517,0,0.009322202,2
2034.633084,27.4548529,558.6055201,707.1692,71.6391804,10.05088458,69.37987251,-0.297819935,0,0.007065136,2
864.3319786,52.56889961,454.3698101,692.3596637,44.23484718,9.122808522,38.91349589,0.681518136,0,0.006982267,2
3682.857293,62.26843329,2293.257536,920.5784416,36.99025617,22.74646956,84.67519817,-0.320539072,1.4,0.012599143,1
3254.644963,59.18344354,1926.210964,833.0545756,40.35657845,17.02894982,91.57273393,1.060444228,0.6,0.008428603,1
3670.824767,21.88222963,803.2583048,883.458963,77.6786961,14.29229392,103.9312397,-0.164890021,0,0.007860223,2
2891.18951,46.40667856,1341.705022,799.943691,52.5748429,16.14943655,80.41457289,0.256910297,0.466666667,0.009741652,2
2356.193872,28.97757161,682.7677665,725.9894672,66.79762384,14.37577526,126.4763362,0.391841062,0.933333333,0.017240419,2
4516.371262,31.67804657,1430.698192,979.915411,68.17261397,18.64645248,149.4083925,-1.043808894,1.533333333,0.007583201,2
773.252335,29.98338728,231.8472423,772.7193189,65.75437845,9.187134271,44.76502938,-0.189503942,0,0.007593963,1
3181.82147,60.243521,1916.841286,824.9983588,39.24859357,17.07592616,103.4599584,1.173757175,0.6,0.009011966,1
725.502536,35.99883268,261.172444,820.68096,61.22404582,8.558873884,47.47692318,-0.783623181,0,0.00636966,3
1191.194743,51.26416221,610.6560052,697.0144866,46.35965341,9.792851207,46.31284406,0.486805371,0,0.007154092,2
1981.790457,16.08322395,318.7357976,797.162881,83.20250324,8.753680029,106.8196679,2.217099366,0,0.005422842,2
5760.233012,23.46705028,1351.756777,991.188285,76.44773704,19.14669977,139.2902557,0.171265862,0.866666667,0.00806765,3
1710.684443,21.46045685,367.1206967,898.3611678,78.07864366,10.12070487,60.32215899,0.069634013,0,0.005284319,2
3531.125531,39.77944739,1404.662223,798.262245,59.30100294,16.31741518,128.4928877,0.44844765,2.066666667,0.011000304,2
2482.554491,33.4556309,830.5542674,813.8392769,65.91613422,13.28575926,90.47665502,-0.230682729,0,0.007464827,1
3548.254422,43.79542542,1553.973119,985.9492293,56.00432778,20.08595198,101.7238131,0.193346839,0.466666667,0.009812984,1
1959.930674,34.50613587,676.2963415,793.0012505,64.52086922,13.02035145,65.79937585,0.103097185,0.133333333,0.008593653,2
1685.817594,34.20294828,576.5993198,814.7396671,62.06233535,14.30846146,59.49567215,-0.156954469,0.066666667,0.011323479,1
659.7337209,43.27271773,285.4847108,717.0602381,50.36953862,9.275203704,34.01867406,0.789320448,0,0.008483524,2
4604.432981,37.99845996,1749.613623,1010.827649,61.89515537,21.30163977,91.42214444,-0.413255225,2.466666667,0.009204088,2
7335.852098,7.887256026,578.5974366,1024.154625,91.45438018,16.01418596,386.2374976,-0.74380159,1.466666667,0.010873121,1
3330.740195,32.1365216,1070.384042,916.3936732,67.33621691,16.542499,102.6703146,0.716020137,1.4,0.008771178,3
3921.936129,20.25086693,794.2260667,948.8044469,79.64983618,14.71497599,119.2109359,-0.094579059,0.133333333,0.006041686,2
2736.48363,31.25952362,855.4117468,811.5775634,67.81134393,13.91051811,76.87157116,-0.002837095,0.4,0.00801323,2
2252.500288,60.68176191,1366.856862,803.1483627,36.62412052,18.71870277,69.36346981,-6.09e-06,0.533333333,0.013045619,2
2250.617864,26.5223795,596.9174111,878.61869,72.70105352,13.32180918,79.41470568,0.052952368,0.333333333,0.007964834,2
1956.870035,32.14260727,628.9890502,792.3770644,64.88759268,15.04891316,112.9397287,0.543561183,1.066666667,0.014117029,3
1799.636094,33.09396391,595.5709196,813.0146108,63.23539276,14.56882874,62.0122752,-0.263228388,0.066666667,0.011515496,1
3413.433207,22.42054194,765.3102237,931.7826689,77.50387354,13.65425097,77.604242,-0.532272308,0,0.004633493,1
1225.666395,70.66739532,866.1465168,789.882307,27.07786486,12.80733907,44.82930357,0.233546938,0.4,0.008398266,2
3964.20804,29.82661327,1182.389001,705.7070843,64.51205231,19.38084179,148.5449468,-0.177677556,3.466666667,0.017555615,3
1893.169666,48.75893459,923.089359,841.9839219,50.76319063,13.17391677,60.13203176,-0.433932754,0,0.006693242,1
1467.820277,29.5728331,434.0760409,666.5038541,67.83857528,9.273253671,47.05274028,5.014724857,0.2,0.008657887,2
2529.320612,66.47153888,1681.278334,676.4766341,28.81254933,18.21961328,62.57067226,0.116111242,0.266666667,0.01545832,2
3716.163024,17.59541589,653.8743392,738.5381382,80.54620387,13.83289221,118.9868483,6.218527007,0.6,0.012868352,2
3136.478692,54.86945088,1720.968635,832.1139976,43.79227137,19.40455179,78.73891469,0.381140405,1.266666667,0.012396197,1
4426.472769,44.72917008,1979.924534,893.1376994,53.86224073,20.99880565,145.2445777,-0.275717866,3.133333333,0.013179553,3
863.0732601,34.95807231,301.7137744,729.8720937,60.83885134,9.629668519,43.64792774,-0.107863315,0,0.008727795,2
1239.306039,57.38778968,711.2103433,582.6394078,38.67015263,10.46618051,63.46967391,1.877276176,0.266666667,0.009693396,3
4449.151874,24.09263235,1071.917804,1080.788082,75.8640469,17.99382872,140.8370306,-0.207319754,0.6,0.006505754,3
2965.292845,25.43054103,754.0900136,712.5139168,70.63935748,16.58778547,80.17488798,7.563279161,1.866666667,0.014927956,2
6923.519858,15.68703562,1086.095026,950.7535163,84.17291955,17.1470089,214.3242112,2.000922426,1.266666667,0.010214064,3
5308.083543,47.82836886,2538.769777,1018.961133,52.10014751,23.80237581,102.6533661,-0.02283724,3.4,0.009812729,2
1875.620381,23.0017902,431.4262652,1058.541793,76.95860411,11.33831635,84.53094684,0.797053062,0,0.004121641,3
4479.95557,17.40693725,779.8230551,942.708547,82.41314624,14.68472525,162.5355401,-0.63380365,0.6,0.006008884,3
8918.166157,5.156982355,459.9082551,1152.274681,94.83131056,16.97948875,295.7564504,-0.358092746,2.6,0.004888162,3
7655.79074,13.53153538,1035.946033,767.2830873,85.14916759,18.19625415,211.9293645,-0.123303962,2.466666667,0.015806482,1
2504.935233,28.00089297,701.4042335,889.2594698,71.6857472,12.51140823,87.43675886,0.67177915,1,0.006315455,2
4062.074825,41.1321045,1670.816862,982.798724,58.55103222,21.58462605,107.6975333,0.492540684,1.333333333,0.011376285,1
2784.491352,21.68543089,603.8289478,761.4562762,77.63894561,11.1338216,115.8175014,6.856549953,0.333333333,0.006556597,2
4912.193898,5.694103879,279.7054233,1100.595159,94.12062307,13.56919196,349.6180984,-1.526107784,0.733333333,0.007008041,2
1507.703464,38.17518787,575.5686298,871.1353502,60.04566917,13.64391628,54.21284463,-0.266028539,0.133333333,0.009470746,3
1884.261863,25.76377627,485.4570107,822.2626139,72.6206569,11.75954206,59.79346674,-0.30480811,0,0.007769052,2
562.3534367,35.29673765,198.4924172,581.2097147,61.27383473,5.550702548,30.62489588,1.239646206,0,0.006082876,2
2574.638342,30.26972006,779.3358186,749.8221201,68.77870274,11.91304488,75.70817756,-0.510859571,0.2,0.007574249,1
2631.91461,15.76651589,414.9612352,728.1642559,83.09176219,10.09848477,75.59958601,4.726656268,0,0.007539635,2
11882.01405,8.819013982,1047.87648,830.1762986,90.43577571,19.16870337,211.5270999,0.413943406,2.533333333,0.012815911,1
10132.48996,6.678112225,676.6590504,1054.989259,93.22769219,18.15819579,308.6051465,-1.125336333,2.6,0.007892072,2
2340.993901,29.6698602,694.5696175,807.1645227,69.49778779,12.47849823,100.414684,0.174589502,0,0.007585038,1
2823.034091,19.994336,564.4469215,865.0354805,79.65658626,11.49903103,114.9811161,2.318910343,0.533333333,0.005849288,2
2862.196429,46.6169303,1334.268114,812.8829433,52.70898831,15.36248128,82.09074069,1.857600678,0.133333333,0.008253612,2
3982.747748,13.14302205,523.4534148,947.6919141,86.10794281,13.6645739,368.3781528,-0.975053577,1.133333333,0.008979305,2
2377.047281,37.96774901,902.5113457,805.3308836,60.5984682,14.28150002,64.07615264,0.15571805,0.6,0.009072631,2
1057.042865,53.14954847,561.8135099,696.7849396,44.06464858,9.677784808,41.23136082,1.026201658,0,0.007357427,2
4765.356026,48.51547763,2311.935237,1043.904462,51.41336905,23.02234459,91.0799737,-0.542876487,3.266666667,0.009288726,2
2401.674805,25.50271534,612.492289,883.4603868,73.92934201,13.27841559,77.51212262,-0.243161134,0,0.007221507,3
4924.652301,9.374609397,461.6669174,1200.619492,90.54266229,14.37715707,312.4912684,-1.079220129,1,0.005347049,2
1627.853673,38.47231953,626.2730665,933.8335852,61.15702412,12.11885079,67.98700954,0.783837925,0.4,0.006412712,2
2752.684148,31.96727864,879.9582117,805.4778478,66.98289713,14.0659366,72.67793939,-0.272681122,0.533333333,0.008527617,2
1121.477488,37.46664672,420.1800085,955.2153902,62.25330488,10.09028959,61.92131423,0.18254902,0,0.005107258,3
2518.431444,56.99136174,1435.288374,812.6316497,41.01067003,19.22213853,67.74448936,0.106727811,0.4,0.01315108,2
7123.560662,17.19549102,1224.931234,600.1957603,79.97231413,18.00879943,152.6951921,0.415362976,2.133333333,0.021052702,2
5325.763997,9.76306225,519.9576544,831.5433956,89.00735477,15.75414018,278.6211903,2.419100757,1.333333333,0.015701727,2
3997.492718,16.8155709,672.2012223,772.025607,82.2216642,13.53205387,161.3568546,0.097033134,0.6,0.010018529,2
2005.166473,56.0666414,1124.229496,807.5606277,43.08461474,13.73589064,62.97256921,-0.393738043,0,0.007524438,1
4523.175865,49.94750211,2259.21336,1031.71137,49.97448217,22.77586465,94.01297063,-0.397281488,1.933333333,0.0093628,2
1957.850758,26.31375073,515.1839682,846.6027869,72.04136779,13.69928692,67.01756218,1.719036823,0.133333333,0.009748088,3
1136.471109,56.39019846,640.8583137,698.7098216,40.9710168,9.798780593,41.72737295,0.832924386,0,0.007406446,2
1450.084003,29.12021185,422.2675338,766.3671875,69.2478518,9.611830369,56.63894549,0.346786588,0,0.006923962,1
2580.076934,35.39952702,913.3350315,836.1774247,64.07640009,14.06722032,80.84160505,-0.162190708,0,0.007632015,1
1737.871639,26.51988093,460.8814894,728.7591591,72.28433675,9.41886718,61.25135299,-0.097218863,0,0.00640572,2
2451.322287,21.05287891,516.0739129,898.135029,78.65177385,11.81663773,75.22896866,1.919868784,0.133333333,0.005521113,2
2952.438858,51.26366357,1513.528323,941.8074568,48.10011014,20.59561941,69.63927599,0.21111166,1.266666667,0.01189238,1
9730.665629,13.64227984,1327.484635,812.7621146,85.19586676,20.63259303,226.5078055,1.213794433,3.333333333,0.01626647,1
2700.019418,26.67610081,720.2599016,853.8697626,71.66667,15.14061355,68.6435284,3.221901806,0.733333333,0.010492515,2
5031.439466,19.35392769,973.7811559,726.1883232,79.1070957,15.80641656,110.2846284,1.070176091,0.533333333,0.012431256,2
9327.618544,4.664675112,435.1031008,1176.52853,95.27860988,17.07499028,319.9076666,0.08663309,1.866666667,0.011458912,3
3470.675273,69.14287951,2399.724822,727.06229,26.68731759,22.80923952,70.86840747,-0.375096256,2.266666667,0.017518424,2
6858.597667,12.6202341,865.5710814,825.812393,85.66290866,17.82220301,334.6452836,-0.730979082,2.8,0.017704163,2
1185.794757,47.10921494,558.6186009,806.6456153,50.9167674,11.15361856,49.20601169,-0.224150009,0.2,0.007550172,3
566.9028263,52.79297259,299.2848537,713.8641255,40.23506942,9.443786102,33.95165283,0.735419167,0,0.008886222,2
1937.171296,63.38280443,1227.833494,808.8907766,34.50250498,18.15871597,56.39355877,-0.313078255,0.133333333,0.012446267,2
1078.915585,33.28158373,359.0801936,901.4474081,65.72966197,10.20724333,46.88158743,0.190440859,0.066666667,0.006339517,1
2978.030421,15.65997889,466.3589352,809.97341,83.27483044,11.69709091,74.90970017,0.180265414,0,0.007549898,2
3155.930537,59.01519442,1862.478542,701.7304274,36.59520209,20.41704312,72.21106829,1.383928706,1.2,0.017000605,2
1086.228918,25.3310164,275.1528252,591.3796852,72.31611924,7.037739814,56.74543943,12.75346519,0.2,0.006735446,2
1626.99181,39.92587115,649.5906536,829.9254439,58.33324915,13.18837162,74.65706526,1.707795482,0.133333333,0.008717523,2
1589.440809,43.58013444,692.6804413,856.9818464,54.25402192,14.01628207,50.90619567,-0.134978507,0.2,0.009570943,2
1531.764014,57.72579526,884.2229584,781.707115,41.20828423,11.94357879,51.65361784,0.01959705,0,0.00639589,2
6171.952164,22.96580448,1417.438467,846.8321204,76.00401454,19.28704937,297.3650281,0.01403187,2.733333333,0.013612437,2
1035.677311,35.92931644,372.1117785,782.6891229,60.99352258,11.13452866,53.18677696,1.168036448,0.266666667,0.008882629,1
11309.92121,12.82180116,1450.135609,1016.106603,87.09261961,21.30888011,211.1722576,0.048672397,3.933333333,0.008045067,1
1552.589878,40.64944308,631.1191387,749.1580024,58.06636488,10.42107638,68.35227105,-0.515706994,0,0.006706329,2
1734.297032,21.81133549,378.2733441,715.8118148,76.23657087,9.557874867,59.52044688,-0.579927536,0.133333333,0.007795689,2
2509.034224,23.41533856,587.4988582,959.4497907,76.48816506,12.11919817,64.40825833,0.219665844,0.4,0.004854967,3
2731.74818,25.92098637,708.0960734,907.1267815,73.84429229,12.88917626,86.97988711,0.44802721,1,0.006313769,2
423.1139157,49.36398036,208.8658702,791.5796578,45.79328162,7.546135172,32.99108812,0.466327079,0,0.006211255,2
2186.286308,35.79505381,782.5823605,895.2702711,63.66756873,13.58901406,81.28391741,0.091499372,0.8,0.007782519,2
3951.545267,21.65606469,855.7491993,945.263296,78.23771986,14.59105203,121.2196449,-0.190834197,0.133333333,0.005863396,2
3567.637476,68.3791524,2439.520267,726.1647505,27.52824574,22.6660567,78.98310959,-0.580875003,1.8,0.017339331,1
1330.884809,31.77015801,422.8242067,731.2863956,65.31360362,10.32831437,71.05103962,2.183788495,0,0.009130648,2
2157.98175,27.19488687,586.8606957,876.9863767,72.08968767,13.21498805,83.35013822,-0.012980378,0.133333333,0.008108981,2
2220.812612,26.16965095,581.178909,882.0076147,73.62964961,11.89534576,63.86919158,-0.319181165,0,0.004703135,2
1043.981311,49.1470437,513.0859513,740.6802647,44.9064428,12.33327698,72.66503603,-0.298989217,0.066666667,0.011527493,2
724.1948538,41.58627561,301.1656678,728.951439,52.55748792,9.954839648,38.32957413,0.32749175,0,0.009439117,2
4281.850834,27.27212216,1167.75159,933.4645677,72.57695992,16.15041907,127.9125848,-0.600566049,1.066666667,0.00677699,2
4190.394072,41.6620273,1745.803122,872.0073768,56.97132796,20.26838964,157.9543159,-0.775267142,2.533333333,0.013417031,3
3850.569476,21.15253735,814.4931464,936.5218105,78.68556232,14.30361286,110.1953802,-0.026625865,0.6,0.005707455,3
5621.680054,26.29114249,1478.003914,994.6520259,73.62978573,19.09531936,137.7299666,0.288910707,0.866666667,0.007981873,3
2213.808162,67.18342245,1487.31209,844.2027552,31.65625173,19.25017193,59.09546445,-0.520599878,0.2,0.011903537,3
2049.390335,49.68737631,1018.288288,786.8600419,49.0149514,13.04678597,62.77043994,0.033488735,0.4,0.007967036,2
2826.406513,66.26403034,1872.890869,699.4656824,29.03991245,20.38838554,68.481892,-0.35767678,1.066666667,0.016428781,2
1140.140991,31.94871429,364.2603877,812.6060643,66.14501231,9.642925289,53.02560888,-0.492479967,0,0.006914876,3
1803.310797,63.46083502,1144.39609,817.0078584,34.08626979,18.07600043,52.01696613,0.080906655,0,0.012716924,2
3179.836271,30.70259381,976.2922141,620.7176501,60.08689056,18.65060077,123.0065199,-0.938844628,2.2,0.023307741,2
2693.586719,36.47638017,982.5229319,849.4742609,62.7539381,14.96995566,111.8047354,0.167065208,1.333333333,0.009212009,2
1832.327674,23.0454442,422.2680517,889.4529423,76.46217121,10.2905936,67.44798057,0.201742323,0,0.005509526,2
1787.80367,37.11992529,663.6313867,753.107208,58.92973235,14.59238022,126.7192873,0.048583693,0.6,0.014942083,2
787.1737833,44.61322134,351.1835823,728.4614391,50.19556409,10.1675057,36.89047784,0.656256251,0,0.009011503,2
9636.336588,13.52318142,1303.139279,812.3713913,85.14884924,20.60955268,226.6111738,1.215391279,3.333333333,0.016259498,1
1208.840501,48.19998868,582.6609844,807.7682489,47.08477984,14.60122258,61.51347713,-0.126509749,0.066666667,0.012108476,1
3175.710679,52.21663844,1658.249363,917.8286209,46.73395597,21.47290753,87.90700172,0.030635614,1.666666667,0.012809233,1
1169.573504,35.6748147,417.2431804,784.2285874,60.59535957,11.75108131,54.35101307,-0.014529302,0,0.009674871,1
3448.841782,44.08012467,1520.253757,1009.1733,55.79635791,20.40493972,90.53450555,-0.174162367,1.2,0.009474349,1
1922.146683,37.81041033,726.771548,793.9927428,61.09614339,13.42388756,65.45808897,0.152892367,0.133333333,0.009030678,2
781.6791726,43.85850475,342.8327971,727.367206,50.54042169,10.08744376,37.04483441,0.534188105,0,0.009018096,2
4941.056444,36.20521935,1788.920324,1047.749829,63.73155,22.01417385,109.2001261,-0.172782213,2.333333333,0.008911268,1
4086.460877,19.34384901,790.4788221,736.0470341,77.87153763,15.63267865,128.2853974,4.416656451,0.933333333,0.015712464,2
1461.588957,26.06356495,380.9421871,716.3515824,71.70620977,9.559155655,52.5734071,0.116039065,0,0.007724919,2
3171.364665,47.27367705,1499.22069,987.990456,52.47186242,19.98952117,100.5907563,0.366945679,1.066666667,0.009986867,1
5038.020492,29.31945206,1477.120003,602.3923294,66.06620728,18.73831357,169.2542283,1.547590507,2.133333333,0.024538025,1
3744.267966,23.75367999,889.4014306,899.212652,76.04687671,14.48714729,99.33357528,-0.280235592,0.4,0.00628889,2
4588.220087,33.32266925,1528.917404,730.1056201,61.87017724,20.68987441,148.3724053,-0.305718312,4,0.018092407,3
1218.185756,50.04169407,609.6007889,696.8607636,47.7739574,9.781860415,46.4208735,0.471987235,0,0.007137159,2
2812.364267,52.00231079,1462.494407,782.9866383,47.31010255,14.95785499,94.25697384,0.710114194,0.466666667,0.008234691,1
3184.218365,51.08178177,1626.555476,1008.500436,48.78298049,19.97324063,81.38948334,1.175398884,0.8,0.009331517,1
3588.608486,35.47720691,1273.138058,955.0643523,64.12585623,17.51124292,168.6648779,-1.191468238,0.6,0.008592028,3
4347.127202,69.26816355,3011.17518,762.1476572,27.93399129,25.75015886,90.07596678,-0.632678239,3.666666667,0.018400206,1
4391.134572,40.50778379,1778.751298,1070.030268,59.46858904,21.04159462,92.89847125,-0.371428095,2.066666667,0.008103946,1
1285.752658,55.23947763,710.2430519,778.3874732,43.65689739,10.95040184,48.71530647,-0.224547943,0,0.006170583,2
2963.037941,20.59768157,610.3171198,929.8081495,79.30720407,12.33790388,95.64420396,-0.555457659,0,0.004677275,1
3781.454331,28.77908559,1088.267978,825.0016644,70.70227051,14.58924426,87.02395742,-0.28381057,0.933333333,0.007945319,1
1106.158164,53.05654741,586.8893308,748.4914855,37.55794657,14.75246573,43.02380226,-0.265503002,0.066666667,0.013865171,1
7959.949168,5.877637444,467.8569528,1168.06153,94.10820381,15.9631806,232.8956397,-1.162743304,2.266666667,0.004616815,3
2291.542572,61.82924579,1416.843489,810.8046852,36.12303284,18.88529312,61.96531596,-0.223487804,0.133333333,0.012807504,2
683.4518358,48.82057964,333.6651478,721.3904352,45.52862852,9.818864331,37.34891764,0.736662648,0,0.008856757,2
3716.231503,39.9825602,1485.844498,1004.930589,59.77086731,18.93197871,150.2703878,-0.488943869,0.8,0.008740304,3
2164.077044,52.7319353,1141.159707,780.7092607,46.0744116,13.53391633,66.18836456,-0.089244178,0.6,0.008215404,2
529.9580974,48.34611104,256.2141302,707.1081099,42.93154403,9.226982041,31.2245373,0.838897396,0,0.009152128,2
3862.980971,18.86706164,728.8310009,937.4050827,80.98522808,14.15554361,113.4708279,-0.187403943,0.466666667,0.005795208,3
1226.774749,30.43284859,373.3425019,816.9250218,67.9655956,9.740275463,52.17543095,-0.32118649,0,0.006708472,3
4018.807761,33.42031472,1343.098202,1174.08751,66.55130792,20.44996022,146.2764474,-0.317498716,1.933333333,0.007263878,1
2361.754889,32.90263813,777.0796646,735.3011297,64.34150826,13.53045942,103.2827423,5.0895,0.666666667,0.010771949,2
2422.267147,40.31978519,976.6529104,804.6305055,58.08048489,14.16263707,64.19563234,0.180765963,0.466666667,0.00912633,2
3007.515286,47.89040851,1440.311357,779.2960879,51.31267894,15.34420773,96.49468939,0.553544237,0.6,0.008574436,1
6580.800179,11.93611768,785.4920533,943.2855532,87.9827119,15.49811665,155.8846282,1.306230089,1.066666667,0.005885254,3
9049.496181,9.572881892,866.2975812,1070.4606,90.34644244,18.128274,194.7951678,0.250662956,2.2,0.006478069,1
3273.675728,19.24468887,630.0087082,703.9596463,79.25037508,11.77701479,112.1530855,0.597044947,0.266666667,0.009446621,2
2226.296826,69.08188978,1537.967919,823.9436169,29.4277769,20.70780258,57.29501827,-0.355498649,0.4,0.013874776,2
2171.232303,48.58954787,1054.991959,864.6584525,50.0902134,16.80455898,68.54840397,1.84470003,0.8,0.010434128,2
1501.859781,23.4732709,352.5356148,724.3800832,74.66613504,9.231979096,61.69126846,0.024847836,0,0.007190773,2
2072.062564,28.68898674,594.4537541,863.0521164,70.7497073,11.63244761,73.73269874,0.409894892,0,0.006052517,2
2559.135689,23.49381421,601.2385842,903.8257251,76.06768021,13.10684236,89.72589869,-0.335493653,0,0.007049449,3
3758.693248,29.1968649,1097.42059,891.7217241,70.47039052,15.67337952,105.8238509,1.193436304,1.2,0.007932413,3
3848.373805,66.28239599,2550.794365,745.8974761,30.67396638,22.85729919,76.7686605,-0.828838703,2.266666667,0.016733548,1
12665.94822,6.270425978,794.2089078,923.0855786,93.11309671,19.37342233,331.9732323,0.225130267,2.2,0.013375623,1
5644.781873,7.902786586,446.0950647,988.9063539,91.51958902,14.31584951,359.2005554,-1.104356692,1.333333333,0.011878483,1
2634.510149,17.00689924,448.0484865,812.9926183,81.99707746,11.22099062,81.90973012,1.194645977,0,0.007412725,2
1613.357086,29.11695968,469.7605322,743.3956978,69.75301551,9.644739492,58.14131227,-0.334159436,0,0.006301687,1
1778.248649,46.75849309,831.4822718,606.0625406,50.07113207,11.5490334,90.67291193,0.508940918,0.2,0.010075388,3
4766.10517,22.15083708,1055.732191,893.9379434,77.51864751,16.05515675,109.3202563,-0.586141925,0.866666667,0.008257919,2
3253.166512,39.7464867,1293.019395,976.1603639,60.05691615,18.35364784,98.31187321,0.334651684,1.333333333,0.009139685,3
2697.310489,38.83246956,1047.432274,781.6900586,60.20097188,13.68959606,71.16442966,0.455337925,0.2,0.00764947,2
2711.773933,25.54593139,692.7479084,881.6473605,74.06410445,12.68184544,95.82767923,0.667613039,0.133333333,0.006123644,2
2163.622378,71.93852856,1556.478103,818.462697,26.23551864,20.59190272,55.77153905,-0.052645519,0.533333333,0.013931162,2
5541.911684,10.66167152,590.8604198,818.770672,87.70638053,16.54729377,293.2466138,1.793323028,1.733333333,0.018239025,2
3048.418283,42.64324132,1299.944365,932.8486828,56.52861793,18.5194638,89.70099303,-0.080302081,1,0.010540991,2
3752.615808,67.72300022,2541.384012,744.790466,29.05689884,23.41259918,74.8722186,-0.804403892,2.6,0.017357186,1
1447.135845,29.56517311,427.8482178,761.282571,69.13742047,9.630130469,57.01041118,-0.367143953,0,0.006147185,1
1977.79939,35.82934125,708.6324925,854.2620747,62.65990902,14.23432608,60.21276485,0.299050595,0.466666667,0.00931951,2
2792.054334,25.40392818,709.2914777,882.1169256,74.37232397,12.99130478,74.85688954,-0.070141093,0.266666667,0.005527541,2
2385.435444,27.47142332,655.3130688,857.7039327,72.22972315,12.26175426,63.99140502,-0.626614317,0.133333333,0.005453637,2
1825.463302,60.01343501,1095.523232,818.7027799,38.06304679,17.73994888,51.92971215,-0.193273175,0.066666667,0.012238505,2
9467.772109,8.892564447,841.9277365,902.2720137,90.42691008,18.38166132,298.3753992,0.198758943,2.133333333,0.01333005,1
4995.946701,14.95609952,747.1987603,1141.583286,85.0388606,17.52638548,106.3447689,-0.698649419,0.266666667,0.005033961,3
4177.086448,27.19799232,1136.083651,1171.133182,72.77261278,19.07037472,145.312767,-0.333732481,1.533333333,0.006758432,1
1220.122698,34.14994796,416.6712664,816.219624,63.98539162,10.24646678,52.54959738,-0.381876661,0,0.007228289,3
3780.727191,68.0920981,2574.376468,745.0070963,28.72865729,23.42444255,74.7226396,-0.79803065,2.6,0.017356956,1
1791.226484,35.48873183,635.6835634,976.0583002,64.37744746,12.69808932,62.26303913,0.50848877,0.2,0.005921087,2
1546.112944,24.62816468,380.7792421,771.6924206,73.90726141,9.681813069,56.46311047,-0.043315363,0,0.007010013,1
581.8229609,32.99661187,191.9818642,780.4475904,63.35056377,7.3118367,51.75361851,2.0124293,0,0.006070774,2
3469.348464,23.97065588,831.6255817,796.6460937,72.79665651,15.94963209,283.4164522,1.754171928,2.4,0.015329092,2
3748.280505,31.31805382,1173.888506,1089.336386,68.66481953,17.99280375,90.87023659,0.10492111,1.333333333,0.006664541,1
763.3019482,40.51950849,309.2861977,771.2301455,56.06769051,8.749120972,58.43667157,-0.791703645,0,0.007130076,2
1904.705582,35.9368789,684.4917385,625.8485352,60.74791641,10.94740361,63.24264167,12.26634944,0.6,0.010260622,2
1888.6829,64.24689153,1213.420054,816.9753409,33.68234684,18.73671348,54.19957542,-0.14171553,0,0.013051054,2
4770.551307,22.29720974,1063.699831,891.4524455,77.10283659,16.54233361,122.247893,-0.008928106,1.6,0.009779631,2
2876.309752,29.56528611,850.3892076,813.6382392,66.13529615,17.37535663,119.8365017,-0.409896492,2.066666667,0.015473111,2
1288.542049,57.17587498,736.7351907,774.7901375,41.60922199,10.9925868,43.93882227,0.079502444,0,0.006279776,2
2417.900015,39.89932865,964.7258734,805.6516045,58.65555213,14.24752683,63.93239662,0.174893087,0.6,0.009029956,2
2102.714826,28.91948046,608.0942033,957.7280535,70.91485428,12.62869072,79.82325293,-0.175665824,0,0.005775291,2
1991.209218,66.77715953,1329.672956,812.5881357,30.9290723,18.86906629,55.14726281,-0.141080941,0.2,0.012940348,2
3536.960438,54.85790634,1940.302444,834.2215635,43.82868099,21.74411218,85.95993877,0.593533177,1.2,0.013963312,1
5286.165663,20.41636689,1079.242976,879.2571451,77.88676981,19.13752536,226.6216694,-0.293331356,3.066666667,0.014274758,3
3658.990346,34.34554551,1256.700195,708.0618374,62.1786311,16.95876821,170.76322,-0.458283542,2.933333333,0.016387668,2
2556.528146,23.47947213,600.2593135,875.2734454,75.97159355,13.17525476,80.71099225,-0.121865929,0.333333333,0.007693666,2
6218.373856,12.75680561,793.2658651,1145.568217,87.18246087,18.42759284,271.6660719,0.492923868,2.533333333,0.007322443,3
3269.289029,52.98575248,1732.257393,803.5202452,46.39949912,16.63804151,108.6788104,0.324655483,0.6,0.008731963,1
770.9677185,36.50335439,281.4290785,728.9679847,57.67687489,9.964076177,37.8057284,0.374199579,0,0.009180421,2
1751.969292,58.53293455,1025.479039,805.9636054,40.57567502,13.10036763,56.01394216,-0.263442756,0,0.00711531,1
1110.82601,52.9792058,588.5067978,699.4896216,43.20363501,10.40467515,43.1529949,0.605510839,0.133333333,0.00856053,2
1068.582233,50.77217161,542.5424051,718.2717052,41.27487814,12.56983211,69.53258984,-0.302546116,0.066666667,0.012506732,2
4752.028828,21.51057414,1022.188684,1035.047701,78.41354836,17.14935091,174.6513665,-0.966341643,0.8,0.006860993,1
9510.906424,8.641429998,821.8783208,822.0773003,90.42221709,17.86500842,262.7852869,-0.09314929,2.133333333,0.014692503,1
5188.489384,15.15070858,786.0929063,924.687385,84.59045371,14.72479533,148.2200176,0.614531555,0.733333333,0.007133977,2
1794.471061,36.32732781,651.8833848,803.2982333,62.82335564,11.45915558,79.2777802,-0.47414412,0.4,0.007207004,1
5473.255409,42.3708763,2319.066279,1034.924887,57.5741018,23.73065549,111.2436059,0.011137883,3.666666667,0.009160623,2
2534.561449,28.58185682,724.4247243,703.9925134,66.47259987,15.41195597,129.3047958,-0.032633807,1.2,0.018680989,2
3285.804479,33.04684542,1085.854727,891.2856601,66.45601407,16.49509258,95.72682183,-0.554759202,0.733333333,0.009496113,2
3112.677102,28.83326793,897.4865285,657.4325949,62.08056619,17.49889789,121.9518492,-1.082449158,1.466666667,0.021733948,2
3046.463813,29.0567426,885.2031485,896.2088493,70.62898142,14.47366727,105.6627354,0.015650641,0.6,0.006575588,2
1068.402949,37.27966995,398.2970932,784.7490312,59.05655098,11.59790603,54.41718444,-0.097974622,0,0.009461069,1
2953.448496,47.98668825,1417.262122,912.5348741,51.61250373,17.40005124,74.46621414,0.755493189,0.533333333,0.008925208,1
5108.586411,10.60007256,541.5138664,1184.379729,88.74314277,16.25762179,359.145052,-1.198581946,1.8,0.00976376,2
1224.023279,62.28040172,762.3266153,781.6409286,36.39369795,11.04391878,44.4794315,0.004822769,0,0.006628022,2
3235.458673,69.83172664,2259.376656,720.8242117,25.56972593,22.32649135,68.9236413,-0.428082444,1.866666667,0.017815981,2
3366.592212,20.38927508,686.423747,880.342056,79.38436834,12.73270424,100.095495,0.432214848,0.133333333,0.005695959,2
1056.805685,67.12195176,709.3486024,775.5332515,31.25158414,10.90741175,41.09219347,-0.157918703,0,0.00654853,2
5620.221042,11.61683746,652.8919436,910.4570359,88.19624877,13.84459639,192.2610283,5.865507192,0.933333333,0.006691043,2
1431.142862,58.64938854,839.3565379,794.8275373,40.33366348,12.14683787,49.1215121,-0.001727483,0.266666667,0.006790611,2
1433.409612,64.94917575,930.987728,797.368973,32.63352662,13.41438987,45.56306937,0.054926792,0.466666667,0.008767983,2
4675.625213,11.16486565,522.0272733,827.3265706,87.00223859,15.73626398,287.8910463,1.924733397,1.133333333,0.01797604,2
1087.778256,57.9588342,630.4635958,752.7295408,33.66503248,14.66152287,42.3322516,-0.129865593,0,0.013272863,1
2831.863903,55.6977512,1577.284511,834.4147954,42.98463493,19.71167644,77.06138182,0.589949606,1.266666667,0.012672091,1
6102.751555,15.80915212,964.7932767,1168.107705,84.04097374,17.6862143,320.3449469,-1.103039704,2.733333333,0.007782172,1
1695.453534,62.06874225,1052.346684,815.5301281,37.16345053,13.21205571,56.06624143,-0.434994045,0,0.006999665,1
5374.502104,13.3053645,715.097095,656.0118518,83.58232744,16.54319048,175.166395,2.710088446,2.333333333,0.020534625,2
6125.20969,19.44063943,1190.77993,1003.02449,80.43140979,18.0266754,155.0346856,-0.138811193,2.266666667,0.007569516,3
1661.24796,24.5185756,407.314337,738.8815154,73.75499733,9.670580685,61.5819376,-0.145428184,0,0.007041675,2
788.3985295,43.45647076,342.6101764,748.133251,53.43219748,8.998326681,61.98556139,-0.648753372,0,0.007118309,2
1402.559502,26.81667931,376.119884,726.8906232,71.27019309,9.305608717,60.3998281,0.053263129,0,0.007199778,2
3588.774857,27.81272721,998.1361611,1093.072464,72.16997747,17.23706402,106.2065726,0.124418967,0.8,0.006436906,1
2065.863118,39.36382131,813.2026662,701.7828163,50.71590807,17.81788215,72.07086677,1.731286223,2,0.018615105,2
12074.96714,6.344413246,766.0858146,987.9119303,93.2644075,18.98699607,341.2628402,-0.660568473,1.8,0.011231097,1
3824.842767,28.90957702,1105.745866,895.5212153,70.75215672,15.56117229,136.9513944,-0.873235887,0.4,0.007641557,2
4164.49451,25.38800512,1057.282079,879.6403407,73.56667664,17.05974816,101.8634706,0.388176137,1.6,0.010476906,3
2969.371009,25.81274098,766.4760474,877.2184938,73.9303035,13.46983255,77.01868294,-0.210209307,0.266666667,0.005864447,2
4339.286478,36.78414762,1596.169544,722.1154102,59.53682417,19.62194544,135.0903784,-1.072893656,3.066666667,0.018313082,2
3787.704281,31.31319088,1186.051071,1089.415909,68.67060993,17.98914035,90.87369349,0.105510821,1.333333333,0.006650507,1
1590.306186,28.66873554,455.9206747,749.5252354,69.89353674,10.04359505,72.73593865,-0.194680185,0,0.007174281,2
3152.13953,41.35723689,1303.637812,806.0354489,57.21898911,17.14701859,89.24238207,-0.064785872,1.666666667,0.011103147,2
2441.818924,24.07085178,587.7666139,834.7650995,74.72633458,12.8495894,63.13843475,-0.19542716,0.266666667,0.008286291,3
8025.005377,10.53532625,845.4604983,903.1499855,89.23156309,17.81936575,215.7385604,3.107332587,2.4,0.009086108,2
4225.268448,38.2816139,1617.500954,729.0348942,57.70829017,19.69017794,139.7676632,-1.174277216,3.066666667,0.018240951,2
2594.894694,48.32425398,1253.963502,741.8694411,48.91889347,15.93628048,91.55561542,4.827505773,1.2,0.013597559,2
1853.172312,33.29340805,616.9842196,853.0146967,64.8258289,14.29088577,84.66789752,4.519218065,0.333333333,0.011225467,3
788.3442771,43.95650068,346.5285575,728.7282136,50.96480134,10.14485136,36.87735252,0.670284366,0,0.008911224,2
2976.031922,41.27304562,1228.299013,781.5908084,57.8906487,13.74746163,71.18908593,0.466777076,0.2,0.007658791,2
2611.609858,25.79092113,673.5582386,879.074101,73.57880359,13.29653038,84.01978215,-0.186973922,0.333333333,0.007717429,2
2137.165124,35.99516062,769.276019,801.2274703,61.5578233,15.10018018,69.77611004,-0.262187833,0.4,0.011015511,2
3686.211568,4.25757368,156.9431735,971.4424118,95.44986973,10.09212847,536.8174989,-1.31782991,0.6,0.005716524,2
1986.964245,24.4486479,485.785892,765.6856605,74.75504281,9.829658135,86.40444507,-0.914435782,0,0.006246002,2
1202.214265,25.1616895,302.4974204,595.0294272,72.49401919,7.076075518,67.04364972,11.00044054,0.2,0.006726552,2
3727.763947,17.94744688,669.0384542,714.2500543,79.91542712,14.52975512,226.3526979,0.417296351,1.333333333,0.019717097,2
2092.249636,36.96710411,773.4441014,785.983991,61.97513087,12.27065702,68.9520178,-0.122841425,0,0.007603461,1
3089.28789,22.02502416,680.416404,782.9206196,77.36462995,12.60598667,98.7986975,-0.073675527,0.266666667,0.009354247,2
3997.184105,26.33976489,1052.848896,915.3360474,73.24653028,17.14024287,104.1953954,-0.176058618,1,0.009180569,2
7099.337082,10.61869934,753.8572602,861.3412647,89.08747172,16.0703055,188.2634433,0.439419162,1.733333333,0.008709892,2
2247.550559,28.73469,645.8266857,870.2406718,70.92112023,12.09970416,64.75535998,-0.655211025,0,0.005443954,2
3354.959569,57.8658357,1941.375392,712.3418091,38.81994012,20.37318749,78.47619504,0.95689502,1.133333333,0.0160387,2
2768.288372,41.05690283,1136.573467,976.9823907,58.75742365,17.49617034,94.79056374,0.629388316,0.8,0.008662036,3
1080.047996,36.74643044,396.8790856,785.2879475,60.25515996,11.0850909,54.92324634,0.927252752,0.266666667,0.008759646,1
2979.621603,47.29447088,1409.196272,904.9606493,52.2703007,16.87993582,79.22058895,0.204217195,0.533333333,0.008617177,1
737.2007322,38.92889996,286.9841356,744.7513289,57.62110763,8.494735223,63.06894058,-0.788153861,0,0.007166409,2
3137.609827,30.90747548,969.7559878,818.2691905,65.14376658,17.64374557,121.8534051,-0.43810127,2.066666667,0.015514163,2
3223.475618,26.27111754,846.8430684,741.5048084,72.90187467,12.47435787,91.95516349,-0.079119199,0.2,0.008218064,2
5539.940636,36.19735658,2005.312066,1115.228146,63.78114908,23.2618847,149.3522515,0.634556296,3.066666667,0.008409307,1
8649.002436,5.074562218,438.8990099,1202.953433,94.91462032,16.73458682,227.2230639,-1.089353912,2.266666667,0.004705639,3
4158.819528,27.34638629,1137.286853,925.5267844,71.84845316,17.1907315,131.6434328,1.324091399,1.666666667,0.010292521,2
4236.038203,27.07543179,1146.925634,641.4778459,69.55117146,16.57017884,123.0365041,2.368456287,2.133333333,0.019976174,2
1425.048646,59.70439544,850.8166786,793.7309459,39.43260846,12.07822525,49.89200094,-0.22397177,0.133333333,0.006606801,2
3524.887669,24.86048129,876.3040394,775.8948062,73.68946294,14.90709996,109.3504968,-0.521813175,1,0.012316766,2
770.1850995,35.95558246,276.9245385,770.6591957,59.72203424,9.530083779,43.34983023,-0.169810102,0,0.00779929,1
2468.825748,32.2282701,795.6598302,807.569282,67.13860887,13.15300026,88.17917779,-0.056913286,0,0.007455954,1
6650.821031,16.91340096,1124.880028,842.7555073,81.40890615,18.95983425,278.835293,-0.809491073,2.866666667,0.017274048,2
5888.354817,16.29097509,959.2704163,975.2656391,82.59402442,17.81950256,405.1831762,-1.256668757,2.4,0.013396846,2
2600.481442,25.7474165,669.5567879,784.3551693,72.89262162,12.56116964,70.60920009,0.029292329,0.133333333,0.008301772,2
1376.891971,29.67116125,408.5398371,765.829016,68.29773619,10.13992336,51.71771786,1.796134591,0.066666667,0.007586844,1
3847.329037,58.39355919,2246.592358,895.2804866,40.75411006,22.55380107,94.32779506,-0.327929794,1.666666667,0.012981436,1
6530.022335,14.47045665,944.9240513,1085.688118,85.37001257,17.92017129,313.1473892,-0.702228483,2.933333333,0.008155136,1
3434.394929,32.22306152,1106.667191,910.4924166,67.38514916,16.59059372,95.10547879,-0.168793122,0.733333333,0.009282215,2
1930.513028,37.97829695,733.1759706,793.7882521,60.90241104,13.3485091,65.59956277,0.13355094,0.133333333,0.008931325,2
5185.510681,14.37149032,745.2351655,826.0564032,84.70469934,15.02504839,116.0938251,5.8960447,1.133333333,0.010996155,3
3027.248349,48.75188842,1475.840737,989.9067689,50.85821156,19.41437364,79.40670277,1.140099113,1.533333333,0.009817693,3
844.8734984,39.56848154,334.3036143,789.8342847,58.43383705,10.06156264,48.45124649,-0.428417168,0,0.007305218,1
1245.544429,51.83085393,645.5763137,611.4519881,43.10540652,10.66251539,46.98092987,7.400638437,0.6,0.01026381,2
507.6164651,46.41127783,235.5912879,780.4723073,50.17988207,7.465413905,47.7052645,0.611006018,0,0.005756226,2
1516.841776,28.92810425,438.7935702,716.4603263,69.39820601,9.4114353,60.42474171,-0.135152983,0,0.007082918,2
1826.330763,35.72357999,652.4307309,910.5696796,64.12217331,11.61881998,107.851882,-0.899102174,0,0.004592762,2
3032.887036,21.28404043,645.5209029,891.2657026,78.46466762,12.82858774,81.66907256,0.772385144,0.266666667,0.005693131,2
818.3968941,41.9308852,343.1610622,728.0338634,52.62549672,10.28155955,40.63124406,0.870607072,0,0.009485989,2
3565.030633,70.6998276,2520.470512,724.6486339,25.3583876,23.02798123,72.3413124,-0.538660085,1.866666667,0.017101301,2
951.1716005,50.79231072,483.1220349,910.9025094,48.39510175,10.52893608,89.96446781,-0.907898176,0.2,0.005911083,3
5387.904014,26.63758946,1435.207752,719.1929714,70.75768231,17.73678943,284.519451,4.885884619,2.733333333,0.017111171,2
1343.216439,38.23132045,513.5293813,747.6815376,58.49141725,11.31440426,57.30299561,0.393166355,0.266666667,0.009103993,2
6021.817141,28.53037306,1718.046895,978.1292796,71.21380687,22.64510785,158.3571622,0.371582179,4.4,0.011147007,3
2547.306265,23.77381189,605.5917999,925.5736852,76.12860433,12.153012,81.77851474,-0.38633783,0,0.004706066,1
6343.304353,12.07217909,765.7750618,930.5578924,87.69952095,15.42948123,201.7451074,3.880771438,1.466666667,0.007486108,2
3237.385288,49.87583792,1614.673039,779.92248,49.40990337,15.8655449,97.58030957,0.484347802,0.6,0.008805239,1
3237.429913,54.12691812,1752.321038,707.763897,42.45423476,19.98141968,77.0866276,1.312908776,0.866666667,0.015658835,2
2171.160389,42.67123119,926.4608692,833.6935295,55.50653701,15.95143107,101.4124224,0.050212024,1.133333333,0.012161239,2
6718.917342,12.46682437,837.6356244,1155.007581,87.52497222,18.62576974,161.5496617,0.114933638,1.333333333,0.005562714,3
6422.824141,8.092603945,519.7737199,1151.376974,91.80733785,16.17974292,267.8750153,-0.915779841,1.866666667,0.006649169,3
3511.821113,35.53725592,1248.004856,949.7311482,64.04297863,17.41258944,170.1215173,-1.234359389,0.6,0.008736343,3
3480.045099,73.52862956,2558.829469,724.3215795,22.05292746,23.46724395,78.5446267,-0.390388499,2.133333333,0.018097815,1
4286.35417,24.1664714,1035.860554,942.7273924,75.74267521,16.20489068,119.657888,-0.445867861,0.733333333,0.0063473,2
4867.055744,21.1641976,1030.073295,901.1137687,78.66405295,15.75666594,127.4021863,2.043238208,0.733333333,0.007257616,3
1733.049554,22.50105925,389.9545069,717.9450085,75.5770102,9.5641683,59.06215008,-0.552619855,0.133333333,0.007708924,2
3840.170622,17.93685633,688.8058873,712.7388585,79.17765166,14.67321289,225.7295288,0.478831584,1.466666667,0.020261497,2
1530.980771,31.03965404,475.2111348,746.8988979,67.44892014,9.804114943,55.9556927,0.302812868,0,0.006679909,1
5372.909792,15.8362742,850.8687273,927.5992934,83.94808604,14.66031457,150.4998252,0.451789929,0.733333333,0.007115195,2
4162.837694,27.0397949,1125.622775,911.7659263,72.59017201,17.04229897,106.9608235,-0.357969468,1,0.009180649,2
6802.847549,27.08892164,1842.818042,986.9461661,72.85370456,22.18929983,130.719004,1.407022013,3.133333333,0.009050557,1
1213.797096,44.75671313,543.2556844,801.1750145,49.67941281,14.50702762,62.45928788,-0.281455328,0.066666667,0.012376837,1
6525.564936,17.37417959,1133.763371,662.5781276,80.67854685,17.0733335,157.7747587,-0.640661925,1.666666667,0.017208036,2
4349.302342,36.74549907,1598.172852,1036.857219,63.13786689,20.02567135,132.8316881,0.489841125,1.133333333,0.008563592,3
1724.689142,23.96395585,413.3037445,768.0264028,74.92119453,9.592659237,63.35182573,0.601570189,0,0.006310409,1
2285.221014,24.15636452,552.0263184,905.8318166,75.51512799,11.67605848,79.03329306,0.158277414,0,0.00579483,2
1091.288487,44.93279293,490.3463961,725.4140483,51.13743239,10.96863462,71.61383883,-0.515903938,0,0.009775986,2
889.498053,37.49414924,333.5097275,780.0243926,61.17471175,8.245144313,58.23005211,-0.726961099,0,0.005406053,2
6736.604659,17.78326821,1197.988475,802.6559544,80.33705168,18.67480709,273.4809326,-0.492096204,2.866666667,0.017664379,2
3970.792265,29.34230187,1165.121853,1069.223088,70.6329141,17.68230721,90.51736265,-0.26992995,0.733333333,0.006520396,1
2416.892101,22.94927745,554.659274,746.5992993,76.04953689,10.75002952,86.72192333,0.289225332,0,0.007654605,2
764.7447394,37.90239581,289.8565781,759.6837907,57.9004448,9.562175521,38.57978262,0.228582146,0,0.007944436,1
4264.094614,24.99750585,1065.9173,1047.890527,74.92074185,17.42625143,155.7815646,-0.890688881,0.533333333,0.006553741,3
2299.059334,27.126286,623.6494102,774.1827341,71.30141842,11.77630548,59.44284242,0.251432954,0.2,0.008134398,2
1212.53778,61.41860689,744.7238127,782.8403328,37.21904446,11.07996445,44.75040673,-0.017098767,0,0.006654945,2
4480.674925,13.07741311,585.95637,928.8890967,86.31889593,13.99030643,369.688026,-0.869082289,1.133333333,0.009225117,2
2455.728798,39.79058599,977.1488789,828.124396,57.97850321,16.19670692,108.8995291,-0.204072278,1.333333333,0.01209519,2
3431.978747,66.84522555,2294.113934,723.2101672,29.66699139,21.91418327,73.93097635,-0.499865793,2,0.0164869,2
3847.486075,25.79771188,992.5633723,912.1268163,73.97080422,15.66996523,114.8523233,0.206619188,0.933333333,0.006679522,2
967.4804454,35.04537804,339.0571795,831.6779498,62.95727527,9.56477376,49.2959196,-0.24887088,0,0.006608456,3
2877.088272,31.14370462,896.0318732,818.7744695,67.92450954,14.02021341,81.45415705,-0.208694122,0.4,0.008047452,2
4447.029467,45.44690443,2021.037232,957.8316734,54.21254566,21.28657912,132.3100838,-0.653208652,1.8,0.009600542,2
4593.489551,44.82309803,2058.944324,1015.948411,55.04154372,22.13772717,95.39461601,-0.369341326,2.6,0.009891053,2
1078.514426,54.38899427,586.5931496,891.7660759,44.68471122,11.01851585,99.98613132,-1.336831913,0.2,0.006482907,3
2301.321603,59.8899665,1378.260737,798.098204,37.43805872,18.68547974,68.86037439,-0.078053985,0.533333333,0.013125618,2
2708.080689,30.06357153,814.1457751,764.8398629,68.08511432,13.63658445,103.283908,1.09654488,0.4,0.010117385,2
3501.46919,35.46965173,1241.958927,949.8880214,64.11300808,17.41818767,170.0301204,-1.231777557,0.6,0.008737365,3
1028.615474,37.98491231,390.7186857,783.4115115,58.12730818,11.49074128,51.98216731,-0.109492825,0,0.009507741,1
4538.72337,21.71051168,985.3800675,890.8961154,77.54809903,16.53262787,122.5254938,-0.03268697,1.6,0.009763185,2
3280.472001,18.83685128,617.9376321,1073.318699,81.11947714,13.82214972,122.6756116,1.240851726,0.2,0.004814405,3
3893.626852,28.6975035,1117.373702,1076.43071,71.28023489,17.52193355,91.11056539,-0.369874721,0.466666667,0.006533858,1
2152.932384,29.60171313,637.3048681,868.1053916,70.17311009,11.50943639,100.010011,-0.950892918,0,0.005095219,2
5849.548425,7.5268466,440.2865367,1203.168871,92.39332269,17.2122158,282.3345034,-1.009873884,2,0.006630756,3
1099.541623,46.55300621,511.8696799,568.3634217,50.33816217,8.354917595,45.82594143,2.186307228,0,0.008714618,3
3187.124016,48.53411102,1546.842309,903.0050415,51.05748699,18.14955517,79.63428655,2.613383702,1.2,0.009138023,1
2549.017604,24.55423599,625.891798,934.6464127,75.35190782,12.54606438,77.95922821,-0.361468545,0,0.004678073,1
2637.243569,49.66551354,1309.800562,806.0351244,49.38950417,14.84806792,79.57822412,3.484491299,0.133333333,0.008530812,2
1906.154894,23.13314409,440.9535583,767.6494596,76.05373408,9.861656443,85.95789664,-0.898952455,0,0.006254593,2
5490.800516,17.51021364,961.450901,795.8824116,81.76015309,14.79211036,202.4567774,0.817646413,0.666666667,0.009364234,3
2861.977997,33.16328773,949.1259979,880.8558367,66.62137361,13.77759856,83.9866908,-0.39996794,0.2,0.005718708,2
3048.873969,50.9195319,1552.472353,940.7772925,48.49648843,20.82082024,72.27625002,0.233795911,1.2,0.011952473,1
7988.453398,6.269450472,500.8321292,1181.683097,93.16544724,18.31069313,411.9094524,-0.749606499,2.2,0.015608921,3
1448.49336,56.91171007,824.3623415,785.3611008,42.14410176,11.71479227,50.47978107,-0.203354759,0.133333333,0.006577125,2
9455.141684,5.317255976,502.7540863,1187.339959,94.67133639,17.76077363,229.2498441,-1.089013308,2.6,0.005064594,3
2279.106237,35.27063052,803.8551401,869.4714744,63.87959407,13.83814948,96.86871506,0.814020423,0.933333333,0.008307032,2
680.6925575,43.05402789,293.0655635,729.9483503,50.38242868,10.08212775,38.78436192,0.189118971,0,0.009549107,2
3641.735325,49.47595985,1801.783507,776.2461955,48.38661379,19.13518591,111.501778,-0.111330105,3.066666667,0.013459768,2
2175.574156,40.67951833,885.0130877,833.9437549,58.57551347,13.92907107,81.00922939,-0.055716711,0,0.00789542,1
2833.812041,17.92584085,507.9846366,772.577349,81.3063107,10.26628608,177.6164956,1.782568129,0.2,0.006312439,2
1727.392086,36.89011034,637.2368465,933.7016968,62.65305014,12.39120779,71.53910085,0.051437756,0,0.006383658,2
1520.078421,40.57856679,616.8260372,751.4805917,58.22441062,10.47919576,68.14805527,-0.509915283,0,0.006652613,2
5560.604664,19.97388285,1110.668661,856.8460839,79.22043575,17.60246341,127.8091685,4.877831619,1.666666667,0.010568348,3
2971.075674,24.47403542,727.1421128,863.2746855,74.08736754,15.42465469,71.33860101,2.390541998,0.733333333,0.010377072,2
3086.029127,62.74804773,1936.423029,705.9550071,33.46370235,20.39622802,72.58807002,0.454559441,0.8,0.016066611,2
7857.845945,11.03981024,867.4912814,1019.844997,88.74277684,17.91717489,319.1217716,-0.767954674,2.266666667,0.009041403,3
3256.662864,33.67319083,1096.622301,820.2037907,62.66305991,18.65590091,125.1250774,-0.55414102,2.2,0.015853833,2
5238.809666,46.1815467,2419.363332,1031.85007,53.76137224,23.58834594,107.2146545,0.210167216,3.4,0.009361708,2
2387.211608,26.86084003,641.2250914,801.5348849,72.29320106,12.35604734,100.0836788,0.219996578,0,0.007555588,1
2778.921739,23.65194638,657.2690797,881.0196414,75.97542027,12.71304395,95.45832496,0.724593207,0.133333333,0.00623425,2
2138.881815,36.94324429,790.1723339,898.0280408,62.51336991,13.30652824,80.32300957,0.177765404,0.666666667,0.007457244,2
5159.709972,20.94785918,1080.848779,1043.529063,79.00181101,17.90260341,174.9935862,-0.981005317,1.266666667,0.006874145,1
4420.86497,22.60034811,999.1308727,903.393809,77.07196312,16.06910613,109.2460586,-0.472491059,0.866666667,0.008118057,2
3367.830858,26.36937324,888.075889,685.3407784,72.16508062,12.5277537,101.5356898,1.96553058,0.533333333,0.009477915,2
2277.076778,23.79227692,541.7684127,831.1213472,75.25488059,11.87750246,74.17643151,0.086791933,0,0.007642817,2
1520.604629,28.42683226,432.2597272,762.6786774,70.26879107,9.527081987,58.03254113,-0.400676006,0,0.006317477,1
2703.714333,17.34238149,468.8884541,812.0952752,81.64179715,11.27843088,83.49841039,0.946449347,0,0.007192257,2
1483.335775,25.24332131,374.4432158,715.6351172,73.07713325,9.254131534,62.59551218,-0.127114743,0,0.006957354,2
2135.671162,24.91184965,532.0351888,930.7680167,74.75046344,12.23697505,66.41746772,-0.217126754,0.133333333,0.006217633,2
807.9372348,40.44536117,326.7731327,829.901129,56.94744649,9.281240195,47.10790415,-0.52946421,0,0.006675158,3
1279.100282,31.58426621,403.9944381,723.1984762,65.79560569,9.447305349,48.03330283,0.043434024,0,0.007454826,2
3914.782053,18.47286138,723.1722618,895.1895964,81.32616387,13.98140666,94.33351251,0.076011373,0.133333333,0.006619808,3
3012.674933,26.46186188,797.2098797,861.7454773,71.94046284,15.57298374,70.54617979,2.300079601,0.8,0.010387117,2
4243.33947,23.68411075,1004.99722,881.1655408,75.89446131,15.89949867,100.5280881,-0.311642621,1,0.008577639,2
2513.747975,20.88689724,525.0439563,776.7456514,77.84844661,11.35640404,66.37671473,0.488657095,0.2,0.007830626,2
2109.870263,36.62045318,772.6440516,799.231868,60.87635874,15.31732845,69.43276063,-0.26605398,0.4,0.01116059,2
1107.517129,54.08855333,599.0399932,751.2444481,37.36469682,14.85690431,42.97017379,-0.166627477,0,0.013483728,1
739.8495443,39.86798575,294.9631109,760.0437246,54.97485716,9.880920888,38.98763908,0.152083801,0,0.008217283,1
2377.423869,19.60423381,466.0757338,947.6389693,80.2811621,11.47619046,70.05794482,0.064963052,0.2,0.00490047,3
817.3973302,34.29418403,280.3197447,730.9234536,60.90787995,9.613882386,42.99204528,-0.04639559,0,0.008877923,2
3193.89106,20.5126161,655.1506118,869.9152532,78.85301806,14.22284448,97.77849998,-0.363233453,0.533333333,0.008221228,2
1668.564706,22.51278244,375.640342,604.5356342,75.75682907,8.410147354,73.5279256,6.662209207,0.2,0.007158029,2
1558.051966,37.95725402,591.3937424,864.9474331,59.43200882,13.6265195,60.11493414,0.425900422,0,0.009566257,3
2690.786926,39.18590916,1054.40932,782.6543604,59.87002466,13.79927079,71.54731083,0.470449912,0.2,0.007671911,2
3936.037227,20.2194774,795.8461576,881.4316974,78.9793927,15.89766453,110.9347635,0.488486459,1.533333333,0.01003276,2
5125.443862,30.88077286,1582.776677,1070.644307,69.09998259,20.40574139,105.4521659,-0.084457945,2.133333333,0.007700284,1
4383.168193,69.24609429,3035.17278,765.5397894,27.11613287,26.18132281,82.18057276,-0.516098466,4.933333333,0.019174668,1
1068.069187,38.49374341,411.1398122,959.1417936,61.20795607,9.658831018,61.43837945,0.338042696,0,0.004884502,3
2056.723726,35.53265404,730.8085262,857.4978798,62.92961263,14.48063961,63.15450246,0.248708464,0.466666667,0.009467623,2
5079.797609,12.81760745,651.108517,906.4284527,86.92659757,13.87624205,192.1902629,6.041410148,0.933333333,0.006720027,2
3101.150639,36.95091356,1145.903492,828.2636406,60.87716075,17.17039224,109.8679099,-0.21596926,1.733333333,0.0127815,2
8421.006951,9.863198505,830.5806317,1130.853868,89.8053392,19.46879498,378.9078791,-0.776083876,2.666666667,0.011321446,2
1788.139564,21.4079077,382.8032673,613.0088594,76.55959323,8.58388823,71.08016581,6.744563546,0.2,0.007516119,2
3925.115326,69.38611889,2723.485187,747.9177406,27.56102619,24.1351166,78.75233656,-0.639327127,3.533333333,0.017511672,1
3158.080466,5.72338517,180.749109,858.9780762,93.80774077,9.102444697,475.2538917,-0.134469159,0.4,0.006255339,2
3017.976887,62.76622021,1894.270019,701.6451284,32.61148389,20.41398633,72.41111113,1.345496734,1.2,0.016985799,2
5878.926884,19.00551832,1117.320526,996.2352672,80.86675568,17.23144435,154.3126068,-0.065384139,2.133333333,0.007240738,3
3393.565168,34.2288734,1161.579125,791.5581996,65.03870458,14.19339538,74.80546514,0.807664885,0.2,0.007992309,2
2667.422302,49.45393547,1319.145304,900.2296441,50.0401388,16.75116297,85.00924886,0.369505246,0.2,0.008881275,1
1707.30207,37.38948808,638.3515039,935.8083095,62.15447234,12.47739411,73.19298945,0.015161384,0,0.006410227,2
1068.17308,47.21709307,504.3602772,565.3160641,49.67955871,8.287475614,45.18817606,2.734292087,0,0.009031599,3
5498.614943,30.35050529,1668.857419,1080.168872,69.6308479,20.75990213,105.760056,-0.106318739,2.466666667,0.007875298,1
1620.514327,60.45885098,979.7443424,813.1632995,38.70000758,12.73197995,54.44396779,-0.269264907,0,0.006811481,1
2790.162804,23.19007424,647.0408255,872.0622907,76.58926462,13.19147048,74.1741606,-0.433513565,0.266666667,0.005671259,2
1651.306854,23.57503815,389.2962207,763.220901,74.70176529,9.639085758,61.19695735,0.242744392,0,0.00705359,1
3137.470973,14.75429066,462.9115866,777.2529848,83.87523635,12.09910547,153.8960758,0.307165483,0,0.009089993,2
1780.982832,38.53699897,686.3373355,804.498696,58.53992757,14.74324297,63.04649324,-0.195972167,0.4,0.010872255,2
1664.402608,41.00687573,682.5195091,833.116506,55.91323181,14.29604558,73.39141091,0.4562032,0,0.010462364,3
9107.518712,7.176777214,653.6263276,860.1333277,92.4050157,17.06801111,231.793965,0.430952094,1.733333333,0.012763796,1
1155.892109,57.08406513,659.8302042,702.5674567,40.24828658,10.1096489,42.09330994,0.642191926,0,0.007528649,2
5335.899597,9.809866584,523.4446315,841.4070916,89.62504783,15.46317222,270.492369,2.71748921,1.266666667,0.014522342,2
1458.253225,38.79838793,565.7787433,867.7151425,59.31494745,13.85330888,57.21580626,-0.428757972,0.133333333,0.009839408,3
4816.766912,38.96555585,1876.880001,1019.200093,60.92854652,21.37701095,126.6764959,-0.483245153,2.333333333,0.008934491,1
2605.174411,31.60983926,823.4914437,771.166006,67.61417158,12.43156339,78.41170799,-0.411613586,0.2,0.007380395,1
2649.025203,34.26026963,907.5631771,754.4949191,62.1680267,16.29905,88.89000523,3.167557201,0.066666667,0.013914795,1
7302.759809,8.03695554,586.919559,1024.89887,91.33157954,16.0147327,386.0385476,-0.744210241,1.466666667,0.010872659,1
1540.087856,34.0347936,524.1657232,928.6454142,65.47576462,12.06082417,69.15649779,0.171760993,0,0.006376831,2
2050.115894,28.75365039,589.4831569,716.8021504,70.37238336,10.0265446,73.93960581,-0.410475722,0,0.006254399,2
1334.132145,40.59057563,541.5319173,764.7477298,56.46109552,11.22421217,62.84575857,-0.123197762,0.266666667,0.008707677,2
6163.094908,8.532417517,525.8609896,1158.497075,91.43361139,16.03079357,282.9428397,-0.073048476,1.8,0.005135388,3
996.6280117,31.90735337,317.9976215,883.401016,67.17721699,9.11927811,46.11513151,-0.132478314,0,0.005763032,1
1795.322147,14.24232666,255.6956448,635.6985698,83.57857722,8.755636079,102.2339551,6.164526729,0,0.009436107,2
1869.039715,48.45837593,905.7062911,762.2073716,46.27154641,16.47025696,60.72880672,-0.366334502,0.066666667,0.01392474,1
3030.715983,62.22085736,1885.737469,705.6746363,34.24986276,20.36607618,68.96589151,0.78209797,0.8,0.01612699,2
3468.618667,37.30015449,1293.800122,771.4115517,59.84180458,17.79904373,111.8388688,2.748033173,1.133333333,0.014386707,1
2227.184055,36.19824561,806.2015543,784.7377976,62.41407969,13.78729204,94.19521123,0.271429291,0.6,0.009402436,1
3680.837131,25.59067214,941.9509622,875.8590098,73.27769478,16.5007339,88.2540537,0.594124919,1.333333333,0.010258893,3
2986.186705,16.08493506,480.3261923,753.4573295,82.34382449,12.12807626,141.4835775,1.658829483,0,0.009308562,2
8390.546637,10.84507602,909.9611609,927.8253765,88.35165173,18.15097259,351.6942159,-0.353706296,1.8,0.013429301,1
10655.72412,11.3172637,1205.936398,1037.508942,88.59563846,20.63365867,207.2749245,0.217711556,3.866666667,0.007859962,1
1415.937397,49.8336511,705.6133024,612.1262208,45.79249473,10.65434609,47.00603121,7.264412156,0.6,0.010268279,2
5888.801164,23.11889928,1361.42601,977.5872796,76.80232873,18.62191704,137.3098627,0.167522827,0.866666667,0.007864628,3
1888.558568,52.76154758,996.4327275,633.4216223,43.86718769,12.87092983,63.87340278,0.623228783,0.533333333,0.011097128,1
1793.972889,16.43627816,294.8623741,815.2729723,83.01495006,8.556613153,100.3089844,2.407441973,0,0.0051678,2
2170.500346,37.35212138,810.7279236,772.5849285,61.24582869,13.34276698,86.90575005,0.553231406,0.6,0.009208053,1
1670.434236,25.96021771,433.6483643,855.0157727,73.27063855,10.23664189,64.38798903,1.426596928,0,0.005725317,2
2596.040808,49.42869843,1283.189182,798.5584023,48.77211764,16.20463676,72.73036339,0.352074351,1.466666667,0.010776551,2
1605.755063,36.75469542,590.1903826,965.9160969,63.07623699,12.28701461,58.28593292,0.44199839,0.2,0.005995151,2
3064.320542,19.93981316,611.0197907,787.1247546,79.00769879,12.27954853,73.07894325,-0.311874593,0.133333333,0.008046881,2
4134.668524,41.08946451,1698.913156,974.9099995,58.66943475,21.57755009,103.1508705,-0.084556984,1.533333333,0.011000544,1
2162.98019,25.23477395,545.8231616,832.5739722,73.81540317,12.01288171,67.74167077,0.427523669,0,0.007506033,2
1862.118964,38.06474162,708.8107723,762.6499133,60.79989199,11.8230846,72.15741345,-0.092912904,0.2,0.007621396,1
4415.546385,64.75737475,2859.39192,758.3238932,32.97162113,24.70061507,84.87714011,-0.920455697,3.866666667,0.017406059,1
3886.255932,20.67156343,803.34986,1026.637549,79.19676484,14.80777547,141.0584087,-0.395914829,0.466666667,0.005564111,3
2428.719452,21.03766815,510.9459387,897.741832,78.66600559,11.73044313,76.08340012,1.78804094,0.133333333,0.005483876,2
2325.318296,33.62619483,781.9160607,907.1628621,65.29424198,14.17895659,107.7352643,-0.630463169,0.733333333,0.008289727,3
7025.835382,12.22479971,858.8943031,738.1560393,86.12269307,16.5640405,196.5890727,1.010676097,1.533333333,0.016933797,1
2030.060292,27.14139914,550.9867666,831.6582693,71.58469129,12.29861287,60.9363073,-0.011537617,0.2,0.007837623,3
3258.928291,38.08088716,1241.028805,925.3461596,61.28203183,16.93430319,179.1530528,-1.435744796,0.6,0.00902536,3
3550.594586,22.33791637,793.1288492,876.9729501,76.51592486,15.33501966,109.9751277,0.578859285,1.333333333,0.009723641,2
2401.749068,24.57933004,590.3338302,963.5422908,75.3423672,12.16977162,67.21061404,0.220207749,0.2,0.005209749,2
1544.02076,44.85546426,692.5776803,857.2224096,52.58097172,14.08919468,50.00402523,-0.191056028,0.2,0.009778635,2
4495.212071,41.76554151,1877.449664,1013.734182,58.13515768,21.61183927,90.25185911,-0.351880711,2.533333333,0.009120686,2
1792.550051,20.28343869,363.5907906,615.8221844,77.87486335,8.933282835,72.61096438,5.664161598,0.2,0.007600488,2
6733.142432,18.44210856,1241.733437,1026.346486,81.44233781,18.77577759,165.539904,-0.423381971,2.666666667,0.007648227,3
2019.382668,21.57754471,435.7331981,810.2138432,76.89092817,11.37437801,57.8176622,0.203470266,0,0.007590193,2
1341.374271,61.95459557,831.0430049,792.0096387,36.83378656,11.54155164,48.13651538,-0.003291216,0.133333333,0.006647997,2
3176.476097,40.43191734,1284.31019,935.4832678,59.02688372,19.59738424,70.57671279,0.520803623,0.866666667,0.011218507,1
3598.545262,70.62342936,2541.416071,723.0535728,25.55118562,22.79052951,71.15188545,-0.517085556,1.8,0.017098876,2
3365.176104,32.97775404,1109.759499,913.0539181,66.63911376,16.6337044,97.38914352,-0.252831277,0.733333333,0.009216643,2
2728.977323,27.23803992,743.3199327,891.1250438,72.48225343,12.71164375,89.97220066,0.429189346,1,0.006371247,2
2363.565232,56.3860025,1332.719951,791.5436265,41.90558306,16.05126256,69.51232718,0.040634045,1.6,0.010654277,2
3571.351216,70.34342908,2512.21091,732.2212447,26.53006172,22.20086664,75.04521963,-0.538078268,1.266666667,0.01601728,1
5199.747727,23.14985671,1203.734148,1112.807646,76.8419166,19.61726771,118.0925071,-0.097852741,0.666666667,0.006003465,3
1892.958086,59.33364885,1123.161103,820.3664275,38.79117494,17.79589831,52.33140257,-0.182348399,0.066666667,0.012244491,2
791.673124,29.85792208,236.3771445,780.5729749,67.00060417,9.011861112,45.05807655,0.226542863,0,0.007358589,1
800.9163132,44.50059164,356.4124979,730.6838564,50.47361927,10.23330039,41.23736131,0.783498522,0,0.00915521,2
6094.326098,12.49201831,761.304332,906.224209,86.43982198,16.10330099,336.8600107,-1.222391884,2,0.014790759,1
588.4437598,34.06296261,200.4413779,781.061914,62.26378206,7.289092327,52.45050946,1.904118282,0,0.006038091,2
1969.494784,65.87039823,1297.314058,810.2360788,31.84909895,18.69673806,55.01021436,-0.188831346,0.266666667,0.012871755,2
3239.17992,19.96554562,646.7199446,711.8024254,78.5040766,12.12350479,114.9153635,0.35662121,0.266666667,0.009564282,2
6173.92603,7.761910908,479.2146379,1252.42657,92.1824319,16.48860241,291.179443,-0.690442988,1.6,0.006198583,3
7757.290818,6.92514444,537.2035938,1121.167715,92.4395744,17.97367551,397.2642679,-0.720849405,2.2,0.015611471,3
4554.192918,11.62448982,529.4016922,1222.013796,88.34717958,15.48580522,293.5210565,-0.624994433,0.933333333,0.005603753,1
1238.023776,19.41915885,240.4138038,843.1185091,79.03807071,8.726786716,53.98516239,1.088063329,0,0.005936946,2
1111.746425,44.98274328,500.0940403,920.5492853,54.40127505,10.88737981,83.26367311,-0.577632948,0.2,0.00613445,3
1820.696439,25.43447167,463.0845202,747.4182217,73.35508684,10.09976636,81.42080348,-0.339562495,0,0.007204871,2
1487.886969,35.46669007,527.70426,929.0556428,63.98556126,11.9660242,68.19149766,0.243511843,0,0.006380119,2
7409.633135,10.3176043,764.4966272,979.38046,88.88952808,17.05306402,384.9003565,-0.46287523,1.6,0.012114863,1
3302.870407,31.74323428,1048.437891,855.642323,66.58603717,16.39802877,140.4044676,-0.569334805,1.133333333,0.012466995,2
1542.594608,24.17077437,372.8570621,758.9856524,74.14083195,9.49888391,56.68257343,0.990606922,0,0.00687026,1
3118.274886,33.79186555,1053.723257,639.6834787,61.72169524,15.09456472,124.7704221,0.201739815,1.533333333,0.014298572,3
5689.798555,13.30414123,756.9788352,941.4230246,85.97310677,16.49891061,305.4332086,-1.017848026,1.533333333,0.012988406,1
3504.333531,4.609349607,161.5269838,882.7863293,95.03299945,10.03997341,495.8115572,-0.3998339,0.6,0.006390568,2
4413.954509,23.32316724,1029.473992,901.3753907,76.36816599,16.09229596,110.6326012,-0.57952723,0.866666667,0.008028686,2
1535.860164,61.91412714,950.9144143,786.3651705,37.06003965,12.04603013,51.45652599,-0.174731621,0,0.006618869,2
6806.319849,17.78667277,1210.617839,618.0364963,79.6690487,17.53836981,157.8070414,-0.201591718,2.066666667,0.019228236,2
2624.085672,24.83541396,651.7025393,882.0052795,74.85051628,12.3825493,87.15216621,0.782567557,1,0.006305947,2
3722.991699,63.41448061,2360.915849,728.4830444,33.96342444,21.02656403,83.06799601,-0.619285611,0.866666667,0.014707195,1
824.7943006,38.94546811,321.2200013,735.437993,55.97474432,9.835028872,39.82691764,0.007835276,0,0.008717324,2
1488.456902,32.2188077,479.563067,734.5941255,65.18811146,10.74798356,72.3108813,2.160894628,0,0.009141339,2
2818.304257,17.19712273,484.667242,958.8951141,82.35255503,12.35374866,334.6410168,-0.66512681,0.6,0.007752275,2
3118.488484,24.1551023,753.2740836,866.7302433,75.13731918,14.16704906,78.09203144,0.252062983,0.333333333,0.008150864,1
8753.42061,6.577518181,575.7578321,1173.081445,92.88860189,19.39060408,406.2216311,-0.601784856,3,0.015688301,3
4630.227292,32.23565728,1492.584201,1003.819247,67.66215035,19.5118816,127.3494928,-0.652611863,1.6,0.00808015,1
3480.327848,52.09058423,1812.923109,957.7095708,47.32758295,22.50993163,76.18294836,-0.248904766,2,0.01265773,1
4167.859602,24.13200958,1005.788278,883.9979145,75.46768599,15.93150311,98.21882408,-0.197477473,1,0.008575546,2
3790.329136,4.089450821,155.003646,991.7823396,95.67840149,10.15420751,522.5288047,-1.430008038,0.4,0.005711427,2
1245.650281,56.66647778,705.8661398,774.7222342,42.02620109,10.9859139,44.23087983,-0.019738571,0,0.006268969,2
1520.750117,28.46592355,432.8955657,766.3473578,70.32134599,9.457795979,55.39622617,-0.106263807,0,0.006120218,1
3626.671369,22.19885348,805.0794636,947.7504915,77.64308258,14.39519333,103.9760976,-0.082306442,0.6,0.005678557,3
4104.07906,11.44771729,469.823368,1205.708127,88.4876066,14.93177286,300.563529,-0.774874704,0.733333333,0.006439656,1
2619.130717,26.66486054,698.387553,856.603996,71.67941841,14.95511164,67.18745776,3.507263662,0.666666667,0.010419071,2
5898.574363,15.2679518,900.5914905,962.607891,84.61177375,16.27488605,177.8310952,-0.695756316,1,0.006413781,3
2047.141749,53.65301112,1098.35319,791.527383,45.47501388,13.64671155,64.44156229,0.989861011,0.666666667,0.007514744,2
8269.74767,7.293252741,603.1335986,1172.956462,92.28343337,18.2570443,408.9987648,-0.742531232,2.2,0.015606787,3
1792.130817,40.12476792,719.0883314,835.3682756,57.12986123,14.52814499,75.13688438,0.520061558,0,0.010512158,3
3914.931642,15.3363507,600.4076462,711.5594755,82.54189414,14.2353401,226.0735293,0.478125354,1.333333333,0.019771051,2
4216.11776,20.49175099,863.9563529,1094.044494,79.47022876,17.27035063,145.0549185,-0.207507687,0.8,0.005956148,3
1952.820782,13.39476651,261.5757841,692.8196597,85.78238145,8.150585176,226.5272161,0.60865643,0.266666667,0.006525828,2
3831.583549,29.41350389,1127.002976,1072.012945,70.5580334,17.65725459,93.76486539,-0.470671365,0.666666667,0.006930356,1
2797.853592,21.82385157,610.5994152,947.8864325,78.12565923,12.05430397,67.78072994,0.017422648,0.2,0.004243575,3
2934.736773,24.39765401,716.0069239,738.4665908,74.47493876,11.96635875,86.2287829,0.311571311,0.2,0.008453258,2
4424.182487,64.3610382,2847.449781,758.1919505,33.23561482,24.56524393,84.82006976,-0.891979631,3.866666667,0.01733603,1
1424.399265,64.55462301,919.5155759,797.8120902,33.10629738,13.56483407,46.16595652,0.048355662,0.466666667,0.008753264,2
1087.964371,52.54615862,571.6834841,901.6183905,46.58676986,10.88758951,94.38309719,-1.19294637,0.2,0.006183642,3
1625.158575,26.91244511,437.3699094,771.8837573,72.20185356,9.716245022,56.95624186,-0.444583265,0,0.005887696,1
3844.92837,52.7238968,2027.196066,882.3023255,46.42280901,21.41141948,99.06112505,-0.00308802,1.2,0.012212226,1
2288.106596,43.05015829,985.0335114,742.3360069,54.8030926,14.11483345,107.4644719,2.509365033,0.466666667,0.010012584,3
3325.282491,6.000099861,199.5202701,805.5368232,93.49759722,9.994828091,427.1631747,1.008348681,0.4,0.007072051,2
1126.789091,56.98500758,642.1008489,698.9201088,40.31627731,9.797063581,41.88676287,0.798006116,0,0.00740479,2
3244.522796,47.34194761,1536.020282,905.630964,52.29115533,18.02624266,79.56989182,2.742495144,1.2,0.009000883,1
2830.060846,30.16190091,853.6001481,889.9165353,69.35051917,14.2414068,91.633495,-0.333152584,0.4,0.007501605,3
1653.871101,37.4350244,619.1270502,718.4008654,59.17317692,11.68937775,69.44899335,1.862345974,0,0.010073567,2
2044.367788,31.33373318,640.5767478,882.5082072,67.98030161,13.45754907,76.06939125,0.362347555,0.133333333,0.007969008,2
2811.430526,27.12564552,762.6186787,884.1003759,72.57025365,13.41034531,92.66143793,0.019207129,0.4,0.005978114,2
2622.108289,37.15225958,974.1724782,798.27306,61.26587355,14.34361957,63.89885916,0.006806362,0.6,0.009260683,2
1094.311884,49.74141285,544.326192,844.1436861,48.68467415,10.82895147,83.80227835,-0.577374948,0.2,0.007022558,3
2004.268189,24.90303263,499.1235612,883.027879,74.83913294,10.92522612,61.07981111,-0.327094285,0,0.00456771,2
5621.945067,42.28602019,2377.296826,1034.72196,57.66905729,23.73763703,111.3253624,0.002347292,3.666666667,0.009206505,2
2432.340313,67.39276793,1639.221462,826.0435959,31.40270239,20.76036961,58.03489798,-0.082767777,0.466666667,0.013727949,2
2259.349803,31.20125097,704.9454023,662.5303396,64.40835851,14.04696261,149.0074953,-0.363840081,0.733333333,0.018617614,2
3300.733399,66.13858637,2183.05841,718.2081785,30.28573987,21.59930886,71.1459382,-0.321718478,2.066666667,0.016586883,2
3621.522893,3.452048506,125.0167269,1054.956672,96.32756253,10.22529692,539.4044069,-1.702795525,0.4,0.005309664,2
5020.961461,34.02934184,1708.600139,1152.591113,65.93812687,21.84211161,161.9964942,0.587365471,2.866666667,0.007907922,1
2229.109895,59.40793941,1324.268256,802.5256041,37.92822747,18.66389122,69.03894293,0.021143864,0.533333333,0.013041896,2
4655.4586,18.40314576,856.7508322,659.0810976,79.93822303,12.998076,132.5446109,3.138275595,0.733333333,0.015455348,2
1088.653855,62.75759763,683.2130061,784.7621246,35.89468524,10.85646107,43.20412741,-0.001035522,0,0.006538482,2
4788.240229,65.98163368,3159.359128,785.7069637,31.48638728,26.15303519,84.4128059,-0.591937962,3.666666667,0.017620292,1
3300.971991,67.30400694,2221.686418,724.2510741,29.1935357,22.02654179,74.58749137,-0.542678398,2,0.016451213,2
576.061346,33.24886365,191.5338515,781.5140438,63.015547,7.233411278,52.87712159,1.825246505,0,0.005985514,2
1394.28066,30.36421852,423.3624264,766.1970979,67.73336492,10.13899628,51.68457418,1.799853008,0.066666667,0.007551893,1
2051.763013,71.63492522,1469.7789,817.7832941,26.37671223,20.16488329,55.4264045,-0.088458079,0.466666667,0.013641766,2
4909.399714,53.4019469,2621.715028,1026.358174,46.52243221,23.71786648,93.34184724,-0.207003297,3.666666667,0.009677359,2
3605.57622,23.76048032,856.702228,895.4738062,76.01743854,14.1158033,98.70915969,-0.166132264,0.4,0.006178453,2
2992.693312,41.78571443,1250.518281,982.3086689,57.87209459,18.26694557,88.03748204,0.583521798,1.266666667,0.009138745,3
2043.027837,27.21252095,555.959378,795.9074576,71.94645448,11.28698572,95.70525537,0.608796433,0,0.006883576,1
3146.638014,33.107371,1041.769121,855.4840262,65.15139867,16.26049409,138.6351454,-0.489334016,1.133333333,0.012489894,2
2836.629736,17.27202135,489.9432936,783.3914693,81.82724753,11.26356647,73.62556127,0.905193476,0,0.007338527,2
2262.598715,27.07988409,612.7091094,865.0607478,72.39464194,12.16278081,77.75626816,0.411666126,0.133333333,0.006160411,2
2843.142041,18.88792651,537.0105794,944.2425101,80.62267044,12.82011368,326.8339864,-0.34347653,0.6,0.008067248,2
3083.148157,32.40979277,999.2419283,648.0899322,62.56781292,15.07920043,134.6204483,0.448483747,1.533333333,0.01426168,3
1753.804711,38.56858229,676.4176131,799.5984773,58.37667479,14.45514151,68.10966907,1.163546838,0.466666667,0.010809688,2
3826.779171,27.36647103,1047.254413,882.9781546,72.15483616,15.4735705,141.313019,-0.847729047,0.533333333,0.007960061,2
6292.202575,14.4603396,909.8738607,967.7080957,85.36448298,17.1897712,157.1121493,2.199583678,1.666666667,0.00798783,3
3625.883551,68.1184306,2469.89497,724.4641618,28.33045304,22.685275,73.65242248,-0.654775119,1.666666667,0.016713835,2
5857.299077,19.8229988,1161.092326,712.3249093,78.18718572,16.74291175,171.1631462,-0.404558223,2.4,0.01574869,2
2445.509787,23.66717204,578.7830085,885.8852133,76.15395594,12.07439576,65.5807584,-0.237608175,0,0.004514241,2
2889.356741,36.55791804,1056.288669,780.0696987,62.2346303,14.14625292,77.20157378,0.515459203,0.2,0.008702424,2
5863.609556,11.00993509,645.5796062,999.9228259,88.41892412,17.30580085,371.3368166,-0.390004158,1.8,0.011604444,1
1064.08536,37.03681267,394.1033013,782.9789374,59.89325898,11.13592333,53.420835,1.13098352,0.266666667,0.008882824,1
6465.46262,4.757595794,307.6005777,1247.152207,95.18821401,15.41910491,302.6132731,-0.026140798,1.066666667,0.006487903,3
5749.833618,14.80991188,851.5452923,1065.600794,84.23220761,17.43371037,400.7690203,-1.477535265,2.066666667,0.011707262,2
5407.96698,22.25837232,1203.725425,854.3565675,74.37397815,20.91943058,222.9042536,0.283043295,4.2,0.017516699,3
808.2965001,34.5300634,279.1052939,730.1483117,59.92455404,9.761901274,42.87183164,-0.125063458,0,0.008917837,2
4864.811154,18.69960626,909.700531,925.4978351,81.06433213,15.34309599,147.0821749,0.715625029,0.733333333,0.007534214,2
5396.785036,9.80240632,529.0147974,832.8963557,88.47624503,16.21631754,290.9810025,1.66377433,1.4,0.017999981,2
2794.351576,29.04950708,811.745359,908.5431228,70.30451741,14.18982552,113.0421226,-0.727239554,0.333333333,0.007616195,3
1342.324922,38.18991299,512.6327197,747.8181258,58.54454349,11.31911015,57.36474586,0.381201009,0.266666667,0.009104039,2
642.6170116,43.5099844,279.6025615,716.6375926,49.86927377,9.268880322,33.90185977,0.807968051,0,0.008482317,2
2174.862235,34.4204185,748.596683,773.6025548,64.30099007,13.39730547,87.28742915,0.532061196,0.6,0.009243117,1
4049.679448,73.51223651,2977.009934,784.7557765,23.65350457,25.73398883,79.15575153,-0.596241659,3.533333333,0.017780554,1
3685.512187,41.42451858,1526.705681,985.7563014,58.36281322,20.56773366,91.45931552,0.719155094,1.266666667,0.010294321,1
1433.38718,34.73305243,497.8591206,837.5665233,63.23977951,12.42818298,58.95090613,-0.091899424,0.133333333,0.008783282,3
5171.504372,14.33091812,741.1240568,994.7862244,85.30123275,16.12842955,161.189734,1.152274671,1.333333333,0.008785445,3
4170.08505,27.98706418,1167.084379,913.0907174,71.69073803,17.32280527,105.9132853,-0.256056512,1.066666667,0.009218685,2
4220.608562,37.33174317,1575.626749,731.3208087,59.31819,19.67447767,140.0125557,-1.205948888,3.066666667,0.018195852,2
1916.418124,30.85289413,591.2704549,769.969728,67.53841818,11.3609926,57.25362771,0.457390465,0.2,0.007962342,2
5548.948545,18.7385884,1039.794628,928.8637645,80.42100564,17.17979808,191.7833452,-0.978346823,1.466666667,0.010812134,1
1183.0433,52.23098621,617.9151828,750.5481337,38.12890559,15.03819356,46.85661904,-0.425045395,0.2,0.014276846,1
5253.14763,29.28667201,1538.472117,1081.944396,70.69472132,20.63586142,104.4947733,0.006407098,2.4,0.007852832,1
783.479086,43.89959169,343.9441197,728.0604299,50.42699661,10.23606988,40.36231294,0.929100539,0,0.009473417,2
3000.494859,31.94218538,958.4236304,878.3417308,67.88532206,13.85294405,85.47233246,-0.504893466,0.2,0.00571341,2
3422.403824,24.36647991,833.9193402,948.9661295,75.52396162,14.85112672,119.100804,-0.120701872,0.133333333,0.005935486,2
3524.115663,26.36207133,929.0298849,892.2943917,73.17245024,15.31060042,101.4696221,-0.444057451,0.133333333,0.008109487,2
2934.5103,23.02270244,675.6035744,866.8157493,76.63493536,12.11384738,111.9704483,-0.042998208,0.666666667,0.006268828,2
3279.823927,45.88063561,1504.804065,906.9882722,53.75710995,18.11581541,80.00483139,2.71024727,1.2,0.009011607,1
1243.165846,57.95766075,720.5098435,779.2512873,40.54937065,10.8456293,51.91708087,-0.49315571,0,0.006462918,3
1267.34153,42.12968119,533.926946,785.5444839,55.74656825,11.0483942,64.934061,-0.279744918,0.266666667,0.007583887,2
1671.948915,24.01105071,401.4525018,886.6572392,75.38367405,10.43616973,65.92146316,0.334806289,0,0.005593917,2
4079.948983,18.19535114,742.361044,968.4128066,81.66886852,14.52024181,132.2306788,-0.347379553,0.466666667,0.005807102,3
2101.079397,42.13702397,885.3323289,799.8021644,55.60690484,14.46753741,75.80989447,0.94197475,0.866666667,0.010299836,1
2552.357317,22.61708449,577.2688108,786.5578086,76.74419587,11.27336703,72.89579346,-0.181446941,0,0.006592651,2
5859.071565,8.152999695,477.6900869,1204.698157,91.7982489,15.22746134,303.5027108,-1.024952275,1.6,0.005473124,1
3477.961881,73.45087205,2554.593331,724.4659197,22.13167542,23.47708392,78.57809309,-0.394492325,2.133333333,0.018095707,1
2897.603986,64.42872283,1866.88924,698.0014779,31.2266832,20.07678903,67.08340758,-0.319899559,1.066666667,0.016307306,2
2725.354876,29.23787381,796.8358196,860.1348295,69.92997519,13.57441786,96.41971782,0.657387405,0.4,0.007996874,3
1566.176754,24.68956671,386.6822544,890.258227,74.76312073,10.03502153,67.25662335,0.209760356,0,0.005351986,2
3611.652598,33.44786131,1208.020552,795.9692343,63.2814325,18.38900171,129.8466584,-0.985208688,2.266666667,0.015597822,2
1681.121542,61.03169789,1026.01702,816.3657084,38.22021676,12.95764929,54.70926941,-0.269227828,0,0.006846082,1
986.3542951,42.93053609,423.4471866,747.17642,54.15692592,9.714472097,63.02492556,-0.639428403,0,0.007482335,2
3491.652217,66.85107534,2334.207055,723.7423637,29.0041603,22.58486388,78.48192398,-0.523159086,1.8,0.017510757,1
4315.448517,48.41402428,2089.282293,988.7830853,51.41094721,22.80185185,114.6141385,-0.335277896,2.266666667,0.011266847,1
2053.311625,29.93578302,614.6749127,868.0666412,69.84225499,11.42066777,99.55088502,-0.922187522,0,0.005037012,2
4296.043297,24.45167075,1050.454362,1074.09674,75.50385485,17.89018111,141.7392896,-0.353079305,0.6,0.006508877,3
4407.920631,30.77664681,1356.610164,887.9966871,68.26439669,17.73303294,107.9399982,1.414459803,2.066666667,0.010571733,3
2955.089167,22.54349325,666.1803268,899.9032335,77.37851296,12.53630457,70.68065075,-0.458189438,0,0.004285033,2
2888.685966,29.31985664,846.9585839,813.2704052,66.39668914,17.36901153,119.4639825,-0.405668679,2.066666667,0.015479817,2
2857.360362,15.47743124,442.2459853,747.1396364,83.97877629,9.880249851,109.02125,10.81130394,0.333333333,0.005982015,2
2575.247524,20.34087755,523.8279456,898.5301666,79.36855448,11.78689767,76.62056274,1.708696248,0.133333333,0.005465969,2
2026.112269,42.47929171,860.6781411,646.1169397,51.58774646,14.66416176,113.2453967,0.11019339,1.266666667,0.020688129,2
4440.696568,43.61967126,1937.017245,790.5656305,53.48631578,21.55593311,159.3442805,-1.115292172,3.266666667,0.01631257,3
6984.95198,13.88793485,970.0655805,915.8657568,84.82925592,18.24672283,258.1296369,0.055492367,2.8,0.014249218,2
1496.056412,62.7555648,938.8586512,796.4703996,35.43910773,13.45893556,48.68278372,0.035312061,0.466666667,0.008687394,2
3420.498461,52.5834709,1798.616813,806.1351346,46.8375143,16.76217531,109.3420464,0.316552769,0.6,0.008754255,1
3254.170943,21.07091838,685.6837032,871.5913396,78.31684281,13.73507926,94.73393116,-0.496241583,0.533333333,0.008150621,2
2143.987639,19.21387747,411.9431579,715.9961294,79.76558132,9.549693112,131.4689423,5.220619822,0.2,0.006977581,2
2607.733738,54.39632327,1418.511274,808.7631672,43.61320286,18.9036833,70.25956496,-0.228373828,0.4,0.012973721,2
4197.1536,67.40792228,2829.214036,749.3043146,29.75791263,23.74893887,80.8429471,-0.76357186,3.266666667,0.017104699,1
3109.294165,20.12811285,625.8422383,805.3179266,78.86780521,12.54458625,89.19427169,0.136966456,0.133333333,0.007997564,2
1970.138534,40.40030102,795.9418982,698.4186212,48.3370797,18.32930234,74.32540262,1.254888192,2.133333333,0.019583844,2
2240.116401,26.67524804,597.5566062,951.438322,73.21151837,12.33000611,76.39989882,0.111244767,0,0.005370175,2
2529.572264,25.95934992,656.6605154,936.0608853,73.95350267,12.29517419,77.18716119,-0.332997529,0,0.004626969,1
4278.349702,30.23576175,1293.591622,797.4723739,65.45103141,20.70392432,195.9491202,1.220464764,4,0.017952055,3
2845.110814,19.78896816,563.0180731,859.4018126,79.87021012,11.70210219,114.1468079,2.475308562,0.733333333,0.006327656,2
2936.633213,47.97097818,1408.731678,813.9561023,51.23864744,15.25891739,81.72112779,3.318821122,0.2,0.008523513,2
4061.265108,45.74848405,1857.96722,983.165412,54.07271698,21.57271579,115.2669129,-0.130132603,1.666666667,0.010501859,1
1669.874118,35.39702416,591.0857449,784.9965466,63.29459696,11.66423814,65.47502595,-0.195682161,0,0.007582782,1
1087.381669,53.79016626,584.9044079,751.5891455,37.6076456,14.58119818,43.03553553,-0.175301087,0.066666667,0.013508516,1
1674.150863,34.10807695,571.0206648,934.1288806,65.44195175,12.44692198,71.88852094,0.007678891,0,0.006401434,2
4176.450467,24.47207509,1022.064095,1152.885611,75.49800715,18.63818748,162.3944235,-0.136939449,1.4,0.006721266,1
4582.661272,41.10391002,1883.652966,1135.323843,58.86095699,22.19765198,160.4943564,0.465668109,3,0.008233528,1
2287.057218,45.67020473,1044.503714,673.4958994,52.78245964,12.38956046,66.9750534,2.284117059,0.533333333,0.009095611,2
5127.35904,33.72356468,1729.128243,1147.672682,66.2457612,21.9167421,163.9522241,0.4543263,2.866666667,0.00794037,1
1979.437475,22.20654559,439.5646854,708.1236525,76.45050225,9.164156589,82.58287947,1.628067297,0,0.007076943,2
6740.721491,24.32782794,1639.871126,991.7287416,75.60578991,20.60749972,138.9985886,1.032772001,2.8,0.008431241,1
5335.834955,9.029376894,481.7926485,918.8048859,90.66583411,13.13422353,371.7142144,-0.803311454,0.6,0.007254886,2
3679.459035,63.94193593,2352.717338,732.3178054,33.79537776,20.44986345,82.7982038,-0.611493638,0.866666667,0.014105294,1
6492.676997,11.974187,777.445285,934.5600776,87.8766315,15.38330948,199.0807511,4.099410483,1.466666667,0.007356812,2
2218.53007,67.7767919,1503.648509,823.1766751,30.67903372,20.48693526,56.68912976,-0.33064624,0.4,0.013760565,2
1334.935023,29.47504611,393.4727134,723.6724813,68.09018386,9.508725798,48.53656593,-0.023780461,0,0.007411353,2
3481.78294,48.90741273,1702.849953,759.8030334,49.48732359,17.72620186,107.5236395,2.358306441,1.333333333,0.013462639,2
1098.183458,33.05819901,363.039673,815.0767365,65.10036283,9.490510146,54.7723819,-0.669007409,0,0.006732322,3
3799.798561,57.60970038,2189.052566,893.8127507,41.39047936,22.51481634,94.33616971,-0.327955136,1.666666667,0.012947511,1
4137.211576,71.66788698,2965.052116,758.2880047,24.55349811,25.96425297,83.40416984,-0.621766544,5.066666667,0.018778906,1
3257.170922,48.55225895,1581.43006,756.1417888,49.5516621,17.03208939,104.1027875,2.816283394,1.333333333,0.013250039,2
3712.795427,21.18820942,786.6748706,943.6124336,78.68068007,14.32771543,105.4017786,-0.090938782,0.6,0.005664565,3
3037.872271,31.97889411,971.4779566,744.6259615,67.0850977,12.9928784,84.83584229,0.448157398,0.4,0.008106163,2
3297.475264,34.07963816,1123.767638,819.1186083,62.24048258,18.60857031,124.251342,-0.536479525,2.2,0.015858362,2
1721.387937,20.91125303,359.9637872,897.2893291,78.54146552,10.12034835,60.60520392,0.023440027,0,0.005289875,2
5862.053381,14.42420167,845.5544014,642.2020458,81.42804727,16.67150367,161.099829,3.333685608,2.333333333,0.021262687,2
2194.779247,29.85146507,655.1737602,866.9732755,69.74962088,12.02565739,65.48224134,-0.662499046,0,0.005447769,2
3273.879802,33.74252786,1104.689804,755.2073225,65.10525583,14.83668247,85.43236255,1.193086193,0.666666667,0.009493264,2
2253.334625,36.73403117,827.7406435,773.2570622,61.79830599,13.60924895,88.37988438,0.39311959,0.6,0.009333021,1
3816.647373,18.62200201,710.7361505,948.6635259,81.2347704,14.14440723,121.6363117,-0.269053415,0.466666667,0.005798291,3
2814.459078,23.20536714,653.1055621,907.8424043,76.7328561,12.06500129,68.11682892,-0.255461992,0.133333333,0.004122354,2
647.0246099,40.38719614,261.3150983,820.2886801,56.54933415,8.479560849,46.94503149,-0.768061094,0,0.006326413,3
1694.876322,48.92136984,829.1567137,708.7430645,41.60856533,17.36983858,65.70512186,2.461092576,1.533333333,0.01776913,2
1353.211746,31.1242544,421.1770663,811.4269509,67.42126055,11.31399047,96.88019017,1.934824615,0.2,0.011011212,1
5954.239388,10.53185166,627.09166,1190.493429,89.46034014,17.39029227,188.4255253,-0.793237025,1.2,0.005255768,3
2087.623638,55.15811298,1151.493805,785.869502,44.00287607,13.08752056,63.48355277,0.830533268,0.533333333,0.007338519,2
2469.03421,21.51714348,531.2656334,929.7673719,78.24475441,12.2596648,69.01456755,-0.182714463,0.133333333,0.005889977,2
1230.12786,33.36577674,410.4417153,816.5418988,64.81240702,10.15074256,52.52339716,-0.375410305,0,0.007160447,3
795.9545918,43.56355434,346.7461111,749.8298068,52.95131351,9.1777699,61.39206761,-0.556410476,0,0.00728917,2
5218.45728,9.992929524,521.4767583,757.0658123,89.36197879,13.3184629,143.659743,1.147977139,0.666666667,0.011678057,1
11740.10215,9.23275104,1083.934403,845.6609421,89.9584342,19.62270226,222.687102,-0.008639676,2.666666667,0.012905839,1
914.5377145,40.93356859,374.3529227,787.194245,54.83911494,11.40363617,50.13015612,0.23313157,0,0.009392231,1
2370.583106,53.52185739,1268.780109,702.7023428,41.71011797,16.67333951,69.72821909,3.206928609,1.466666667,0.014822129,2
1600.067757,35.13370861,562.1631433,865.3139801,61.90505451,13.78607538,60.15509596,0.426292412,0,0.009794014,3
6007.257416,19.4990188,1171.356253,996.1448074,80.16843669,20.91562952,174.9561447,0.054245478,2.866666667,0.011669992,2
2845.076309,35.80121564,1018.571905,626.0735889,55.66573978,18.26855624,126.2323797,0.474677857,2.2,0.023718393,2
5316.708801,47.69288503,2535.691816,1017.79499,52.23351199,24.06962599,102.650736,-0.021485392,3.466666667,0.009936035,2
3721.96905,37.56161509,1398.031688,926.5958326,62.00293577,19.15532488,122.9401474,-0.460032888,0.8,0.010499383,1
7128.384103,5.612698794,400.0947286,1221.264094,94.37203047,15.12011622,286.6759329,-0.981085711,2.266666667,0.004424216,3
6561.034658,16.63411113,1091.369796,827.8916018,82.91346757,15.26534529,149.56028,0.25956256,1.733333333,0.008769576,2
4242.116335,66.26427392,2811.007588,762.0706194,31.49104611,23.74906711,85.64785158,-0.650661927,2.4,0.016277997,1
1923.744818,37.46773083,720.7835304,793.7648841,61.42912405,13.46654841,65.67104294,0.122962734,0.133333333,0.009039701,2
2429.750406,58.88089673,1430.658827,774.7030819,40.0407035,15.00221713,69.57173426,2.131523644,1.333333333,0.008928811,2
6409.8322,12.43050751,796.7746728,958.3128869,86.22440289,18.17871818,262.5738331,-0.449170362,2.8,0.014160158,2
2041.169099,29.93080126,610.9382664,776.6086226,68.53287906,11.97064059,62.54049497,0.181996403,0.2,0.008130934,2
3627.012737,68.17530137,2472.726864,727.6012779,28.00963522,22.87084422,79.52402369,-0.626119,2,0.017462934,1
1539.752406,35.32225069,543.875205,841.7213238,62.582119,13.21829493,57.73828105,-0.09955916,0.266666667,0.009573223,3
1285.77401,43.58436753,560.3964701,769.0849491,53.36304354,11.20161414,64.61026555,-0.256270768,0.266666667,0.008655085,2
1598.479986,18.68458095,298.669287,828.9289147,80.38458382,9.2924921,86.41452428,1.191316948,0,0.00620262,2
12165.6233,7.155488413,870.509766,877.0460079,92.18206241,18.91845293,280.6306568,1.065368213,2.4,0.012726834,1
3596.723978,21.94383682,789.2592404,793.4615966,77.67216897,13.21667439,114.5145539,-0.933162826,0.133333333,0.007518042,1
4223.534197,40.98085083,1730.840249,1007.90134,58.87853447,21.18206873,91.18801058,-0.246311905,2.066666667,0.009328143,2
3986.677606,15.83616691,631.3369201,712.141048,81.86683229,14.69544624,225.7734095,0.486365377,1.466666667,0.020267327,2
1854.243008,18.34876277,340.2306507,644.5552804,79.40849222,8.832959171,103.8660813,4.859459014,0,0.008966091,2
3899.165958,17.37103283,677.3253986,736.8921004,80.63288687,14.00687438,119.9954874,6.041744516,0.6,0.013049542,2
1138.034644,48.79528859,555.3072887,716.3065007,43.62329748,12.6900729,69.00663927,-0.232348545,0.066666667,0.01269538,2
4437.82465,40.63858291,1803.46905,1065.763572,59.33770296,20.96051882,90.71080702,-0.414167967,2.066666667,0.008124793,1
608.1079507,29.48941725,179.3274909,785.4658864,67.14467964,7.114814759,57.00558535,1.253306207,0,0.00586551,2
2943.266419,25.20432805,741.8305236,891.3931536,74.56049985,12.84483349,91.50444204,0.271964131,1,0.00638592,2
746.3528962,46.56888277,347.5682053,726.5508525,48.1685108,9.943451526,35.62587951,0.797199166,0,0.008690563,2
2599.46045,23.43113719,609.0831442,784.6090664,75.93158668,11.57634342,78.26455291,-0.194840397,0,0.006903032,2
2374.927408,35.35885008,839.7470217,903.2268827,63.68045259,14.14444733,107.2633372,-0.59532633,0.733333333,0.008271976,3
3051.974053,46.61023549,1422.532293,906.6632259,52.99861424,17.04136726,79.97946103,0.162173965,0.533333333,0.008648215,1
8424.641634,6.48775551,546.5701518,1156.739381,93.49031967,16.7535661,290.479966,-0.255610974,2.4,0.005035499,3
2951.356925,24.50189119,723.1382622,889.3096936,75.26286823,12.79160838,91.53764483,0.261342819,1,0.006387937,2
2480.946254,33.57247175,832.9149802,906.893178,65.44985775,14.29362278,108.1537422,-0.641063483,0.733333333,0.008358935,3
2418.825569,21.04064215,508.9364322,711.5456355,73.51748921,13.3071353,136.4365201,4.571886447,1.4,0.013329883,2
2435.549824,33.53616178,816.7899293,793.8104781,65.2549707,13.74148285,101.0579975,0.203913745,0.6,0.009246194,1
1071.37595,49.41333188,529.402554,684.7402458,48.04329813,9.187494189,47.60145792,1.659806387,0,0.007015772,2
1483.207637,27.44734185,407.1010705,746.8541811,70.8162077,9.688106322,59.11516632,0.418986037,0,0.007192352,1
1865.862064,20.86256542,389.2666937,721.7865011,77.62314226,9.504096937,64.92138295,-0.120986673,0,0.007600746,2
7008.964918,18.18483518,1274.568718,923.1881704,81.59783664,16.95007615,196.1259922,3.153447685,1.333333333,0.01030342,3
3691.400651,23.62063515,871.9322799,698.5902897,73.17038202,16.44381738,126.6661718,0.483580292,1.6,0.017940399,1
1358.165071,28.96673067,393.4160181,750.7207158,69.34104191,9.539307323,55.84144171,0.310593644,0,0.006655173,1
2025.460904,31.79478194,643.9908777,874.4633713,67.97756793,11.46430381,99.14220724,-0.972214467,0,0.005005707,2
1856.035284,24.42521249,453.340562,854.3097152,74.96621982,10.41848176,64.11908091,1.308330119,0,0.005644384,2
9205.243553,2.960415527,272.5134594,1063.365793,97.00255348,14.80390943,259.0857134,-0.947004842,0.866666667,0.004654448,3
1118.322243,51.89035595,580.3013928,812.7224372,43.17787586,14.40486163,55.45449247,-0.149174589,0.066666667,0.011642452,1
1496.380527,57.65438127,862.7289344,790.8248623,41.2135156,12.14671749,53.26610056,-0.237319775,0.133333333,0.006736562,2
4868.98438,35.87949423,1746.96697,1023.096955,64.00719247,21.17266978,124.3417304,-0.427767654,2.333333333,0.008844511,1
1806.978463,20.98655754,379.222575,906.1278288,78.68352387,9.950803986,73.08547674,2.364685731,0,0.004791341,2
3576.888716,69.51715395,2486.551236,723.1512669,26.79374227,22.25531701,72.52985073,-0.598023254,1.6,0.016516744,2
5538.16511,29.4992635,1633.717919,947.7466966,70.06827166,22.04135397,267.1990885,6.746767288,4.4,0.011533629,3
9526.206204,8.071731451,768.9297823,1057.364582,91.69839471,19.00810617,258.8265835,-0.315132141,2.8,0.009019995,3
6426.873347,15.68042669,1007.761164,817.7230246,82.75124717,17.59591816,378.617482,0.1530476,2.333333333,0.015912135,2
3109.445811,51.11753128,1589.471935,915.8299765,47.85184897,21.14953562,86.94041684,0.109470454,1.533333333,0.012635855,1
7710.084995,11.55298039,890.7446074,750.2732591,87.35479852,15.98041902,205.5188674,0.396000141,1.533333333,0.01522799,1
2195.01748,25.15216079,552.0943259,743.3807776,73.80420081,10.54403401,88.40489205,-0.591802018,0,0.007573506,2
1457.831396,57.78426458,842.3971512,789.1716398,41.23379145,11.92830887,50.04922132,-0.205954214,0.133333333,0.006665603,2
1347.712048,29.40532345,396.2990867,719.2561976,68.2947845,9.88001175,52.83454476,-0.207160551,0,0.007601271,2
2292.282089,31.52596567,722.6640646,802.6079102,67.09972807,13.25386891,65.54071149,-0.058547015,0.266666667,0.008399232,2
778.008077,41.18984183,320.4602963,758.5318052,53.88870907,9.68774073,56.52005769,-0.845113306,0,0.008252495,2
901.987942,28.4990263,257.0577808,819.6372592,69.31083621,8.530315423,51.33809072,-0.584095215,0,0.006301831,3
2552.387937,25.53070655,651.6426742,842.1003846,73.50212725,13.06662722,71.8768757,-0.127752058,0.066666667,0.007918145,3
2028.249358,22.72623335,460.9446818,714.3351395,75.5207969,12.8526654,132.9048695,5.020004167,1.333333333,0.013019416,2
1675.292591,22.07170543,369.7656457,611.6559758,76.03506705,8.779048484,71.75719003,6.586299032,0.2,0.007682447,2
2935.358222,34.27080574,1005.970914,912.1557634,65.14723405,17.16807594,119.6751325,8.150345923,0.666666667,0.010291003,2
1301.192687,34.29372435,446.2274334,746.0070101,62.38691167,11.25754086,55.22085584,0.453948918,0.266666667,0.009057382,2
4800.274979,48.83054593,2344.000479,1043.200855,51.1013836,23.46570775,91.01549155,-0.545627848,3.533333333,0.009538426,2
711.8588814,57.72118046,410.8933495,680.7741077,38.20336903,9.06468011,45.15000282,4.635840387,0.133333333,0.007277196,2
1726.690534,40.9453878,707.0001354,784.7393478,57.70237434,12.11275827,64.76605666,-0.245483636,0,0.007789888,1
2398.47904,22.09301608,529.8963598,841.8004497,76.92994365,12.29316228,64.16187598,-0.118315294,0.066666667,0.007678083,3
2456.805126,40.58568497,997.111189,739.6409121,57.37743131,13.51282433,106.3188717,2.810519498,0.2,0.009865709,3
5245.097999,16.96823582,890.0005972,726.5453836,81.69995649,15.81743927,119.9392833,1.270388869,0.6,0.012101771,2
3067.521242,33.62088008,1031.327638,623.3345334,62.28275085,15.15382336,107.9989329,-0.001158676,1.533333333,0.014390248,3
767.7596261,35.86342686,275.344912,770.6393211,59.76442268,9.513703969,43.36908487,-0.173480307,0,0.007804501,1
12734.33366,5.368744498,683.6738379,925.8032014,94.08800556,19.06341241,329.8868341,0.254428156,2.133333333,0.012864942,1
4599.086641,24.8075411,1140.920309,939.765696,75.09095301,16.17386109,121.1160475,-0.481662867,0.733333333,0.006434241,2
3541.42694,66.62975025,2359.643925,724.121035,29.33991216,22.53055738,70.52536737,-0.089555006,2.4,0.017340671,2
1492.680664,59.74326863,891.7762187,784.1332743,39.19492109,12.03309595,53.07314861,-0.129203223,0,0.006360003,2
2014.624156,18.27915576,368.2562875,904.4605622,81.36242253,10.53573694,60.38018795,-0.035939925,0,0.00515143,2
2767.090921,30.87999145,854.4774399,871.5799151,68.92322063,13.37498878,87.19354995,-0.394156622,0.2,0.005647874,2
1114.832874,61.65256286,687.3230386,782.2209818,36.87501793,10.95239785,44.50083859,0.007099966,0,0.006607751,2
1790.037422,27.50632816,492.3735674,857.9830302,71.48672463,11.66188078,81.65198714,0.115907695,0,0.007571487,2
5742.820542,19.47672249,1118.51322,868.6598869,79.73952882,16.32832977,245.8551565,-0.559188469,1.6,0.010347179,3
6877.911271,14.36902791,988.2889903,846.4109313,85.247552,15.52025714,169.7887437,-0.143096771,1.733333333,0.008687175,2
2925.839321,31.27994512,915.200934,903.1403173,67.99234494,14.82728371,114.0340683,-0.667957362,0.733333333,0.008448188,3
3531.353823,30.26457196,1068.749119,915.5866487,69.33038922,17.40109214,101.1026203,-0.352280235,1,0.009585827,2
4327.824124,68.05161343,2945.154142,758.6743932,27.49487646,25.96813113,83.03593862,-0.48677456,4.933333333,0.019168337,1
3971.410357,37.35168769,1483.388793,628.8213218,59.87465593,16.72199342,99.79082456,0.060688365,2.466666667,0.016854436,2
4654.457369,27.1124219,1261.936119,960.9378509,72.78557426,17.4958785,125.5184772,-0.869308697,1.2,0.00698702,2
1791.962522,35.75169077,640.6568996,805.4638309,60.45868496,15.15180468,67.93030647,0.081173973,0.066666667,0.012108531,1
1176.0286,28.76852961,338.326136,768.3185387,69.59633203,8.841882439,50.68887058,0.66196998,0.066666667,0.006119484,1
3234.572673,70.3474769,2275.440264,713.0217514,25.36478232,22.21892004,72.47368855,-0.411096198,1.333333333,0.017232799,1
1135.464952,33.98891608,385.9322295,928.061035,65.49118427,9.637990598,87.40010797,0.320013469,0,0.005252324,3
8806.230455,9.441011691,831.3972468,1061.353569,90.50378741,18.05374077,322.8383695,-0.884676825,2,0.008425383,3
732.1399829,41.30258511,302.3927395,759.8805798,53.44815228,9.854541846,39.17848202,0.116873744,0,0.00820783,1
2135.144849,60.18095649,1284.950593,830.1498396,39.19416229,15.05779613,62.00107992,-0.253261008,0.133333333,0.008012977,1
3940.257507,36.27730552,1429.419254,875.9354794,62.73016469,18.72216844,94.00616717,1.10128558,1.866666667,0.011501615,1
1156.0339,56.59447505,654.2513173,570.2765796,40.05981324,8.959903451,47.92155699,2.243686988,0.133333333,0.008937992,3
2344.236229,22.62881344,530.472843,709.0593797,72.77106912,13.1510816,137.8799877,4.438280032,1.333333333,0.013237152,2
1700.728911,22.45764668,381.9436899,718.7745163,75.55385141,9.377505783,57.67814235,-0.3759674,0.133333333,0.007625706,2
2097.255766,20.44889019,428.8655286,812.7079586,78.14255982,11.43384973,58.6324143,0.101894208,0,0.007569846,2
2813.217808,24.12769113,678.7645034,860.4375047,75.56121304,11.45875589,105.6621208,3.299187433,0.6,0.00602761,2
1955.111889,32.91829951,643.5895873,858.877052,65.79175185,13.64464695,60.68360664,0.209150109,0.4,0.008451897,2
2641.080968,37.01155116,977.5050335,976.1241355,62.73140773,15.00973567,105.6505195,0.857224248,0.6,0.007449305,3
1802.118033,26.27204395,473.4532416,1088.334609,73.72219398,11.43103926,75.88975808,0.515790127,0,0.003963534,3
3555.059866,50.53963208,1796.714176,959.096828,48.92280833,22.26944472,80.69048031,-0.165589886,1.933333333,0.012547869,1
1745.47885,19.03413938,332.2368771,904.533099,80.5584362,9.905097173,56.08785451,-0.22205657,0,0.005009526,2
1037.8842,56.4511962,585.8980458,569.8825909,39.82584807,8.936655195,47.7748046,2.343824532,0.133333333,0.008872265,3
1348.673201,37.23135094,502.1292526,755.7819999,59.68200482,11.34717828,60.26614792,0.109651054,0.266666667,0.008954054,2
4632.155928,13.27422101,614.8826155,959.1625512,85.9654501,16.94858175,324.1920555,0.242289103,1.2,0.010032995,2
12204.73519,6.308762913,769.9678073,920.7561164,93.02285499,19.57646816,331.7401522,0.251998853,2.533333333,0.013721097,1
2242.404803,31.41992396,704.5618839,750.8576533,67.52607741,11.60284606,72.86032423,-0.352191234,0.2,0.007564179,1
1556.385833,60.60642349,943.2697894,787.2681093,38.36373012,11.99816554,51.91529663,-0.256456824,0,0.006450359,2
3517.421692,51.55290755,1813.333153,932.9642011,47.6848597,21.64464037,96.70645476,-0.285059864,1.866666667,0.012215585,1
8402.719027,5.713186039,480.0629703,1203.572568,94.2730946,16.91448342,227.6663826,-1.074329938,2.266666667,0.004740422,3
3145.191051,35.29301658,1110.032799,919.0486518,64.12788228,16.73194145,92.82973948,1.217702369,1.533333333,0.009275764,3
2788.015925,21.73462105,605.9646962,901.5838321,78.15845715,12.23264877,67.64632857,-0.284579813,0,0.004299692,2
1540.146737,32.95076448,507.4901239,745.2304824,65.58164044,9.975183947,57.26113788,0.161748472,0,0.00685767,1
4538.382943,41.72479476,1893.630968,1025.438989,58.16498955,21.24330136,100.4546709,-0.328005653,2.4,0.008963371,2
1614.678404,37.91692985,612.2364778,806.6046977,58.47978623,14.1474505,55.69412916,0.09843642,0,0.011092332,1
7130.459983,4.784110887,341.1291123,1233.714454,95.20469805,15.16594339,290.9972123,-1.089622889,2.266666667,0.004372922,3
1908.533551,31.68431812,604.7058417,950.5178912,67.98782302,12.52659101,80.92042601,-0.305267336,0,0.006052464,2
3134.286349,28.24295492,885.2150808,898.7459515,71.43202692,13.98444476,104.8950027,0.026242917,0.466666667,0.006476771,2
1570.465206,55.3598013,869.4064176,809.8246836,43.68917388,12.47859262,52.77303045,-0.218603527,0,0.006841659,1
3170.808301,48.87477485,1549.725418,896.5590315,50.69434773,17.42050257,86.67081744,1.971725921,1,0.00891623,1
1175.321768,48.44133126,569.3415109,750.1588342,42.10636679,15.19484952,47.40410061,-0.339449064,0.2,0.014487094,1
5627.215081,11.63110444,654.5072634,910.8855597,88.18433807,13.84494125,192.13772,5.869251164,0.933333333,0.006686061,2
2028.793938,48.74343523,988.903859,845.2848809,50.76727515,13.74816063,63.16410762,-0.524380499,0.133333333,0.00682573,1
6212.240051,26.11654784,1622.422645,761.6639788,71.82591552,19.98668167,169.7652767,0.5297231,2.666666667,0.015469696,3
6186.063942,28.99793078,1793.83054,1010.265703,70.70206188,22.47007944,258.7335457,5.624305585,3.933333333,0.011314731,3
1996.921415,23.49405364,469.1577885,736.2285038,75.20345126,10.26028672,60.83942429,-0.041651723,0,0.007254108,2
3504.247304,17.76161477,622.4109069,718.9687835,80.13788204,13.70386695,224.168615,0.442923609,1,0.018361903,2
3468.28989,68.4838249,2375.217575,725.3408583,27.18744667,22.70770358,71.84178756,-0.361241522,2.133333333,0.01770134,2
3240.692765,26.49315553,858.5617747,1004.204635,73.26218595,14.98941399,98.97326809,1.619671497,0.4,0.007068456,3
1175.82438,49.39211004,580.7644717,868.1082059,48.93747004,13.43097095,58.81010411,-0.051105076,0,0.00899293,2
3892.164889,16.81699214,654.5450636,1151.788706,83.06216606,15.8434163,315.2428457,-0.548874089,0.933333333,0.007416428,1
1678.485919,35.54709426,596.6529719,721.6721496,60.52146192,12.36503479,74.48623849,1.291989944,0,0.011211662,2
5483.21244,19.03297024,1043.618192,1109.19559,80.95872195,19.64090167,118.7184463,-0.124048909,0.666666667,0.006154353,3
1784.294051,32.17542374,574.1041717,956.4140405,67.68045148,11.97508979,51.83529605,0.438086077,0.2,0.005682737,2
3293.086148,20.75863338,683.5996803,713.4360362,76.53427849,14.96044963,75.29940576,7.626171234,1.266666667,0.012569363,2
5680.176338,9.915950501,563.243474,805.9169283,88.42596507,16.16052167,294.3083345,1.982539276,1.733333333,0.018163252,2
1381.666305,33.77286711,466.6283251,836.6419718,63.94415824,12.25274163,58.89861746,-0.08878994,0.133333333,0.00867873,3
2344.322658,26.66388874,625.0875853,797.9775772,71.11779761,13.44012009,132.0727454,1.434659029,1.133333333,0.012616004,1
4672.190768,2.477828337,115.7688668,1243.721237,97.39381274,11.43675055,559.8816205,-1.851368025,0.6,0.004975053,2
1556.657535,43.81908495,682.1130875,842.8717447,53.2235031,13.97595043,63.38870228,-0.030932351,0,0.010118145,3
2947.713279,64.14875395,1890.921339,696.9612312,31.9922455,20.06597352,66.58719033,-0.259532126,1.066666667,0.016457077,2
9519.734566,7.80329793,742.8532503,807.8855335,91.41818603,17.52110001,262.698971,0.127735799,1.933333333,0.01469506,1
5332.15738,7.65667418,408.2659174,1190.477536,92.29340226,15.04456658,290.6918198,-0.705415618,1.533333333,0.005459505,1
1355.136075,43.45369006,588.8566299,574.7997807,53.63143879,8.911727632,52.07719637,2.001479475,0.133333333,0.008701619,3
4157.782648,33.86192234,1407.905131,876.1352149,65.56258684,17.94285276,115.9408868,0.450352607,2.666666667,0.009859941,3
2379.524893,28.05412635,667.5549199,880.6753285,71.5169396,12.19912567,105.9166052,0.360871293,0.666666667,0.006333321,2
735.1346969,42.49696963,312.4099689,726.6839582,51.63735678,10.07332013,37.50339348,0.395910273,0,0.009001342,2
1135.802455,51.3524445,583.2623254,757.7609368,39.68860954,14.51282582,46.40918184,0.069571813,0,0.01325763,1
8339.589909,21.71847154,1811.231461,718.7636551,76.76076877,20.34232302,179.4201088,3.044884811,3.066666667,0.016236486,2
3660.028018,69.98419632,2561.441193,728.1611396,25.81200491,23.54319589,78.91002729,-0.489485164,2,0.018032764,1
1962.461087,37.24009982,730.8224679,794.124814,61.62961056,13.6044509,65.9915285,0.085458195,0.133333333,0.00914986,2
5451.072027,16.79992498,915.7760114,889.0194536,82.6571112,16.6060069,139.6531451,0.055025,1.6,0.009280941,2
6552.979725,16.0718556,1053.185439,986.3240572,83.84904833,17.39733793,187.9796315,-0.584012177,1.8,0.006909076,3
4314.097163,43.24712018,1865.722785,1018.559666,56.60578187,21.72160387,99.80335633,-0.355999847,2.133333333,0.009582123,2
5301.019954,14.32169812,759.196075,625.5327873,81.14184372,16.94547411,195.5155621,0.479280029,1.466666667,0.023640942,1
1512.890531,27.5543174,416.866659,717.532079,70.8325928,9.413295259,60.06304329,-0.131560415,0,0.007064883,2
1052.492862,29.95716731,315.2970474,783.4265619,69.11622454,8.057656011,60.04881969,-0.559817863,0,0.005052995,2
3058.268445,15.82385262,483.9358914,746.60681,83.63352343,10.23111359,109.5574032,10.60306363,0.333333333,0.006136207,2
1618.219757,43.24630557,699.8202609,915.4275931,55.91668576,13.12728854,96.89325211,0.414156059,0,0.007423607,2
4035.426015,21.02192627,848.3242814,557.0744433,72.47172424,17.54255007,119.2075898,2.872871662,1.4,0.026027431,1
4363.069275,23.39667805,1020.813272,1056.630308,76.52500767,17.4461585,160.075413,-0.923655303,0.533333333,0.006528239,3
8019.139213,10.2597526,822.7438438,903.1704829,89.51888641,17.8180426,215.7422875,3.106389879,2.4,0.00908609,2
3257.493522,31.71437586,1033.093739,913.5402182,67.91513727,16.60950542,97.07434115,-0.214196079,0.733333333,0.009219953,2
4497.566508,34.10608583,1533.943894,724.7108406,61.862513,20.46650006,146.5398769,-0.259103793,3.866666667,0.018043095,3
2627.161525,27.54349902,723.6122091,677.9537627,67.91127722,14.31656927,178.3735741,1.227332521,1.266666667,0.020348406,2
4554.952226,20.08789912,914.9942082,1061.734668,79.84975015,16.57565722,157.6896101,-0.809385178,0.933333333,0.005895394,3
2509.17948,24.44377309,613.3381385,886.3825644,75.01512659,12.90551651,78.28092538,-0.239838695,0,0.007152407,3
7114.383292,23.79807271,1693.086109,983.7110942,75.98133149,21.8070039,162.3742712,0.210027889,3.866666667,0.010090203,3
4256.089531,66.73355603,2840.239892,762.0364177,30.78388509,23.75660552,85.64693793,-0.65306486,2.333333333,0.016351334,1
2932.037025,31.46750552,922.6389129,769.0033354,67.60508644,13.34189701,96.92641916,0.473903012,0.666666667,0.00841898,2
2327.610289,26.49941958,616.8032168,885.9225531,73.29996308,12.11838179,63.96142712,-0.217351003,0,0.004719361,2
2802.631464,21.51527555,602.9938822,813.3138184,77.95329149,12.33503787,112.9777048,2.592914475,0.666666667,0.007492944,1
8185.158711,20.68041298,1692.724625,732.3265999,77.66235403,20.53801922,178.018729,2.808910727,3.066666667,0.016107476,2
2830.299892,36.57293837,1035.123835,792.5489554,62.40132053,13.85331208,72.68508475,1.991324213,0.133333333,0.008417155,2
7442.220925,4.073316655,303.1452244,1229.218853,95.9167378,14.5505162,297.2144248,-1.098469065,1.666666667,0.003979853,3
5416.102216,16.38814978,887.5989433,935.0972094,82.04375005,17.16876955,418.3207231,-1.211102577,2.2,0.015198367,2
3905.612562,71.70159492,2800.386499,760.5426187,25.71177321,23.26945905,82.62891767,-0.686317183,1.933333333,0.015930683,1
2411.525121,24.35159478,587.2448253,874.372442,74.75926777,14.58007842,84.72832467,0.41717933,0.933333333,0.009812175,2
2373.849157,25.41957286,603.4223162,891.9857698,74.03070417,13.03689525,84.6444443,-0.231060318,0,0.007156515,3
5300.684928,13.86881282,735.1420706,718.7119726,83.79847679,14.83839727,156.5822115,2.977250578,1.933333333,0.01359578,2
2339.542108,27.35419299,639.9628634,899.7821766,72.16776667,13.67918987,90.84965668,-0.33853722,0.333333333,0.007656549,3
2851.027753,27.05799923,771.4310675,894.1865704,72.67695096,12.91504853,92.50670312,0.214262815,1,0.006394252,2
1989.162965,28.24732275,561.8852825,881.8904655,71.47322828,11.10578474,62.27501391,-0.381070046,0,0.00463101,2
3303.491828,24.98180134,825.2717658,953.8009359,74.67381607,14.51653041,97.36936391,0.225556315,0.4,0.007189767,3
9843.340569,13.25778429,1305.00886,812.0754231,85.47327682,20.60393106,226.7651524,1.211611824,3.333333333,0.016261604,1
3943.127321,39.47916907,1556.713902,875.8325391,59.70548486,18.63253139,93.60800775,1.128695028,1.866666667,0.011475489,1
6860.582996,9.980637856,684.7299437,1180.018573,89.91252698,17.30226642,276.0153974,-0.962239357,2.133333333,0.006760873,3
2464.717139,39.13549757,964.5793162,872.659787,59.6077588,15.59922389,75.33794149,1.640769765,0.4,0.009558269,2
430.1669121,45.92705145,197.5629791,780.2130505,48.94383194,7.528895847,44.9118877,1.059081463,0,0.00630073,2
2335.498484,24.88767717,581.2513231,863.4509502,74.09017807,12.97572512,72.91602063,-0.113364857,0.066666667,0.008160774,3
2004.423887,31.97780511,640.9707643,878.0367155,67.28672895,13.43515172,80.40246689,0.151225342,0.133333333,0.008007228,2
5239.949282,39.78778366,2084.859684,1039.730286,60.16446524,23.63620696,108.5186721,0.098676751,3.533333333,0.009215486,2
3289.23029,41.90388757,1378.315363,609.268518,48.63952602,18.32652659,115.6798945,0.267942953,2.133333333,0.02376738,2
1183.172132,35.95708296,425.4341852,782.3376988,60.31008667,11.71262009,52.54366244,0.014481254,0,0.009629824,1
1445.517442,43.58957448,630.0949022,856.9650399,53.81417806,13.63028015,48.9256389,0.074375469,0.133333333,0.009342408,2
6836.496699,7.038552428,481.1904044,1025.703688,92.41002501,15.71285899,367.2178846,-0.534654774,1.266666667,0.010131391,1
4405.648778,26.8848497,1184.452052,891.0429136,72.41254585,17.75738403,110.477937,1.13484009,2.133333333,0.010471481,3
3924.999495,33.60461167,1318.980838,866.6058614,65.36690145,17.83495078,88.70363033,1.158683233,1.6,0.011136897,1
1819.17958,31.90699418,580.4455226,956.4584213,67.95777541,11.9872862,51.81930008,0.442402275,0.2,0.005657011,2
4461.5622,23.98332752,1070.031075,1102.575296,75.96952005,17.99762584,175.8601113,-0.88624052,1.266666667,0.006736331,1
1353.391247,28.56800069,386.6368209,728.3804662,69.06605348,9.498824913,52.0967461,0.326918364,0,0.007393289,2
1030.618977,34.29554648,353.4564102,830.4190306,63.80700494,9.749921146,50.31288397,-0.328215522,0,0.006639789,3
2958.013528,64.50590376,1908.093359,677.1849118,31.72269364,19.16848529,76.70068054,0.514733126,1.066666667,0.01669456,2
1084.46246,35.83455645,388.6123124,828.527522,62.3622331,9.82875346,51.06558562,-0.440838323,0,0.006714893,3
2792.704753,15.102957,421.7809982,790.3417326,83.93181134,10.99869952,74.17249627,0.535451886,0,0.007255729,2
3249.225108,18.56045201,603.0708669,735.4632913,78.73203854,14.17750722,117.0221881,7.014113245,0.6,0.013414652,2
3435.388656,68.67112244,2359.119951,726.8629923,28.05998352,21.67852321,76.54298235,-0.469267759,1,0.015719682,1
2440.071405,30.4991666,744.2014428,858.4564274,67.32052763,15.09055166,65.7966583,3.78705216,0.666666667,0.01052107,2
916.6421422,36.83520693,337.6470299,788.0993456,60.2268526,10.60534617,56.67188326,0.718704178,0,0.008376358,1
3549.800104,44.25561359,1570.985817,1032.13354,55.47344045,20.58086074,98.97000243,-0.868235457,1.533333333,0.010196504,1
3881.903268,71.36484324,2770.314182,757.3131654,25.53493119,24.6118374,76.18680835,-0.889642939,3.2,0.017703993,1
2517.205873,34.39724486,865.8494677,907.3278604,64.67839625,14.30347583,108.2940708,-0.65386849,0.733333333,0.008371627,3
3111.846649,62.20403802,1935.694273,705.1434621,33.97192073,20.60426403,72.39865214,0.549659302,1.2,0.016627537,2
4374.30773,46.94893572,2053.690925,922.0387915,52.60833867,20.92894028,122.3846225,0.674341627,3.466666667,0.010833835,3
1572.026788,29.38364928,461.9188382,739.9318389,69.40541568,9.468966752,57.59470546,-0.302132485,0,0.006253784,1
1347.793911,47.58568069,641.3569068,788.2878709,49.65908702,13.43415527,58.7336831,0.021866074,0,0.010183334,2
3532.47299,66.0572195,2333.453437,722.5488061,30.04452625,22.2098147,71.31560616,-0.132930422,2.2,0.017061791,2
1664.547011,24.42844897,406.6230172,763.3921495,74.02930665,9.633333382,61.17367934,0.249814988,0,0.007040357,1
2691.876649,37.25271822,1002.797223,860.7328374,61.34070665,16.11100098,73.26197131,1.641106721,0.666666667,0.010193586,2
3870.618327,19.0740346,738.283079,890.2776695,80.59390062,13.8075245,96.02366891,-0.181296825,0.133333333,0.006934821,3
1719.088762,22.91510744,393.9310367,760.3093536,75.5898763,9.99554864,59.48067002,0.583290288,0,0.007216537,1
3634.240361,25.47998761,926.0039939,771.8073285,73.19532592,14.83736299,110.7882671,-0.622776526,1,0.012317938,2
2974.526155,26.29110763,782.0358728,856.7172743,72.78748741,14.11399058,78.59112796,0.112550256,0.533333333,0.008619892,1
1934.143154,25.19176856,487.2448669,842.2893772,73.23175485,13.5267415,64.58630368,2.155788936,0.133333333,0.009656754,3
3718.595751,45.73147417,1700.568656,792.9561274,52.30905003,18.98594969,114.0128028,0.160004461,2.933333333,0.013370903,2
2751.511619,27.66177474,761.1169462,721.0247947,69.57708787,13.81179442,63.8624433,13.25749318,0.666666667,0.011318114,2
4128.566047,25.76967123,1063.917897,1030.816918,74.13984263,17.19927764,169.2487021,-0.805346151,0.866666667,0.007207634,1
5486.509881,12.93747307,709.8157386,719.3741705,84.92513168,14.9323479,156.3615608,2.977473436,1.933333333,0.013676992,2
1070.548661,34.08570151,364.9040212,784.6151461,62.94007017,11.16264795,54.94804873,0.898187539,0.266666667,0.008872157,1
8930.409068,5.564890044,496.9674451,1188.571008,94.42207065,17.42154079,228.7975235,-1.080949211,2.533333333,0.00487127,3
3480.795651,35.39790867,1232.128865,795.3536461,61.15173633,18.43346713,129.4730981,-0.973272741,2.266666667,0.015662463,2
5634.226392,11.16907004,629.2906919,932.8802366,87.76367285,15.7332038,367.3235965,-1.170312584,1.666666667,0.014751412,1
6680.895866,17.16868863,1147.022209,654.0278723,80.85340895,17.41829265,158.7064685,-0.650157419,1.8,0.018246523,2
2399.508435,22.3571581,536.4618942,911.6096121,77.36144268,11.78198345,82.50140561,-0.031964709,0,0.005759959,2
4306.985452,28.87190018,1243.508541,1005.255741,71.02846357,17.87096389,146.5272884,-0.52660577,1.333333333,0.007429681,1
7814.987259,11.63491977,909.2674977,885.1984684,88.05801664,16.77695355,228.9222106,2.385831719,2,0.008684258,2
1428.038923,28.43046692,405.9981336,720.2137755,69.40786511,9.683363291,51.06621089,-0.244632727,0,0.007440717,2
3162.402088,35.1464816,1111.473068,900.691596,64.09761973,16.03192493,174.2535959,-1.252886765,0.6,0.008837463,3
620.6003171,43.18668227,268.0166871,705.3504635,48.94749685,9.35750818,32.66241589,0.686670577,0,0.009223225,2
2904.732984,16.08170386,467.1305563,810.1657192,82.79607267,11.68857921,74.98440228,0.168301283,0,0.007537487,2
8751.303135,9.246016476,809.1469297,1061.244757,90.65829503,18.0410984,322.8472509,-0.887141743,1.933333333,0.008525684,3
3424.408424,34.04386664,1165.801037,921.1787627,65.63458979,16.9877963,92.19062324,1.369472658,1.6,0.009433717,3
2940.971022,20.84220045,612.9630757,929.3655822,79.08392204,12.23558674,95.28239444,-0.545441514,0,0.004589736,1
4473.298441,18.55131512,829.8556898,851.1381122,80.45446379,15.70225286,107.2446708,4.925257127,0.733333333,0.011375816,3
2031.898952,33.87147169,688.2340782,841.8329565,63.72321715,14.21199908,82.75253675,0.958973148,0,0.010279924,3
2655.647883,24.90394373,661.3610546,868.689447,74.70509924,12.14287772,112.1924069,-0.01848685,0.666666667,0.006390552,2
895.6044044,49.1033003,439.7713201,788.2170211,48.00921295,10.94569907,48.43433227,0.145198729,0.2,0.008324067,1
3640.7864,67.39308388,2453.638233,724.7089778,29.15153271,22.65883798,73.93071182,-0.661264377,1.8,0.016739156,2
3935.591472,46.83251666,1843.136531,1014.313115,52.95421613,22.6803412,79.37020778,-0.400744696,2,0.011394775,1
3845.831281,40.32471279,1550.820419,1034.37949,59.54295788,19.8973997,109.8998167,0.337523944,1.733333333,0.009283976,1
1227.795525,19.44512628,238.7463903,834.9933967,79.02438954,8.54259701,53.46115935,0.85330406,0,0.005829312,2
3040.211536,27.97745761,850.5738935,664.9864917,63.57497433,17.61517711,122.9990067,-1.078486554,1.466666667,0.021747962,2
3743.903597,27.44074969,1027.355215,904.938094,72.19378383,15.63455075,137.2320865,-0.943844959,0.4,0.007660012,2
2568.498672,35.48773433,911.501985,656.9602404,62.56305862,11.82625595,79.7910866,2.658760807,0.466666667,0.009594592,2
3892.630475,27.89339058,1085.786622,1028.510345,72.00012312,17.03142707,167.2029278,-0.776634693,0.866666667,0.007196194,1
3320.373384,33.67129788,1118.012813,898.8662478,65.85421108,16.68473679,94.7476999,-0.364964486,0.733333333,0.009486687,2
4174.480757,46.23060503,1929.887711,1044.138911,53.68382422,21.18628845,125.1499641,0.717534657,1.466666667,0.008633142,2
1654.836559,37.58711538,622.0053268,738.8045097,61.35161622,10.37537741,73.09051739,-0.796160179,0,0.0066028,2
2154.067999,40.9468646,882.0233069,835.7913038,58.29539356,14.00717158,81.57372075,-0.039289239,0,0.007968806,1
858.4471036,47.21257682,405.2949983,788.2469529,49.59492709,10.9726483,48.44624427,0.149305525,0.2,0.008350308,1
2818.30747,50.6751595,1428.181805,778.240754,48.55313766,14.84347847,94.36314913,0.579242365,0.466666667,0.008250018,1
2625.531922,27.68877908,726.9777337,982.3989989,72.20797889,13.82113081,81.31412286,0.061610501,0.066666667,0.006116515,2
982.4612825,34.16982723,335.7053228,831.6174153,63.90464355,9.608844917,49.31556424,-0.253798733,0,0.006609652,3
2823.742744,27.6977191,782.1123332,859.0210878,71.62166426,13.3193496,96.1107441,0.673473115,0.4,0.007769481,3
920.7750011,33.32929035,306.8877736,896.3101464,65.44173657,9.021776019,55.8161882,-0.414464627,0,0.00564476,1
5414.898385,44.34184654,2401.065932,1033.013458,55.60901213,23.49641538,107.9712045,0.172077911,3.2,0.00923177,2
1913.537132,21.62809889,413.861703,750.0192379,77.37770024,9.302229404,86.65242681,-0.886649677,0,0.006518916,2
4356.877997,44.56527006,1941.654445,1036.155486,55.35508548,22.0888962,96.64123193,-0.50690633,2,0.009406892,1
3244.675306,68.55614814,2224.42441,724.3539748,27.74310091,22.13426611,74.27973415,-0.529501245,2.066666667,0.01655776,2
5204.149826,19.63765422,1021.972948,864.5970623,79.69864353,16.32472169,247.2655859,-0.557092248,1.6,0.010354427,3
1982.728556,65.0417075,1289.600508,807.422987,32.4787117,18.64398478,55.45699442,-0.25849211,0.266666667,0.012869299,2
4120.48792,19.56302542,806.0920991,780.4442474,79.23376989,14.17847607,156.6059392,0.168133649,0.666666667,0.010389167,2
4868.195459,11.35654806,552.8589571,739.7055529,88.326687,11.35911695,242.5138155,-0.875776649,0.933333333,0.006969238,2
744.4148506,37.98153691,282.7402013,727.8642181,57.24447327,9.496527482,43.85506983,0.005177897,0,0.008253245,2
1514.586041,24.59385172,372.495045,732.1120594,73.48889744,9.538124666,63.4477614,-0.230288579,0,0.00724387,2
4296.774671,45.71619921,1964.322068,981.8650209,54.10260929,22.04097054,117.4440962,-0.195908096,2,0.010906615,1
3730.349079,4.026842897,150.2152969,917.7003987,95.66731795,9.968676362,514.8545443,-0.83710989,0.6,0.006000688,2
2804.276071,56.69132727,1589.781325,828.9943584,41.24602128,21.44229177,67.3508125,0.400299085,1.533333333,0.014699949,1
1445.45383,39.90386945,576.7920091,808.8472818,56.67197029,13.58330646,52.9553158,0.306306457,0,0.010312164,1
4135.67571,46.29355013,1914.551108,986.0985431,53.47481488,22.63602681,113.8347944,-0.335277381,2.266666667,0.011487336,1
9331.62084,11.96413593,1116.447802,858.4908125,87.5682018,17.46439,292.1909182,0.133480961,2.266666667,0.012312468,1
2991.199309,64.89233105,1941.058958,700.476385,30.89785818,20.40909764,66.45101374,-0.267536037,1.066666667,0.016612052,2
4010.521456,77.28467038,3099.518288,784.9007835,19.53825474,26.14957688,78.24109228,-0.647606292,3.866666667,0.018118316,1
736.3290882,42.51842139,313.0755045,729.3251196,50.92628949,10.19307675,39.74455716,1.00132402,0,0.009475612,2
1806.640357,50.51317177,912.591347,840.8128708,48.98081642,13.11415759,59.57140229,-0.379778245,0,0.006686156,1
1506.844955,42.85275986,645.7246502,831.0337158,55.46129595,12.77127668,71.73678755,2.234515559,0,0.008421698,2
6667.528414,15.66301124,1044.335725,1099.32983,84.16896705,18.12762119,317.4378798,-0.77012304,2.933333333,0.008154823,1
2370.167692,38.45074001,911.3470169,835.8305611,60.90047483,14.19021014,83.35821248,-0.170865753,0,0.007909188,1
1743.7604,14.88212219,259.5085535,638.5078203,82.93276036,8.278420997,100.4770238,6.464830225,0,0.008627115,2
1127.531534,43.79304465,493.7803881,923.6240144,55.62417884,10.8762154,80.03818183,-0.471303216,0.2,0.006009164,3
1563.64555,28.75952132,449.6969752,847.8002259,70.39420659,10.20904009,61.70210711,1.604896162,0,0.005744651,2
3779.686967,53.07998981,2006.257457,1005.274264,46.70604131,22.45282259,99.26603608,1.269653041,2.4,0.011147447,1
2058.952097,37.90254414,780.3952273,786.5576055,61.03180361,12.33460845,69.85338762,-0.188821694,0,0.007589557,1
3890.563149,20.00121778,778.1600081,895.8965413,79.76817227,13.88486615,94.16211202,0.10742439,0.133333333,0.006553686,3
2234.234464,63.09476622,1409.685012,819.9880757,35.28981892,19.61777454,56.30332032,-0.338075316,0.4,0.013308836,2
1178.601755,50.11385674,590.6427951,746.5739848,41.01294531,14.59922307,45.20399747,-0.310660081,0.066666667,0.013663739,1
1054.720722,49.96507964,526.9920485,727.6876684,42.35746157,12.64134534,70.49981656,-0.337753472,0.066666667,0.012487691,2
6591.573403,13.3444737,879.6107792,970.9491781,86.55333166,16.75863322,159.9321122,1.239913435,2.066666667,0.006743023,3
3374.807143,19.70071844,664.8612531,710.38795,78.78260595,12.05514113,114.4504032,0.39293774,0.266666667,0.009552949,2
1242.425313,62.05545868,770.9927269,787.0148885,36.81035723,12.65114874,46.96114131,0.290238747,0.4,0.008202513,2
1913.702424,28.82246814,551.5762714,927.4798011,70.6688431,12.35513865,63.86387945,0.036219857,0.133333333,0.00654069,2
1697.175521,20.33843749,345.1789825,896.2444692,79.07966506,10.02980514,60.23011904,0.057815377,0,0.005307801,2
3801.154334,19.56091323,743.540501,731.3685165,78.56515903,15.43330354,96.63153083,1.740420931,0.2,0.012722454,2
2458.724583,24.33519172,598.3353411,782.6307338,75.0883225,11.22445203,73.34578381,-0.293093184,0,0.006576396,2
7888.703704,10.8620413,856.874254,921.6405594,88.93698033,16.44885578,217.9980842,2.548475395,1.733333333,0.007807412,2
3727.532443,33.04776624,1231.866208,618.1914088,62.08113628,17.19797617,112.0804246,-0.49400642,2.6,0.021766596,2
1894.19518,57.54377626,1089.991437,839.2292777,41.85773574,14.37850866,61.91428804,-0.130126946,0.133333333,0.007674533,1
3714.785663,29.49614474,1095.718556,705.2800445,65.23282007,19.39405502,148.8308956,-0.188276904,3.466666667,0.017580553,3
4529.646475,17.7773553,805.2513478,713.1419984,78.10508911,17.40780633,148.8074977,2.259917758,1.4,0.019848604,2
1559.828659,22.98158671,358.473376,732.6826927,75.12443773,9.432360457,63.46053182,-0.240553985,0,0.007219876,2
3919.511949,47.54130824,1863.387257,990.3115992,52.28538882,21.43672715,99.63984744,0.844161374,1.933333333,0.010447833,1
2030.323109,43.7879206,889.0362711,814.9277847,54.16983125,14.61442535,78.69755685,1.26271522,0.866666667,0.009982448,1
6796.650869,7.545701033,512.8549549,1111.646314,91.81903376,17.30034319,399.0628371,-0.772518878,2,0.015567016,3
1490.887764,38.34326732,571.6550806,866.5904533,59.65670892,13.7355389,57.37845383,-0.461020729,0.133333333,0.009742511,3
2029.721553,37.33516636,757.7999185,866.6866968,61.9474591,12.8084501,76.17588556,2.704865388,0.266666667,0.007251874,3
3776.445431,23.73120143,896.1958721,901.1836879,76.07317441,14.63609912,99.58446166,-0.332783567,0.4,0.006421339,2
4169.803391,22.39158983,933.6852721,932.9275326,77.24928342,15.92470664,97.44665662,0.598381154,1.133333333,0.008270011,3
2523.262114,35.43122387,894.0226486,830.6881737,64.04677069,14.01353446,85.84629749,-0.378431747,0,0.007747668,1
1892.729692,22.15296428,419.2957325,1031.939743,77.80957614,10.85237748,78.91029655,0.424020997,0,0.004077171,3
3906.796658,29.40605511,1148.834778,1081.492362,70.57182305,17.63175145,88.99259818,-0.261911195,0.466666667,0.006614137,1
2319.823508,26.15660873,606.7871581,736.1260934,70.08132946,14.07911358,126.3299913,0.611667891,0.8,0.016893561,2
2659.972743,39.87907947,1060.772644,782.2478408,59.14882549,14.07270734,70.98397065,0.282286124,0.2,0.008187934,2
784.1746419,31.5357401,247.295277,776.5618112,64.80805359,8.939408503,45.17014455,0.092278568,0,0.007246574,1
6928.182401,16.7943809,1163.545342,947.2291729,82.75274163,19.01470951,174.3718129,1.131104842,2.466666667,0.010440663,3
794.9170684,31.4067422,249.6575544,774.0374535,64.95682897,9.039277226,46.33604782,-0.189739523,0,0.007358986,1
5465.232046,13.09571451,715.7111858,928.1593644,86.68658865,14.62456136,196.2454375,4.678980471,1.2,0.006908057,2
1826.924614,24.54402933,448.4009131,760.3040333,73.8769199,10.02075262,59.52145924,0.574585749,0,0.007220791,1
2508.496362,39.55860501,992.3261676,870.6158006,59.07760962,15.63747136,74.5925522,1.66004359,0.4,0.009695238,2
2156.020441,31.63157334,681.9831869,877.8591827,67.67496065,13.42141604,80.28000379,0.159912587,0.133333333,0.008013234,2
1724.802748,21.45605337,370.0745981,613.4696686,76.73035194,8.590577015,70.86745452,6.794320293,0.2,0.00750041,2
2641.681958,39.14479636,1034.081023,784.2297105,59.76626793,13.85385136,70.87423326,0.627887322,0.2,0.007939401,2
1303.325247,43.71628909,569.7654327,778.7679792,51.09005473,13.36611063,51.87599227,0.935241507,0.4,0.011149457,2
6237.540455,12.16109761,758.5533834,971.6974734,87.52278983,17.0484581,237.7975775,-0.580496742,1.866666667,0.009216453,3
6506.033059,8.398165481,546.3874225,1031.295401,90.97941866,15.27129303,386.4933592,-0.785211925,1.2,0.010771535,1
4431.156486,13.56251694,600.9763489,924.7950077,85.75798309,13.89881019,372.9787115,-0.884526832,1.133333333,0.009179997,2
1679.348436,23.64081143,397.0115971,768.0755164,75.11685426,9.73224135,65.71312107,0.313462816,0,0.006273122,1
4654.511025,13.51412033,629.0162208,935.1720482,86.15934777,13.69908457,365.7469505,-0.851451244,1.133333333,0.007333536,2
3158.51128,43.84286547,1384.781851,805.0920307,54.66601928,17.06903212,88.6804043,-0.029420217,1.666666667,0.011083412,2
6736.665521,15.74200364,1060.486132,946.0922772,83.86783497,18.90440835,169.2130134,1.604298851,2.4,0.010461133,3
2361.831481,27.57705252,651.3235079,777.7416016,70.99115122,11.81984398,61.98417915,0.226083014,0.2,0.007860814,2
3576.912121,68.16595596,2438.236342,727.281212,27.52450711,23.10046919,70.06398661,-0.181808372,2.6,0.017719377,2
3525.042874,51.61841572,1819.571285,932.9348354,47.62211868,21.64867348,96.70116772,-0.284368472,1.866666667,0.012214136,1
4029.478745,41.76187075,1682.785705,983.5388151,58.00135495,21.77216864,96.44677768,-0.158219986,1.266666667,0.011109572,1
1866.485503,51.78929728,966.6397259,830.5040128,47.62976479,13.50299147,62.24092287,-0.162499257,0.133333333,0.007079828,1
1396.039946,30.54871227,426.4722264,766.3971058,67.51774246,10.19308927,51.58903992,1.826806407,0.066666667,0.007561533,1
1456.119829,24.0950585,350.8529247,768.5076069,74.56699934,8.967612644,52.50246431,0.425064869,0,0.006166731,1
3038.87798,26.15631133,794.8583855,869.6838801,73.188989,14.05631014,76.54816892,0.44177281,0.333333333,0.008091891,1
2878.37345,66.16640099,1904.516119,700.2447818,29.61135037,20.44449958,68.58630256,-0.386838224,1.066666667,0.016462471,2
5820.098697,24.75354284,1440.680624,1073.017,75.22498394,20.09009234,139.3807837,1.139917912,2.333333333,0.00749541,1
1380.593978,60.00123656,828.3734584,790.8986722,38.74288775,11.88424275,51.32156202,-0.179177719,0.133333333,0.00670041,2
1581.14985,37.38295439,591.0805274,967.8610046,62.44787944,12.43048144,53.82567462,0.139294816,0.2,0.006187862,2
2691.60421,20.95998304,564.1597858,949.770177,78.98943955,12.01303713,68.81900682,-0.043308803,0.2,0.004239109,3
4525.008251,34.52275173,1562.157364,723.3010856,62.04636297,19.65557918,137.2741469,-1.089631302,3.066666667,0.018302684,2
2013.293285,27.36298962,550.8972327,714.2893339,71.42256665,10.48675695,120.9054618,9.649372185,0.2,0.007129213,2
2590.51612,21.15886436,548.1237922,931.1769723,78.61853226,12.46429407,69.87265356,-0.249013448,0.133333333,0.00597492,2
1587.074552,21.71620827,344.6524152,896.6362077,77.68277386,10.01192701,59.83040809,0.116384532,0,0.005315572,2
2454.02045,36.7265542,901.2771507,797.6133606,61.69042723,14.07752577,62.57026238,0.13403418,0.466666667,0.009067622,2
4226.187282,24.75803103,1046.320759,943.6822046,75.14389968,16.18627202,119.0218783,-0.432045868,0.733333333,0.0063236,2
1982.599308,58.5947328,1161.698767,831.4201844,40.68518101,14.63333754,62.37602329,-0.173312059,0.133333333,0.007870206,1
6418.836595,13.2737979,852.0233969,973.3229994,85.40914767,18.62919912,260.6526177,-0.461068214,3.066666667,0.014168543,2
775.1452089,38.01871432,294.7002425,767.8030815,58.17082949,8.928895832,56.68708265,-0.722043941,0,0.007357456,2
1336.57507,44.40425443,593.4961945,870.865611,54.29850322,13.92882295,62.20775106,-0.2286437,0,0.009259856,2
2684.982627,27.73173154,744.5921739,853.6811534,70.2348638,15.16114436,68.7379879,3.198413121,0.733333333,0.010512798,2
1906.949203,39.16964079,746.9451526,763.6736153,59.74018103,11.87398344,72.45798506,-0.075023823,0.2,0.007626165,1
1814.678049,33.02884951,599.3672819,812.1831856,63.69988179,14.43453331,61.2903123,-0.198287174,0.066666667,0.011409901,1
2322.244887,29.22752326,678.7346644,878.0922794,70.50893305,12.36374593,67.21958948,-0.567789724,0,0.005299329,2
1748.514718,22.23315948,388.7500658,717.283705,75.91159208,9.469657371,58.52421152,-0.456203305,0.133333333,0.007711044,2
1713.283888,22.33722304,382.7000434,760.3590834,76.26983914,9.716525983,59.45323653,0.581696927,0,0.006940113,1
1801.284748,54.57500535,983.0512476,815.078632,43.36105965,17.32208481,53.16185565,-0.064157678,0.066666667,0.012164029,2
2161.924165,18.97408312,410.2052881,921.3146302,80.83733845,10.81192806,63.87290636,-0.344284248,0,0.005019513,2
11643.38507,9.090597566,1058.453279,846.689913,90.08829799,19.57780402,223.6852695,-0.036247749,2.666666667,0.012904911,1
8267.914492,10.68577917,883.4910843,924.0741056,88.61503654,17.21011641,333.838748,-0.152763227,1.6,0.012214064,1
2470.348033,58.2509143,1439.000316,807.3214186,39.70808508,19.20060904,64.64013369,-0.062289694,0.4,0.01336694,2
1469.032837,44.27986584,650.4857691,858.4737083,53.41072059,13.71114999,49.39905986,0.028465774,0.2,0.009231853,2
3151.212163,36.57820088,1152.656715,817.03286,61.58952085,17.23671812,119.8830335,-0.768443923,1.733333333,0.012811828,2
1429.113251,58.6010827,837.4758381,793.7203675,40.53362748,12.16904677,48.82565035,-0.226003243,0.133333333,0.006646084,2
2369.230287,55.06039977,1304.507668,803.3816087,42.42976598,18.55181495,68.43745083,-0.144394872,0.266666667,0.013273845,2
3608.546644,32.18545941,1161.427315,707.696278,64.27579349,17.02908901,83.1420053,6.435291376,2.066666667,0.015240376,2
6407.909693,22.11310762,1416.987967,996.1520161,77.45001805,20.69042603,174.7890238,0.060265824,2.866666667,0.011467143,2
2838.978518,37.25046284,1057.532638,836.3179661,61.79641435,15.70270474,109.8388998,0.131522164,1.533333333,0.009629347,2
3155.334611,32.22997226,1016.96347,853.623835,66.02902995,16.55409049,138.7689034,-0.539519165,1.266666667,0.012598148,2
1186.34974,53.8249933,638.5526679,570.5843085,42.91527042,8.971784345,48.00503963,2.179061243,0.133333333,0.008928965,3
2419.832554,27.62334948,668.4388032,857.6775229,70.45189262,14.97549068,65.45890379,3.942397493,0.666666667,0.010477851,2
4365.512372,24.6692752,1076.940261,1129.085098,75.29244422,18.29340732,170.0143449,-0.52229048,1.2,0.006808699,1
9542.057466,6.680978844,637.5028405,1186.987838,92.97102535,19.43564671,414.8813669,-0.679833732,2.933333333,0.015683517,3
1459.440162,57.66914028,841.6465944,789.7173441,41.12343211,12.02744476,52.43138332,-0.272492207,0.133333333,0.006689131,2
3178.134996,60.10136349,1910.102466,703.9187227,35.96444195,20.50430754,72.98639904,0.511613266,1.133333333,0.016491077,2
2348.283146,32.63621322,766.3906945,764.3466533,66.43891526,12.08119396,72.95577288,-0.424872974,0.2,0.007390574,1
3921.532339,40.88788066,1603.431463,998.7509981,58.90249192,21.39860766,90.38656625,0.067440695,1.133333333,0.010703045,1
3359.390483,45.11515714,1515.594295,923.602361,54.0356849,19.49103234,95.60956719,-0.10396457,1.533333333,0.011492271,2
2895.136696,64.79706146,1875.963504,697.7688035,30.90177666,20.10286967,67.07104543,-0.315301716,1.066666667,0.016297011,2
2865.893285,29.3457138,841.0168413,698.8229198,65.52157645,15.94236735,130.3268668,-0.117202159,1.466666667,0.019814219,2
2928.340941,64.27974407,1882.330063,697.3447444,31.42255031,20.19835021,66.63713581,-0.271960622,1.066666667,0.01655572,2
3705.063106,23.89911133,885.4771566,907.9024263,75.93828458,14.86974561,113.8460591,0.372711588,0.8,0.006058031,2
6412.707239,14.98801519,961.1375353,897.1435662,83.75339502,18.06455621,254.2511013,0.454570558,2.8,0.014260219,2
2117.551568,29.97317524,634.6974422,648.3527712,67.33543734,11.18760578,103.1402564,4.818537816,0.6,0.010212976,2
5831.950643,15.7482178,918.4282895,793.7970713,82.61414092,16.88648822,216.8767409,1.289223046,1.6,0.016338716,1
2766.175736,51.77600302,1432.215233,673.1045903,42.30512771,16.67583334,90.91748815,1.548293707,2.333333333,0.017297999,2
2925.438531,25.02620104,732.1261279,823.9881645,74.2341748,13.72182588,208.9639409,6.325050744,0.733333333,0.009161315,2
1984.822016,22.38460466,444.2945614,607.6442766,75.9204235,8.563636372,72.62219925,6.697677163,0.2,0.007399733,2
1510.752696,62.17325422,939.2841144,796.2270126,35.65559751,13.48969567,48.78882926,0.017801656,0.466666667,0.008700953,2
4361.039076,13.26956057,578.6907219,926.9617918,86.10575965,13.98229007,371.6618974,-0.874376266,1.133333333,0.009145306,2
1485.571888,45.24960175,672.2153629,789.2696707,52.24643702,13.31365865,61.45923201,-0.057152287,0,0.009865251,2
6748.795774,12.08476476,815.5760931,935.4404304,87.83235206,15.39303,148.157748,1.569775022,1.066666667,0.005857461,3
3467.895919,41.98479407,1455.98896,883.330189,57.65193971,17.04092651,89.24517667,1.703626339,1,0.008417505,1
928.3823843,47.5464306,441.4126861,885.8932593,51.18443311,10.14763724,70.46597389,0.6442726,0,0.006255219,3
3320.923072,38.61745899,1282.456106,937.4677897,60.92218475,19.47533963,71.79526894,0.357727701,0.866666667,0.011031823,1
9900.9881,7.352267981,727.9471778,1040.828892,92.54151635,18.28462858,314.8838315,-1.152993906,2.6,0.00804897,2
4494.71966,49.71239518,2234.432799,1028.157457,50.2091017,22.65870638,94.21802177,-0.403487317,1.666666667,0.009267967,2
3995.99972,29.68937395,1186.3873,1067.228048,70.29197251,17.60436313,90.2666814,-0.266572155,0.733333333,0.006561303,1
1629.439849,41.89499794,682.653791,825.6471914,52.05052425,15.50287358,94.69824846,1.455498072,0.733333333,0.013266227,2
1062.391875,36.94184269,392.4671352,954.2755706,62.76968785,9.611094056,61.71006383,0.281704936,0,0.004854021,3
3769.635157,27.52395911,1037.552839,899.7818668,72.12641282,15.61671786,137.2945289,-0.914210454,0.4,0.007661191,2
3543.546992,72.85998251,2581.827719,725.5043112,22.84929923,23.76255544,79.10189034,-0.437965455,2.133333333,0.018286504,1
1226.036961,47.82593466,586.3636361,730.8341838,46.20886846,12.85858624,61.38223455,-0.394006818,0.066666667,0.011907115,2
2665.418416,22.6566995,603.895841,929.8408194,77.09060988,12.48748949,82.08129518,-0.545923419,0.133333333,0.005220392,3
2992.399949,29.53882205,883.919696,885.4403564,70.0980096,14.25679732,95.57954584,1.605749329,0.533333333,0.007444153,3
4453.944601,42.42382721,1889.533761,920.2943052,57.29247133,19.06405193,116.3424074,1.033284331,2.6,0.009271062,3
3779.221337,47.20686132,1784.051775,1025.88534,52.65324304,20.3064241,128.5276549,0.188224449,1.2,0.008591376,2
5275.024579,14.10443977,744.0126648,929.1816276,85.63885489,14.62869674,151.3654422,0.391381221,0.733333333,0.007099444,2
2675.70064,46.44267492,1242.66695,666.3392507,51.41841236,14.09786318,81.14609928,2.404547058,1.266666667,0.011334647,2
4412.18718,41.45542874,1829.091112,1003.895636,58.41560892,21.34208979,89.66385609,-0.281595666,2.266666667,0.009436432,2
1014.301191,33.25794994,337.3357824,894.7758378,65.49212641,9.495295467,56.54816073,-0.494411245,0,0.005911034,1
3689.727151,72.93568038,2691.127601,761.6233126,24.11523764,23.31033341,81.28790277,-0.631525958,1.933333333,0.016129178,1
1203.490112,50.63230141,609.3547411,746.7069999,40.52367845,14.54097687,45.05657305,-0.297436043,0.066666667,0.013599753,1
4570.936288,41.27710763,1886.750291,996.1919199,58.63153335,21.89891895,116.6878951,3.148821136,2.333333333,0.009541971,1
2908.77378,22.18873731,645.4201731,867.6861687,77.4592799,12.14683989,112.2634087,-0.052004215,0.666666667,0.006243028,2
1666.854308,43.8200955,730.4171494,824.5908711,50.49018439,15.41107426,94.57308408,1.417124229,0.733333333,0.013242412,2
3404.244685,27.72512456,943.8310794,887.2577092,72.14942328,14.22962952,88.34527541,-0.455077732,0.333333333,0.005712765,2
3348.71122,40.05100665,1341.192554,937.7471428,59.44442617,20.09059221,72.11904736,0.296238873,1.133333333,0.011617069,1
3139.569225,29.95575621,940.481703,644.9467139,60.79026341,18.1480222,120.7099626,-1.065528443,1.733333333,0.022930736,2
4879.485811,21.74924078,1061.251118,1037.223771,78.19748141,17.4683141,175.150978,-0.988746884,1,0.006927294,1
5522.656673,35.87782219,1981.408941,1037.687719,64.05887404,22.69772545,125.1818101,1.062188473,2.666666667,0.009283824,1
3159.009875,33.34954366,1053.515378,755.657492,65.6027813,14.14766475,85.99655601,1.090697663,0.6,0.009003268,2
1854.793675,25.29522832,469.174295,749.896256,73.6320217,10.32204519,82.63308821,-0.416210663,0,0.007374479,2
3511.508364,66.84208931,2347.165557,729.950312,28.85214012,23.29282852,80.88534462,-0.613889351,1.6,0.017964915,1
2113.354184,34.88878543,737.3236065,981.3697812,64.96668301,13.73646248,72.73807164,0.399097126,0.2,0.006416504,2
1319.272731,63.28643017,834.9206156,600.0056265,33.2022392,11.34503276,87.74329878,0.946222944,0.2,0.009763594,3
2456.805963,26.07260728,640.5533703,882.565983,73.59205219,12.39805617,87.10481832,0.781034004,1,0.006315868,2
944.428727,41.47162594,391.6699489,746.487352,55.12752881,9.611443836,61.95649752,-0.634273843,0,0.007509869,2
2036.006008,32.80818998,667.976719,879.5659733,66.47519993,13.47056204,77.72563288,0.179432174,0.133333333,0.008003302,2
3553.692807,67.61228986,2402.733081,726.6788365,28.35897828,22.74528381,79.18918224,-0.600170217,1.8,0.017386811,1
960.3797631,42.3767245,406.9774864,751.8889567,54.74030826,9.803282764,64.68234217,-0.612456251,0,0.007643415,2
3403.031646,34.15825475,1162.416219,930.3197566,65.50041956,18.00216505,113.7337412,-0.237062561,1.066666667,0.009618696,1
1233.819507,46.67909373,575.9357643,804.5745001,48.16170657,14.61071859,61.98901536,-0.22467271,0.066666667,0.012283906,1
3827.158455,49.37799351,1889.774054,977.5604061,50.10719534,23.28184123,93.93095712,-0.221914872,2.466666667,0.012834294,1
1147.242977,27.24945364,312.6174433,662.9564878,69.67471189,9.068774332,49.29224029,2.948456942,0.2,0.008156022,2
2641.392514,23.50631135,620.8939485,932.7982301,76.41775324,12.54157827,79.94194117,-0.380232188,0,0.004702477,1
1940.967144,20.51886709,398.2644686,734.3063988,78.04375465,10.22045999,62.15438936,-0.198990247,0,0.007435031,2
6243.292839,13.75940567,859.039989,924.4287173,85.77394296,17.54345574,206.2851957,0.325557186,1.866666667,0.010057789,3
1868.330539,20.96251143,391.6490028,616.3531567,77.34344825,8.92868149,72.25190906,5.769718881,0.2,0.007460635,2
2238.510245,35.66669247,798.4025649,904.3403646,63.27211909,14.16626126,107.524878,-0.611493113,0.733333333,0.008284174,3
9619.197331,14.02208921,1348.812431,816.3631978,84.74948083,20.8552122,226.6497248,1.12348362,3.533333333,0.016518642,1
941.9348066,29.83430947,281.0197452,819.6586228,67.97583196,8.651766091,51.32784703,-0.579785935,0,0.006417276,3
2787.005224,65.2831031,1819.443494,837.3457148,32.73782519,21.45265371,72.53479267,-0.340595216,0.866666667,0.013801227,2
3796.23948,17.65521783,670.2343495,776.1368855,81.07233068,13.66653137,158.3870382,0.16852736,0.6,0.010104669,2
2133.386405,36.85078551,786.1696482,965.6051086,62.87551476,14.2542239,76.99908319,0.317813259,0.866666667,0.006972558,1
3415.226416,68.38614935,2335.541837,724.1219083,28.1720417,21.97710814,72.89778412,-0.498089875,2.266666667,0.016329046,2
2280.783335,26.88745254,613.2445367,892.5894085,72.89146035,11.75283828,65.89072489,-0.497088038,0,0.004681571,2
1897.968177,33.04436726,627.171575,908.5465835,66.80818503,11.17258094,107.0447475,-0.899930548,0,0.004470241,2
8969.947648,9.579094024,859.2397191,1068.912801,90.33993878,18.20718438,195.8825935,0.196099932,2.2,0.006510225,1
3786.332643,35.14081375,1330.548102,633.1538508,60.24153426,16.53047919,114.3635279,-0.356604768,2.333333333,0.018343132,2
482.7968151,39.58071946,191.0944529,579.1417915,55.90519224,5.700471487,28.69227773,1.113618448,0,0.006769396,2
4125.479806,49.66313468,2048.842592,984.4423242,50.13938786,22.7713732,116.4970182,-0.421748869,2.266666667,0.011266186,1
4687.309081,38.28574621,1794.571259,893.6222036,61.2856212,18.35301345,126.8686331,-0.177659113,2.666666667,0.009276195,3
3661.693427,67.57715211,2474.468136,729.2257475,29.25251883,22.65649831,75.42883328,-0.644905211,2.266666667,0.01648646,2
1277.296534,42.67638308,545.103962,796.9545756,51.14645906,14.66341523,63.73106113,-0.368940246,0.066666667,0.012652135,1
3165.017394,29.37709037,929.79002,897.1079634,70.52805082,13.98186112,82.88622306,-0.303835221,0.333333333,0.005241207,2
1879.340958,23.0499785,433.1876866,612.5628224,75.21086972,8.735543123,71.69946213,6.49227295,0.2,0.007629811,2
3304.181241,50.27076982,1661.037346,1004.444964,49.5827729,19.91035664,86.93905675,1.207872794,0.8,0.009324751,1
4055.314466,26.45532466,1072.846608,1078.439982,73.51791082,17.70081453,93.67260849,-0.423403966,0.666666667,0.006941674,1
6349.18018,17.76266023,1127.783302,905.766918,82.1244294,16.83456897,153.0398123,0.531376589,1.533333333,0.007639971,2
4240.457139,25.13429261,1065.808905,928.0019845,74.75125394,15.77756393,101.6325534,-0.410685788,0.6,0.006382823,2
1786.768465,26.68716121,476.8377807,727.9719671,72.24165554,9.39336265,61.54096604,-0.150374342,0,0.006378395,2
1134.021274,36.58501076,414.8818052,778.8059464,60.48531555,11.40594088,56.46076318,0.412175335,0.266666667,0.009031765,1
4277.623781,28.51466204,1219.749964,941.4566564,71.35840953,16.9870192,126.5664418,-0.631378089,1.066666667,0.007016042,2
2053.952224,37.95408606,779.5587948,865.4346052,61.33197857,12.81967615,76.647758,2.513059372,0.266666667,0.007244919,3
3541.73302,29.0925442,1030.380245,1103.253414,70.8922758,17.22129139,93.55424396,-0.580412166,0.8,0.006425771,1
1528.132372,39.7018178,606.6963302,800.6837587,56.82017089,14.12795469,51.4989849,0.128521474,0,0.011051524,1
2578.653159,52.5917715,1356.159377,805.5933272,45.53279649,18.97638177,63.16937486,-0.598914534,0.2,0.01304892,2
2896.124282,20.81174953,602.7341315,765.1084401,78.61921547,11.1530577,113.5871824,7.315166072,0.333333333,0.006521586,2
2998.187949,59.78046459,1792.330685,706.0042488,35.72729293,20.25781509,74.80906222,1.058136114,1.133333333,0.016803034,2
1587.273832,42.23281178,670.3503698,854.0761086,56.98267417,11.77876623,52.70487794,1.036899394,0,0.00643733,3
2117.963308,41.84174723,886.1928536,696.3565618,45.93272718,18.53559648,74.38583659,1.189725516,2.466666667,0.019801517,2
1083.771874,47.48036907,514.5788854,731.2408374,47.60921289,11.33094115,66.87405796,-0.122337284,0,0.010044565,2
1124.136154,48.70077878,547.4630616,729.5048846,44.79763187,12.5865795,71.63449289,-0.383665367,0.066666667,0.012319148,2
2233.831432,59.69812305,1333.555437,803.1995802,37.58801972,18.72080734,69.42260631,-0.004294973,0.533333333,0.013052752,2
2696.438788,23.43831481,631.9998119,901.7435439,76.46524331,12.21912194,67.17107609,-0.220334632,0,0.004271921,2
3589.17801,48.27837053,1732.796659,1004.160475,51.31482318,21.28450661,94.63114449,-0.887431923,1.533333333,0.010935192,1
3130.977773,47.70685671,1493.69108,804.9423328,50.70681323,19.03550555,67.58699623,-0.428049589,0.333333333,0.012574434,2
3662.591287,32.60633124,1194.236647,1074.313384,67.37167933,17.81457964,88.33396668,-0.013422311,0.933333333,0.006670512,1
5629.576265,14.4269705,812.177307,871.905848,84.62404685,15.64339031,287.2447569,-0.085039809,1,0.013028897,1
4222.757875,10.50802925,443.7286327,1017.31244,89.21386625,13.49534954,342.7589216,-1.24515647,0.733333333,0.007535779,2
4054.053438,24.22245668,981.9913379,591.2457775,67.88306788,19.10953949,140.1488143,1.101688971,2.4,0.024864781,2
3888.035025,18.23671833,709.049996,773.0150966,80.74630034,13.50622174,160.9224754,0.102432314,0.6,0.009953768,2
5520.002765,42.72734749,2358.550763,1034.727239,57.22470717,23.75207503,111.3257847,0.002370312,3.666666667,0.009212079,2
1288.000203,41.96355874,540.4907216,796.4614886,51.69719193,14.63204313,63.67659445,-0.358984461,0.066666667,0.012653643,1
4394.713142,47.13458602,2071.429846,1019.941561,52.72557692,22.21756937,95.35591587,-0.322007618,2.6,0.009932021,2
1081.408885,48.85351016,528.3061994,716.8502826,42.97410831,12.77743293,69.67354738,-0.271223714,0.066666667,0.01278724,2
4363.539042,45.54667013,1987.446733,989.951102,54.26073613,22.8249184,115.06186,-0.351663528,2.4,0.011448236,1
4436.411461,41.58878481,1845.049616,1038.917916,58.31008682,21.65271261,101.0420603,-0.395812452,2.333333333,0.008746494,2
2042.536358,37.81938778,772.4747459,689.3270592,50.11345508,18.79274112,82.00316966,1.311502242,2.466666667,0.020377473,2
1498.690066,28.5472661,427.835041,764.7875106,70.06430372,10.31343519,62.51171362,0.499504736,0.2,0.006666078,1
1850.166849,22.2989946,412.5686056,724.1336925,76.11276695,9.53155334,66.59576838,-0.264070976,0,0.007468429,2
1246.428475,53.84440366,671.1319794,787.5261213,44.82080334,10.94651845,52.94463055,-0.533349885,0,0.006509824,3
3997.860086,43.73292955,1748.381335,1005.040169,56.09639777,20.89152758,93.22602327,-0.333374406,1.6,0.00954252,2
2783.970943,31.56028126,878.6290598,766.3746723,66.56290769,13.94798868,107.7503902,0.853025004,0.4,0.010093815,2
2528.261731,32.06328635,810.6437984,864.0341191,67.72125005,12.89619181,91.03355287,-0.550087544,0.2,0.005526026,2
3934.47311,43.37570291,1706.605367,1000.350193,56.38932701,21.42892613,91.34973444,0.007348932,1.133333333,0.010721283,1
3422.50528,36.88012879,1262.224355,756.434844,61.2433514,15.87146048,102.1538493,0.007333191,1.8,0.011130179,2
2493.026383,66.11264837,1648.205766,828.333765,32.58290201,18.29712843,62.40825373,-0.252663138,0.333333333,0.011138813,3
3495.053819,20.40851831,713.2886987,1069.74191,79.54979464,14.68478321,124.7834616,0.926536821,0.466666667,0.005058848,3
1020.903695,40.14682884,409.8604591,739.6854232,55.52854392,10.86990406,44.95206756,0.247856551,0,0.009505498,2
6893.258316,13.53457417,932.9731596,993.2591411,86.05533809,17.77478725,221.5878657,1.537491893,1.933333333,0.011612611,3
2951.829658,65.4757963,1932.733974,699.1544148,30.41190012,20.34671979,66.17342145,-0.2267104,1.066666667,0.016626761,2
3009.423492,59.56487825,1792.559439,827.9955731,38.5218073,21.77015322,70.09446104,0.226190784,1.733333333,0.014663354,1
4949.03477,17.6925578,875.6108373,650.7349069,79.64559693,14.77276992,137.7790376,2.58657226,1.466666667,0.018712567,2
3449.792993,40.62263716,1401.39689,889.0353952,58.96428538,17.07045326,88.87382669,1.775671722,1,0.008560539,1
2573.925108,44.43496931,1143.722832,797.9862313,54.45305833,14.1343421,72.08136922,4.838945836,0.133333333,0.008337986,2
5557.310916,13.86559257,770.5540892,625.6971181,82.25463505,17.00769915,195.3820805,0.483207273,1.533333333,0.023887289,1
5060.927403,9.659570526,488.8638518,1259.473341,90.17462201,15.12575567,296.1088128,-0.627444806,1.266666667,0.005663372,2
6301.099235,14.96821314,943.1619639,1177.317118,84.89297643,17.74970869,319.342533,-1.090769821,2.733333333,0.007656611,1
1124.689052,33.25924194,374.063053,811.3161956,64.73221231,9.566038226,53.41653998,-0.532722109,0,0.006856472,3
4088.603189,22.30200869,911.8406385,666.1717035,74.62602166,14.78926929,162.7065365,0.934360746,1.2,0.018668699,2
3615.254763,67.4154062,2437.238684,728.5013137,29.34299119,22.51335484,75.64821088,-0.638458862,2.266666667,0.016421166,2
2859.63074,17.52549644,501.1644835,782.4544671,81.63713547,11.23659638,73.91351976,0.895746146,0,0.00719148,2
4233.214446,68.62776586,2905.160498,758.370643,27.14837405,26.01553167,83.33208663,-0.498937609,5.133333333,0.019172123,1
798.6837068,43.15705263,344.6883477,798.5994548,54.70479547,10.23779492,45.07171189,-0.212255806,0,0.007386367,1
1766.567329,59.04392045,1043.050608,807.4180711,40.07366643,13.14300521,56.44093731,-0.328128417,0,0.007099439,1
723.6468225,42.30221091,306.1186051,728.8364867,52.20200254,10.09396118,37.08714925,0.42932541,0,0.009096024,2
2930.601821,64.37776239,1886.655876,697.617834,31.15860949,20.17344726,66.53918601,-0.262674719,1.066666667,0.016535782,2
4476.370917,45.25997248,2026.004245,896.608412,53.34696143,21.48882228,142.6118123,-0.117293108,3.466666667,0.013181811,3
2460.690654,20.10610939,494.7491548,853.177719,79.49813734,11.00090318,72.69919683,0.915315643,0,0.005628778,2
2909.381971,31.28017732,910.0598395,877.627854,68.52404437,13.67332544,85.38144003,-0.493221635,0.2,0.005615849,2
2633.158235,27.38953274,721.2097369,855.9107365,70.61899567,14.95722065,68.36377184,3.202864141,0.733333333,0.010350513,2
3549.416364,54.77391087,1944.154155,826.0438527,43.71256408,21.75399484,80.20521537,0.201268553,1.333333333,0.014164064,1
5274.40743,36.67563366,1934.422347,1032.467517,63.27581446,22.32673667,107.0374211,0.130641901,2.666666667,0.00874554,2
3219.242365,52.12680779,1678.08828,811.8699362,46.20215926,20.06205394,68.91789737,-0.480458003,0.466666667,0.013061186,2
6493.653534,11.74680363,762.7967292,930.8951775,88.04859345,15.43406789,201.5877818,3.891101361,1.466666667,0.00748935,2
3750.642776,47.30789139,1774.350011,823.3273585,51.48943717,19.30580755,89.14488409,0.200667011,1.466666667,0.012145234,1
5120.12528,14.19310752,726.7048861,991.5039951,85.28807107,16.13901324,160.9557506,1.222917228,1.333333333,0.008791079,3
964.4079189,40.03209811,386.0727243,792.5054011,57.69757139,11.10591638,45.20800782,-0.037764469,0.266666667,0.008346412,1
5291.936356,16.06747918,850.2807724,1130.947382,83.92744503,18.51123707,119.4438614,-0.2076632,0.266666667,0.005339738,3
1258.741498,43.69059617,549.9516648,798.8678738,50.20646922,14.62201438,63.42583311,-0.345504327,0.066666667,0.012541898,1
2093.317283,36.94368982,773.3486441,783.4350067,62.06857711,12.24322894,70.36877741,-0.269867703,0,0.007560117,1
3000.894174,43.58163239,1307.838667,980.7754042,56.03928404,18.85496741,85.82693404,0.78999509,1.266666667,0.009500978,3
1610.338627,26.35445354,424.3959454,769.1144727,71.74381611,10.63632863,55.51298508,0.482039005,0.2,0.00766449,2
1384.311465,57.33673239,793.7189599,781.5886915,41.6532966,11.61203428,50.08986909,-0.27441196,0.133333333,0.006497172,2
3750.767192,52.78293618,1979.765053,1003.253229,47.02250269,21.82845325,93.52293971,1.229336025,2.066666667,0.010616431,1
1880.16532,21.03023281,395.4031441,733.8668874,77.4648911,10.39563008,61.24191975,-0.163816434,0,0.007307612,2
3307.394138,58.17624307,1924.117653,709.3111307,37.4833838,21.02215067,74.7517759,0.781306002,1.4,0.017382691,2
1271.247085,26.1276764,332.1473246,727.4222362,71.37067602,9.15789928,52.22807826,-0.275880173,0.133333333,0.007307912,2
1958.080417,27.52530081,538.9675249,846.1156326,70.89431235,13.76613778,64.07760573,2.370042679,0.133333333,0.009961148,3
2745.898709,16.53142405,453.9361594,861.4734866,83.00329936,11.00701638,113.0168148,-0.345288549,0,0.006166718,2
2732.224536,59.20884678,1617.718639,807.886546,38.7948217,20.13097647,75.3052494,-0.146602027,0.933333333,0.01380674,2
4149.663774,27.95333905,1159.969584,934.2110126,71.91231607,16.66256469,128.8031908,-0.646105883,1.066666667,0.006908186,2
2286.862307,24.40697738,558.153966,958.3572906,75.49861962,12.04876664,63.02805476,0.210688033,0.2,0.005302213,2
3331.282179,63.09223158,2101.780267,713.5791557,32.3541382,21.46072476,75.38343611,0.539971949,1.533333333,0.0174121,2
1394.19672,30.50691143,425.3263585,761.4517049,68.02969902,9.665001869,56.88739144,-0.35928676,0,0.00622174,1
3072.541673,32.78046504,1007.193449,973.9842753,66.80533962,17.95960166,148.6290662,0.718141224,1.4,0.009682402,2
2935.859294,37.66055702,1105.660963,934.0549417,62.06553659,15.58680924,161.9648899,-0.804218968,0.466666667,0.007188604,2
3200.416474,38.64466359,1236.79018,960.8425975,61.02466693,18.45040126,96.51711364,0.47880347,1.4,0.009468993,3
4493.42018,26.79597533,1204.055763,774.3061281,71.85322034,15.86725561,283.9570419,-0.15914647,1.466666667,0.021980521,2
3652.16298,48.23920796,1761.774495,932.8092649,51.0466812,22.10188761,98.48966457,-0.343811322,2.066666667,0.012470532,1
4785.330796,37.16743524,1778.584725,1138.740661,62.79933402,22.02247658,159.2722098,0.578176579,3.066666667,0.008076512,1
1158.937364,49.57341075,574.5247797,730.6645663,43.59484684,12.77412023,61.37089538,-0.390938267,0.066666667,0.011823797,2
2289.522831,38.72064518,886.5180118,659.4417526,59.5769256,11.83952511,77.79558467,2.931775134,0.466666667,0.009536689,2
1062.797965,38.87818534,413.1965625,958.3639103,60.82099239,9.668019164,61.14473585,0.359755988,0,0.004879788,3
1525.738476,25.27412488,385.6170478,666.0063772,72.42833497,9.14740679,47.07390144,5.026037085,0.2,0.008612761,2
1275.718855,58.71189531,748.9987187,582.7474529,37.46596185,10.55742388,63.5424165,1.849625167,0.266666667,0.009728354,3
5444.756717,11.0141162,599.6918318,740.4599907,88.67067685,11.27932717,242.0309047,-0.87267521,0.933333333,0.00655258,2
2891.426498,41.91661476,1211.988106,822.7260865,57.06335836,15.51797665,106.1058494,-0.342824433,1.533333333,0.00955886,2
2032.970994,25.79690891,524.4436755,883.283849,73.94106069,10.91416727,60.90464016,-0.307011182,0,0.00455372,2
1809.622139,29.06489042,525.9646916,756.3156869,69.54206042,10.58949857,66.87902796,0.124085964,0.2,0.007322973,1
3229.280057,57.48177738,1856.247574,711.1004009,38.43520049,20.47499065,77.36272255,1.108251449,1.266666667,0.016573156,2
4339.075932,32.61197357,1415.058296,602.4555703,61.82527181,18.78219775,168.9382697,1.576119407,2.133333333,0.024637188,1
12647.83668,5.89267793,745.2962807,924.4975276,93.51552307,19.24934416,330.7871429,0.242514228,2.2,0.01321681,1
2254.665908,28.05284174,632.497859,800.8484347,71.06871447,12.25290247,104.6921399,0.379962837,0,0.007817459,1
4562.329914,20.16549794,920.016545,654.6552242,78.45064506,14.38219676,129.8465778,-0.037100317,0.933333333,0.020315045,2
3219.311729,61.40042777,1976.671173,709.1945645,34.83280595,20.94149525,72.82110241,0.26913801,1.4,0.016742472,2
5958.728953,19.34833266,1152.9147,1059.844184,80.21640984,19.71283651,216.2361007,0.01487097,2.866666667,0.010512884,2
4134.678379,20.20706632,835.4972023,1035.688569,79.72452033,16.09351513,136.7635629,-0.899549853,1.133333333,0.005727562,3
1729.563957,23.21928149,401.5923237,759.8935379,75.31948202,10.06348615,60.6780387,0.433460615,0,0.007080274,1
1642.475955,25.11721272,412.5441796,766.77618,72.98081401,10.455751,53.8132085,0.460691708,0.2,0.007563655,2
1074.713983,35.24273753,378.7586284,780.822,61.69130697,10.76096239,50.94866502,1.397888572,0.266666667,0.008647215,1
2686.643809,47.80146868,1284.255199,898.396819,51.66445704,16.3316458,84.48973269,0.359513867,0.2,0.008731561,1
10102.75472,4.444489396,449.0158621,1186.289913,95.5464712,16.9966844,291.3152872,-0.642546273,2.6,0.004612847,3
2074.459403,22.72287019,471.3767173,894.9687658,76.79603867,11.06022748,73.03782985,0.400480217,0,0.005816749,2
2153.461846,28.37186057,610.9771923,885.5182833,70.93898983,13.45883103,80.27086923,0.481694132,0.133333333,0.008185202,2
3116.141826,44.04068878,1372.370324,991.9266982,55.67734017,18.09242941,162.0023476,-1.172547369,1.266666667,0.007831941,2
3203.950456,33.1454219,1061.962896,755.2182234,65.64902456,14.13488671,85.88840333,1.093071747,0.6,0.009024853,2
1856.654674,49.26158395,914.6175008,840.9108462,50.25404145,12.97156701,58.57453282,-0.366849063,0,0.006609982,1
4981.128323,55.5629902,2767.663842,1029.27656,44.36242013,24.44063887,95.43898702,-0.305888832,3.8,0.009982676,2
3449.4114,67.33820969,2322.771882,725.7182207,28.22376778,22.60582813,69.86468182,-0.071104169,2.4,0.017456629,2
6132.422803,12.28432548,753.3267772,932.5751151,87.52535605,15.41675597,200.5230486,3.976898305,1.466666667,0.00743666,2
1243.613607,36.10245846,448.9750858,743.5527456,60.28304088,11.07976789,50.88966876,-0.008641582,0.2,0.009071245,2
4386.713326,41.17406225,1806.188075,959.9280596,58.48551267,19.99988798,137.0245732,-0.367280977,1.6,0.009307668,2
3320.455231,28.67289042,952.07049,738.5494523,70.22033715,13.76414539,91.13425371,0.097587299,0.6,0.009004533,2
4696.239964,12.85253726,603.5859911,739.2924986,86.81012603,11.12933047,242.6397593,-0.874081025,0.866666667,0.006982098,2
4407.727218,39.09063157,1723.008407,893.583402,60.43271263,18.45534122,126.876304,-0.1780586,2.666666667,0.009325496,3
1976.924372,50.58251024,999.9779728,969.1114005,49.10969161,15.37940734,87.831412,-0.227791474,0.4,0.007222276,2
3444.401791,60.1131003,2070.536703,853.4324879,38.73408786,22.09087578,90.08548258,0.080677872,1.266666667,0.013666892,1
889.3143098,29.17876541,259.4909362,819.18289,68.65660538,8.802588285,51.18197566,-0.532924332,0,0.006520012,3
8067.418773,10.54692653,850.8647312,907.2652805,89.22982196,16.21531446,227.6849967,2.081736032,1.733333333,0.007738747,2
5049.366042,14.54775575,734.5694388,899.3477783,85.24231459,14.83906414,100.0396794,-0.034083476,0.333333333,0.007230022,3
3797.406599,41.6890017,1583.100901,809.9885971,57.29982022,16.7569906,106.4167862,-0.460205242,2.266666667,0.01042244,2
1555.773134,27.67829791,430.6115228,757.7961039,70.7986014,10.05770095,68.71203958,3.044507386,0.133333333,0.007630967,1
3576.540992,48.64486898,1739.80368,1004.523296,50.95584709,21.24609047,94.86900412,-0.883167494,1.533333333,0.010902955,1
4665.283067,37.81711753,1764.275581,1025.14144,62.08384121,21.32911209,101.2159087,-0.17105199,1.8,0.008848269,2
2104.139329,36.329985,764.4335025,967.620348,63.392556,13.93172213,77.16490694,0.325367093,0.866666667,0.006849302,1
1804.39896,22.12521694,399.2271843,612.9782128,75.90088648,8.741785539,71.58717503,6.494200635,0.2,0.007624953,2
1005.17973,31.38950446,315.5209362,889.3121828,67.75206866,9.233465788,45.42431981,0.030623897,0,0.005789946,1
4100.837911,41.13370756,1686.826674,1060.418306,58.83159296,20.52821381,100.1757103,0.856558804,0.8,0.008436832,3
4644.139609,17.43155819,809.5458982,719.897082,79.12742345,17.18105415,143.9582086,2.630702692,1.4,0.019311264,2
5267.514995,16.10447715,848.3057488,620.7100466,80.0427643,16.73894558,133.0048091,5.453018354,2.333333333,0.021666744,2
1299.326202,43.54594055,565.8038155,784.6693074,49.41393591,14.78561583,61.74599409,-0.092527101,0.066666667,0.012991212,1
11817.9592,7.000383635,827.3024819,916.6527,92.32178031,19.23431465,327.4298089,0.453259002,2.533333333,0.012723632,1
4363.043799,19.63528181,856.6959453,953.4717376,80.25824323,15.65910588,116.7823328,-0.008600984,0.4,0.006452508,2
1382.435893,25.26674075,349.2964931,722.6242722,72.83623584,8.852759302,55.23542004,-0.079945562,0,0.006898419,2
2778.00495,24.5910261,683.1399223,881.4284138,75.20577722,12.96940471,75.1162618,-0.080959587,0.266666667,0.005524135,2
4730.085438,15.9035876,752.2532814,989.7897223,83.67775087,15.30448206,330.3027431,-1.226668378,1.466666667,0.011478037,2
5421.063492,16.67221155,903.8111738,921.7158727,83.17909058,16.10797936,113.4710764,-0.164840532,0.333333333,0.007459775,3
5915.165527,18.41821929,1089.468158,871.2954496,80.77743258,16.28420409,244.7950434,-0.554267033,1.6,0.010301183,3
3159.549062,35.93468051,1135.373861,1006.761887,63.84000323,17.84188963,149.6843221,1.631362736,0.8,0.008930318,1
2856.971957,56.77403275,1622.018195,831.7098186,42.68506105,16.98422464,92.67283304,0.915994264,0.6,0.008453163,1
3748.919145,41.68086238,1562.58183,982.1903101,58.12426045,20.35625459,100.0124959,0.217703875,0.866666667,0.010032673,1
1697.801902,36.80968632,624.9555546,973.3058403,63.05478621,12.40288344,62.46128638,0.47710743,0.2,0.005873727,2
1566.28366,22.78424056,356.8658371,724.35036,75.06577335,9.421841875,57.88979266,-0.363966421,0.133333333,0.007476947,2
1198.46649,53.07322672,636.0648372,695.5771198,44.76795364,10.9154136,47.84572289,0.426477608,0.333333333,0.008976268,2
3624.244978,24.40726092,884.5789282,752.2063073,73.83603187,14.25801046,149.9700608,1.261052795,1.066666667,0.011898888,1
2801.620192,52.89922984,1482.035504,831.7862924,45.38584697,20.56655405,69.65777571,0.279494918,1.266666667,0.013843227,1
1688.079833,25.02203374,422.3919056,775.2313206,74.015046,9.813311074,57.06417579,-0.323342714,0,0.00609545,1
2011.614339,37.99599353,764.3328541,817.4106493,61.16433685,13.03727606,76.95371126,-0.189822941,0,0.007551303,1
2431.255994,29.07926041,706.9912618,867.5041349,70.68575889,12.3384422,101.7606264,-0.844301915,0.2,0.005368937,2
565.5114499,37.98920862,214.8333245,777.0744263,58.15362132,7.514438671,48.91657851,2.611274349,0,0.006223083,2
1524.237234,30.54474713,465.5744087,764.1398908,67.94398127,10.34294297,56.37266332,1.631740364,0.066666667,0.007431277,1
3348.73656,65.58924467,2196.411016,723.8081427,30.94288945,21.30930305,77.42382079,-0.445660054,1,0.015703416,1
3896.53203,34.58067026,1347.446893,631.1241196,62.92428362,14.93851734,98.31215652,0.212712714,1.666666667,0.014960564,2
3840.31136,20.05517654,770.1812228,895.4704581,79.72407669,14.034414,94.64323832,0.058328202,0.133333333,0.006620002,3
2216.501421,40.25926204,892.3471153,638.6089267,53.95046521,14.57393371,113.8675152,-0.189411291,1.266666667,0.020662956,2
980.6300903,31.81965407,312.0331025,883.8085563,67.2178696,9.115305263,46.1520961,-0.134610404,0,0.005760783,1
5187.558671,16.283171,844.6990493,566.716872,77.96612394,17.13931112,132.7310993,1.127582258,1.466666667,0.025285702,1
7147.999303,11.11819699,794.7286435,934.5752129,88.7046329,16.38242838,205.464295,3.367376935,1.733333333,0.007717814,2
2749.880204,22.45965283,617.6135468,896.4534637,77.40823781,12.47308522,69.24159702,-0.430951585,0,0.004505012,2
3002.498584,11.12964886,334.1675495,687.9022487,88.19581388,8.516814028,229.2903709,0.582987378,0.266666667,0.007078682,2
2960.981569,25.51000266,755.3464771,855.3999097,73.48461556,13.83157977,78.84871905,0.043068317,0.533333333,0.008562963,1
1111.854495,54.64752877,607.6010053,750.5437088,37.03643537,14.8752899,43.61411807,-0.2677162,0.066666667,0.013819779,1
2365.897052,27.05531588,640.1009209,955.0700426,72.83168908,12.7236234,76.6295507,0.250344458,0.133333333,0.005418432,2
2932.748865,23.77303267,697.2033458,861.6060811,74.8565016,15.33507463,70.11499698,2.715943145,0.8,0.01030587,2
3430.984924,64.02756021,2196.775938,726.162394,32.88055291,21.02730344,78.92407139,-0.57178486,0.933333333,0.015209271,1
1506.468851,26.36357292,397.1590142,759.5466738,71.89847782,9.609595396,54.22128417,0.798897608,0.066666667,0.006977438,1
9325.285413,9.882222335,921.5454379,925.242664,89.44942826,17.80291263,307.2606217,-1.044764612,2.6,0.012181943,2
3377.298943,24.11785687,814.5321251,947.8839035,75.70653893,14.21302056,102.5344825,0.034498906,0.6,0.00565048,3
1056.685328,34.57400418,365.3384294,769.5827739,63.3838966,9.162445707,45.38390363,0.69807809,0.066666667,0.006426917,1
4931.876161,20.37606361,1004.922224,1125.15058,79.61716089,18.87381124,115.3573103,0.06069831,0.4,0.005537029,3
6021.099722,12.62780434,760.332692,1084.451881,86.32866732,17.44427291,402.0516102,-1.484632113,2.066666667,0.011693001,2
3278.648622,29.45283118,965.6548437,878.4385641,69.97836303,15.53787022,108.0040381,0.25286679,1.266666667,0.008603732,3
1893.998311,34.2653284,648.984741,791.1041174,62.01896529,15.01912691,71.60621275,-0.376867576,0.066666667,0.012254695,1
9104.735074,3.185254339,290.008969,1197.053112,96.8064373,15.68765412,266.3822077,0.148993808,1.066666667,0.003729051,3
1544.195735,24.26808062,374.746666,664.9978495,73.50184844,9.160597146,48.98723278,4.26655151,0.2,0.008622175,2
4156.129105,42.16097086,1752.264381,1005.455718,57.68781126,21.36390698,93.88357062,-0.274360672,2,0.009498319,2
8992.606388,6.106936489,549.1727609,1123.621491,93.34282121,18.72983394,381.8854141,-0.581265935,2.733333333,0.015642813,3
4251.233207,20.81590345,884.9325999,884.0845074,78.76061062,15.14276888,103.9198564,0.454799026,0.666666667,0.008070145,3
2318.890402,25.32855859,587.3415141,807.6863595,71.80396906,14.31056808,109.2197722,0.714214846,0.733333333,0.011692865,3
1234.237051,66.78706395,824.3106883,785.9865707,31.08226306,12.61518558,44.94987766,0.372258702,0.4,0.008383918,2
6075.214688,10.28139662,624.6169174,1165.933554,89.68977352,16.42603424,272.2550495,0.158800848,1.466666667,0.00572246,3
4101.291853,12.36634542,507.1799171,728.1449174,87.23143547,10.02538868,242.9375848,-0.724548934,0.6,0.006929973,2
2411.132969,27.00411205,651.1050485,758.3719368,68.19494521,15.24168552,124.441698,-0.166939901,1.2,0.015230903,3
9349.751057,5.897130134,551.3669871,1127.799532,93.99262756,18.01757132,289.6374007,-0.734685268,2.266666667,0.007344479,2
1969.314004,66.03851487,1300.505721,809.0041017,31.43769654,18.69704645,55.05418976,-0.206026147,0.266666667,0.012919527,2
2836.387834,48.96528488,1388.845383,778.5512016,50.24399243,14.77211027,94.62080013,0.564807782,0.466666667,0.00821259,1
2928.182807,22.22663547,650.8365184,888.0864124,76.45163977,14.21465027,103.5753381,0.553034561,0.933333333,0.009511353,2
3639.794783,37.63123965,1369.699898,752.1184077,60.75185365,16.14875156,100.948801,0.056707302,2,0.011333539,2
1558.774268,50.42492411,786.0107418,709.4344853,43.32364142,15.93740032,62.76805346,1.619675441,0.866666667,0.014635523,2
3739.848206,43.96586542,1644.256629,996.3540552,55.81864849,21.10395639,99.46074893,0.638089728,1.133333333,0.010472634,1
1671.933823,43.33841746,724.5896597,854.6226809,55.95462827,11.77549931,52.68369779,1.075556624,0,0.006424812,3
3645.795558,18.71785259,682.4146383,945.3342554,81.22634116,13.33966208,91.29585348,-0.129515313,0,0.004565479,1
1387.41353,30.14803413,418.2779046,766.1350947,67.86181456,10.19559159,51.91328582,1.760822472,0.066666667,0.007559242,1
5597.822842,22.48271186,1258.54238,647.4454418,76.09024522,15.97732842,137.9189594,-0.347216325,1.4,0.022340098,2
2709.884744,27.4772055,744.6005999,853.6590292,70.54117583,15.1602431,68.75018679,3.195180833,0.733333333,0.010516147,2
2073.977726,25.8746051,536.6335465,928.5351823,73.77891483,12.24993887,65.05249947,-0.06363532,0.133333333,0.006226864,2
4564.352843,45.58662634,2080.734475,1025.319968,54.32362813,22.40728341,92.84155128,-0.49192093,2.133333333,0.009401976,2
550.8836669,35.5893954,196.0561664,580.9662312,60.83903181,5.62319927,30.49607621,1.273044812,0,0.006154801,2
551.6282294,52.51309643,289.677064,713.815004,40.15619472,9.450275548,33.94729529,0.735327066,0,0.008901941,2
3428.89841,23.19474117,795.3241112,790.043353,76.40940177,13.24818534,113.9718495,-0.938746558,0.133333333,0.007484034,1
1251.811924,40.8540637,511.4160409,795.9592086,53.00573888,14.50313058,63.71189388,-0.352134027,0.066666667,0.012531045,1
8654.375772,11.08684685,959.4973879,904.6460452,88.11367206,17.91438568,323.6375789,-0.038246888,1.733333333,0.013421512,1
1509.766979,30.30138785,457.480348,747.3705098,68.25565465,9.890596858,56.16779416,0.279524561,0,0.006683485,1
1887.397502,21.68854813,409.3491157,613.5114414,76.38123032,8.716690135,71.29856781,6.56995473,0.2,0.007591428,2
5216.36587,37.59150936,1960.910664,1036.284795,62.33706966,22.3547433,103.5866397,0.074097974,2.466666667,0.009108781,1
2860.770161,56.5407419,1617.500673,832.1432884,42.92436458,16.99788802,92.29246779,0.957834626,0.6,0.008445928,1
3542.169272,23.1835407,821.2002548,844.5310613,76.08543896,14.40760044,127.0806577,0.21740902,0.466666667,0.008086772,2
2077.046309,31.19753218,647.9871905,953.3323701,68.63540219,12.63455475,75.91927947,0.083401477,0,0.005825107,2
9150.221805,12.25718584,1121.559692,885.9869664,87.43753522,17.14532113,228.513364,2.402539495,2.133333333,0.008973581,2
2323.810071,34.12161165,792.9214479,685.9459864,57.5201047,16.63182948,94.02764223,2.425983636,1.4,0.020544505,2
1845.384175,55.63591876,1026.69644,808.6983207,43.46990129,13.30968563,60.80850901,-0.231621564,0,0.007321337,1
2852.086875,27.02176715,770.6842743,769.6845201,71.02532384,14.25090667,140.4554629,1.167771912,0.666666667,0.010818167,2
3234.264026,35.20485949,1138.618106,757.3444084,63.61793962,14.70382674,84.00398931,1.359432553,0.666666667,0.009349859,2
2899.568503,28.52859777,827.2062354,860.2319719,70.6906702,13.55766036,96.38586767,0.664812995,0.4,0.007998205,3
3747.388278,19.1077655,716.0421647,942.1542197,80.74137528,14.27251463,117.7957035,-0.201575245,0.466666667,0.005813868,3
1308.553077,43.72581198,572.1754579,782.050725,49.28164824,15.00674326,62.34231779,-0.080970308,0.066666667,0.013217829,1
3757.009122,60.74615677,2282.238651,919.4883469,38.56571362,22.55725832,84.41279088,-0.30235228,1.4,0.012478946,1
5732.562444,10.45637514,599.4182342,806.8968262,87.90319173,16.44067703,294.2554709,1.965696297,1.733333333,0.018324229,2
3014.98534,42.85975947,1292.215465,825.5335286,56.17908825,15.52236221,105.3445451,-0.284298888,1.533333333,0.009556672,2
1545.41103,58.46477064,903.5210139,790.2181083,39.99710203,13.00735921,51.31214767,0.273077389,0.333333333,0.008294843,2
1667.598039,27.67775852,461.5537584,749.6711121,71.02560941,9.965304418,72.64128217,-0.180361225,0,0.007112155,2
3513.526014,65.90089154,2315.444968,727.3209161,29.52929386,23.09774474,78.97904024,-0.564626383,1.666666667,0.018140863,1
3812.420641,25.26965886,963.3856901,908.3363128,74.53343425,15.14858163,113.9644706,0.355299884,0.8,0.006418296,2
1710.718092,22.77609768,389.6348236,766.6929988,76.08387907,9.759652306,66.26932091,0.224809485,0,0.006241697,1
1759.496812,21.94723426,386.160887,752.829418,77.0044407,9.305914991,86.91044955,-0.925455245,0,0.006461921,2
5176.26274,5.512166119,285.324201,1120.969423,94.17761157,13.73669339,354.4385384,-0.836745555,1.266666667,0.009339371,1
3350.445932,30.03318255,1006.245543,785.1823387,69.21191096,14.00498494,75.34325825,0.757401371,0.2,0.00785923,2
3732.953121,39.96014184,1491.693362,1005.192483,59.79461522,18.9538401,150.0899865,-0.48281527,0.8,0.008740811,3
9501.681062,4.887742429,464.4176967,1199.358787,95.10544722,17.65756358,218.1959656,-1.021400086,2.2,0.004761085,3
6884.759171,26.67662605,1836.621459,692.7054346,70.25637453,21.46789976,142.3023306,1.934193702,3.8,0.019059248,2
10224.85092,7.46637149,763.4253543,833.2897711,91.76485924,17.84503993,271.6807688,-0.451787253,1.933333333,0.014641285,1
4419.529047,42.21631735,1865.762408,997.3489147,57.69050233,21.90452644,113.9295518,3.001847248,2.333333333,0.009542519,1
3710.557541,41.96454399,1557.118552,985.5155466,57.82198207,20.40764554,91.46804515,0.719002989,1.066666667,0.010045471,1
3341.577892,46.6352901,1558.354544,937.0899979,52.70997129,20.92236118,76.33325327,0.007097316,1.533333333,0.012009516,1
6291.73019,13.37176592,841.3154336,1146.188072,86.57008257,18.64240681,271.9365428,0.470349189,2.533333333,0.007324464,3
5425.001151,6.149542714,333.612763,1136.830504,93.73868651,13.64931434,342.6355652,-0.769714691,1.266666667,0.008409938,1
1847.096981,34.99564854,646.4035676,798.4307555,61.22754939,14.94240338,71.40636303,-0.220859685,0.066666667,0.012071049,1
5176.102327,29.42198394,1522.911996,620.5865732,66.58307136,18.71773067,173.2838681,0.67282149,2.133333333,0.023960713,1
4746.735382,36.02122858,1709.832402,1041.825392,63.90462021,21.24654378,111.6133013,-0.251576413,2.466666667,0.008624708,1
3752.489831,23.49234821,881.5479776,944.6875343,75.85562088,14.42946175,340.3842224,-1.213340931,1.066666667,0.011715711,2
981.3907177,30.67334796,301.0253896,893.9594613,68.27539215,9.648039258,46.47637275,0.047295201,0.066666667,0.006078958,1
2116.603194,22.39588573,474.0320327,847.2842225,77.15337409,10.58911651,68.84032095,0.974573877,0,0.005611586,2
1631.21231,53.97185912,880.3956099,800.0211368,44.96733969,12.52183396,53.57449905,-0.24416408,0,0.007069458,1
3079.224767,20.39829191,628.1092564,869.5918268,79.00427816,13.73638472,92.4013845,-0.465684343,0.533333333,0.008191782,2
9221.631474,6.272972891,578.4704425,1113.24251,93.6154342,17.75049038,288.1603259,-0.755048043,2.133333333,0.007346892,2
1301.261297,50.34878499,655.1692527,617.3739879,44.91351285,10.71008824,46.397394,6.896379142,0.6,0.01020067,2
6533.104354,8.901348903,581.5344127,1102.990734,90.99021508,15.86450604,238.1509723,-0.941143995,1.866666667,0.00663674,3
1201.031155,30.30021176,363.9149833,766.9124702,67.87492695,9.327670918,46.66827226,0.578417509,0.066666667,0.006560571,1
2223.840038,29.74827718,661.5540985,877.9583714,69.81992689,12.22752284,107.4250034,0.220510921,0.666666667,0.006377401,2
1063.677198,32.91481031,350.107332,781.5830175,64.02143674,10.78830072,51.67685858,1.294015477,0.266666667,0.008659767,1
5996.994763,21.2808478,1276.211328,737.2518338,75.74412069,18.33707512,241.5781435,1.034902884,2.666666667,0.01942862,2
1027.136384,38.84314283,398.9720526,783.5959442,57.49762782,11.55013938,51.99557643,-0.107521919,0,0.009518781,1
2037.769529,61.75662236,1258.457633,830.6152328,37.60798808,15.03930725,62.02053413,-0.252943423,0.133333333,0.007945373,1
1168.523382,53.00491833,619.3748641,759.7796731,38.68211941,14.48849346,44.5662548,0.044452365,0,0.013000837,1
1236.912349,34.47219991,426.3908978,689.4798996,63.40168485,8.94600988,78.40717952,15.42165605,0.133333333,0.007150385,2
680.9810729,40.38016185,274.9812594,749.9529975,56.53358906,8.209679814,63.89781366,-0.717650768,0,0.006803687,2
3268.521745,63.04650617,2060.688764,711.393799,32.40101253,21.2883211,75.24211074,0.638382835,1.533333333,0.017437825,2
3906.427129,48.32906738,1887.939799,1007.101823,51.42185141,23.30154272,90.53533015,0.40722242,2.333333333,0.011945798,1
6001.523148,20.92939403,1256.082427,768.5324686,76.84428916,18.25449714,335.7780038,1.62253415,2.933333333,0.017039874,2
1746.235291,52.83173511,922.5664035,965.7151623,46.80549897,14.84803481,85.37504046,-0.182497554,0.2,0.007157164,2
4225.910381,46.86140392,1980.320933,979.8704745,52.96128209,21.91462029,118.2930211,-0.276132961,2,0.010756104,1
2233.140477,63.97722558,1428.701321,820.8449046,34.36755941,19.70319062,56.6493157,-0.360614522,0.4,0.013226118,2
2990.673041,16.9368095,506.5245956,736.5920222,81.93535989,12.50780747,211.3908528,0.701107685,0.533333333,0.015997777,2
6684.506977,23.18917291,1550.081881,997.343491,76.75849994,20.74357987,141.1493804,0.923810816,2.8,0.008465133,1
7076.855706,15.77091463,1116.084872,950.5836784,84.07959541,17.15827446,214.3961321,1.995368929,1.266666667,0.010215172,3
4260.779586,19.80554297,843.8705318,1022.717979,80.0607049,16.20126218,147.3177415,-0.903311533,1.133333333,0.006126532,3
3732.649302,37.67613234,1406.317891,1016.052355,62.15338671,18.73873346,156.5062266,-1.155770267,1.466666667,0.00763674,2
1135.956525,35.25804249,400.5160344,789.3358759,61.16420677,11.82738201,55.92302469,-0.127284036,0,0.009728356,1
3686.44443,20.18816087,744.225332,796.4220212,78.97382755,13.46204327,135.5059627,0.092803793,0.866666667,0.009632265,2
3310.393627,57.20940689,1893.85656,829.1820746,40.95172145,22.15564808,73.63013495,0.026307338,1.733333333,0.014832007,1
2284.47493,26.2699333,600.1300403,950.3288186,73.60793559,12.30334838,76.5155238,0.092097589,0,0.005349429,2
7861.062776,9.483258124,745.4848743,921.4117348,90.34474011,15.69421286,217.4807066,2.457006263,1.466666667,0.007386811,2
4402.834445,27.11385954,1193.778347,938.6905172,72.76029214,16.75473102,127.8259008,-0.651659169,1.066666667,0.006931042,2
3805.710324,21.03560865,800.5543299,1033.275424,78.9023258,15.64346969,138.2475446,-0.989404178,0.866666667,0.005605394,3
699.3766956,42.88200026,299.9067164,716.401986,50.91436186,9.442305662,34.16793735,0.797852431,0,0.008765932,2
4093.867263,28.23273868,1155.810846,919.4979661,71.35360159,17.92951501,117.6982711,-0.481969846,0.666666667,0.009915473,1
3884.856738,31.62140886,1228.446433,918.3236098,67.54084872,17.53302205,116.8645805,0.650416301,1.666666667,0.010419652,2
2996.437794,64.45860295,1931.46194,700.7120973,31.53191752,20.39888894,66.54555049,-0.280453912,1.066666667,0.016610056,2
3544.459385,70.09750742,2484.57768,731.0737027,26.65363934,22.14491497,75.38068958,-0.547980119,1.133333333,0.015983556,1
2677.135297,19.46683426,521.1534914,1072.104934,80.49213744,12.76005963,120.5726984,1.437528459,0,0.004451932,3
1142.119933,36.37515342,415.447878,779.3555063,60.66138528,11.35408991,56.64985744,0.396751342,0.266666667,0.008966944,1
580.6717646,32.98480213,191.5334326,779.881231,63.28290929,7.318371615,51.14169749,2.140135884,0,0.006078681,2
3631.448203,22.07928974,801.7979707,1034.837391,77.84855177,15.22679673,138.3227235,-0.999096157,0.666666667,0.005379822,3
2761.550016,23.60752629,651.9336461,901.7294618,76.31043778,12.38529079,69.54541418,-0.350835099,0,0.004256868,2
3619.652572,35.21233845,1274.564314,637.9333614,59.6974235,16.55693152,116.6184827,-0.407856904,2.333333333,0.018349426,2
1010.78076,51.50421178,520.5946632,684.7453704,45.58124585,9.218170024,45.43463278,2.365522257,0,0.007158107,2
3585.259034,66.29656213,2376.903483,723.9909955,30.44374292,22.09246903,74.23202505,-0.53065859,2.266666667,0.016323774,2
9202.13302,6.212162162,571.6514256,1069.329158,93.67251772,17.16545149,301.9710372,-1.064948473,2,0.007503088,2
3443.390412,18.01028198,620.1643227,778.646206,80.64756892,13.79437863,156.0536427,0.217491906,0.6,0.010168488,2
2979.217364,37.24605246,1109.640862,944.6207117,62.29273691,18.44130365,136.1950029,2.845717586,1.4,0.010190867,2
1673.424449,24.50985516,410.1539086,739.2567493,74.20734936,9.171218492,81.78019582,-0.629614584,0,0.006743777,2
3740.297265,31.51308181,1178.682937,1076.154757,68.46891802,17.74187656,88.23744843,0.028282525,0.933333333,0.00663477,1
2621.290352,24.48851507,641.9150828,746.5419145,71.40926766,15.78322857,153.3443598,-0.069279904,1.266666667,0.018542037,2
1409.240018,30.0372229,423.2965653,823.5130635,68.71277362,9.800381382,84.29578884,0.918584011,0.066666667,0.006771524,1
1243.823916,54.47196611,677.535342,785.179238,44.11495961,10.83657781,52.01658172,-0.486050214,0,0.006450031,3
1388.165348,27.05800938,375.6099101,775.1082269,70.78577878,10.1275985,51.72955513,1.70200936,0.066666667,0.00762451,1
3863.307398,41.44846704,1601.281694,827.9047437,57.44531351,19.01767314,93.89285323,0.080344001,1.466666667,0.011926243,1
1393.540091,29.37738198,409.3855955,760.3713413,69.29596486,9.516817396,56.54930792,-0.32951008,0,0.006113435,1
1075.626043,34.94060899,375.8302898,898.8269981,63.77390809,10.18592735,55.64655413,-0.382970791,0,0.006454058,1
2611.440296,31.74003934,828.8721773,772.1481275,67.49855428,12.44673126,79.87970818,-0.355429543,0.2,0.007395508,1
3777.419351,38.04980506,1437.300699,1015.573625,61.78588903,18.7424429,156.6997995,-1.162947221,1.466666667,0.007632613,2
3643.793258,59.53110903,2169.190537,728.0345861,38.16077113,19.97685763,83.49476975,-0.688486095,0.866666667,0.013875779,1
1264.008048,30.44598411,384.8396894,731.9436137,67.30517619,9.413972734,52.36373753,0.264854591,0,0.007392452,2
3220.897039,20.41401381,657.5143663,854.5974832,78.13342927,14.6634468,112.7235737,7.942632008,0.2,0.01020826,3
2415.707717,26.21519018,633.282372,767.5636952,73.12849964,11.64545094,86.51821056,0.627776047,0.133333333,0.007161058,2
798.3507911,30.30035248,241.9031037,777.1474798,66.06797801,9.026786853,45.20883324,0.029599265,0,0.007392001,1
4114.052203,30.53052455,1256.041718,741.4092012,66.78675788,17.52432049,130.8982367,-1.20253429,2.133333333,0.015362292,2
4612.314454,21.6152401,996.9628433,890.8775325,77.79493802,16.38259905,121.3604098,0.069497074,1.6,0.009659892,2
1245.242232,57.41794754,714.9925313,777.3615559,41.10858063,10.93489301,52.0867236,-0.471296705,0,0.006494652,3
4593.38022,46.56773383,2139.033075,1013.863631,53.29795537,22.50707574,95.77726787,-0.425229293,2.6,0.010046225,2
8870.506074,11.27554122,1000.197569,893.5707193,87.90451316,17.92801559,309.5267022,0.010779454,1.733333333,0.013421934,1
5077.483367,33.2345705,1687.479789,976.6336487,66.42423547,22.3678966,155.995615,0.288186107,4.2,0.011138658,3
2135.92317,58.74447198,1254.736788,807.9357651,38.79209581,18.82736557,62.66724958,-0.192102271,0,0.013387443,2
7142.557247,17.46307085,1247.309833,940.8110815,82.32332312,17.11562098,214.6856332,2.025191881,1.333333333,0.010289959,3
2353.995801,70.77000653,1665.922982,821.402504,27.64803262,21.07445282,58.50887019,-0.171821786,0.466666667,0.014126454,2
3213.645463,38.50465391,1237.403063,930.3124962,60.91642973,17.1965669,178.469768,-1.430732708,0.6,0.008995379,3
7705.842869,3.871381117,298.3225457,1110.221176,96.0829338,14.71056575,276.2879783,-0.934641868,0.866666667,0.00474509,3
1402.028249,60.48836301,848.0639367,794.3552759,38.38939366,12.20160219,48.78813431,0.058405529,0.266666667,0.006922642,2
4723.206766,37.9090219,1790.521487,1019.243598,61.98905135,21.39147637,126.6820126,-0.483851541,2.333333333,0.008968674,1
1929.46372,45.23963287,872.8823035,765.4130554,49.96691305,16.64483178,63.12330892,-0.491158103,0.066666667,0.013983079,1
2599.213055,26.84729253,697.8183322,883.0253614,72.92573804,12.59863251,68.5110795,-0.604163688,0,0.005227369,2
3137.493446,34.55484996,1084.156153,616.9102116,56.145649,18.5599715,124.2192903,-0.94451931,2.2,0.02327984,2
969.5826607,40.12182595,389.0142676,773.2234204,56.76081769,11.10136787,52.2036112,-0.039120349,0.066666667,0.008745104,2
5721.972153,9.308614073,532.6363051,806.0871047,88.97914933,16.16886072,294.2848308,1.980578662,1.733333333,0.018166999,2
4044.45052,73.25257306,2962.664072,767.8052308,23.69221565,24.93605172,79.42975624,-0.716464015,3.4,0.017629842,1
5340.117697,18.28784873,976.5926464,981.7765411,81.27822076,17.88663169,210.3279778,1.750856288,1.933333333,0.011965826,3
4194.304761,69.12982249,2899.515436,759.3450138,27.95202781,25.16042254,90.4078766,-0.553680214,3.266666667,0.017802404,1
2391.518312,33.01435524,789.5443513,1005.462414,66.81102064,14.93590638,80.8304562,0.170686934,0.333333333,0.007230184,3
4626.934177,65.79520622,3044.300884,773.4975357,31.44361563,26.38179615,91.52961862,-0.694921824,4.2,0.01865264,1
3337.514835,34.05010608,1136.427342,814.4441719,62.36544813,18.71917376,126.1602826,-0.676516377,2.333333333,0.015877773,2
1705.797896,58.33877387,995.141577,804.1322859,40.74772191,13.0255088,55.4985552,-0.200836373,0,0.007123201,1
3303.803138,21.03887192,695.0829107,713.9489451,76.01988662,14.97862877,75.60486003,7.450165014,1.266666667,0.012576826,2
1566.848573,34.88787695,546.6402022,934.8783802,64.6154472,12.08544195,63.40535247,-0.052653982,0,0.006419367,2
3400.539667,50.27102206,1709.486046,994.1956322,49.40369231,21.28775303,95.14540609,1.114595064,1.133333333,0.011146693,1
3287.813348,29.73367236,977.5876489,748.1013625,69.13005121,13.8145696,96.40273214,-0.150066078,0.6,0.008919178,2
3018.429832,35.31129249,1065.846587,793.3643282,63.89752496,13.93029032,73.22577095,1.880565157,0.133333333,0.008395463,2
6219.53041,16.39252966,1019.538368,918.3461653,83.5389322,16.29753413,155.9577742,0.175142322,1.333333333,0.007685344,2
3271.730883,15.63661428,511.5879386,813.2451769,83.54125637,11.68765389,87.47024332,0.803252706,0,0.007251404,2
7291.868915,4.30967316,314.2557175,1227.977326,95.67799651,14.37707971,296.6138456,-1.080822003,1.666666667,0.00396885,3
1071.134249,48.83517057,523.0902373,716.1899297,43.01312823,12.66788391,68.94308857,-0.222592623,0.066666667,0.012680582,2
1816.917582,52.59180475,955.5497472,815.0151704,45.41787626,17.23371916,52.9921367,-0.059438914,0.066666667,0.012111136,2
1392.382685,67.44250253,939.0577276,796.507711,30.14881917,13.45273101,45.32835047,0.062460359,0.466666667,0.008811703,2
9578.167149,4.754014545,455.3474594,1126.92448,95.0959049,18.11253035,375.6252907,-0.530138483,2.533333333,0.015001666,3
2955.605851,17.26022373,510.1441825,829.8433047,82.19299834,11.92417906,121.8374336,-0.777843583,0.533333333,0.007027934,2
1240.35009,57.03835718,707.4753143,582.5573359,39.01245874,10.45740491,63.40396382,1.897873208,0.266666667,0.009692479,3
8246.573792,7.273525596,599.8166555,1163.451367,92.23465784,18.5410707,400.968289,-0.524269731,2.733333333,0.015617762,3
1479.796795,24.40974535,361.2146295,725.0467663,73.30410868,9.427456541,57.56494159,-0.314262031,0.133333333,0.007713002,2
2814.308889,30.84169901,867.9806769,811.1164549,68.49976327,13.07198436,103.4116788,-0.19116118,0,0.007587293,1
2087.946556,55.69531283,1162.888366,789.0222104,43.44573224,13.47052668,64.22856598,0.938242629,0.666666667,0.007488281,2
2765.718935,64.73281373,1790.327686,833.9249967,33.1252555,21.57452083,71.75476244,-0.343757867,0.733333333,0.014037949,2
6202.05435,10.27491007,637.2555072,1020.934234,89.07806721,16.61041642,306.0535173,-1.091604632,1.666666667,0.012676091,1
2441.977398,27.43310394,669.9101977,803.5924461,71.75520213,12.39974804,100.6134755,0.161495055,0,0.007598878,1
1396.843746,34.58837883,483.1456065,968.7662481,65.29667817,10.50896211,82.15009334,-0.391240688,0,0.004762646,2
6607.913671,17.46217344,1153.885346,717.6409381,80.51202272,16.93658615,175.0180167,-0.528451505,2.4,0.015716437,2
2029.863387,40.86629901,829.5300412,658.2399696,53.72890867,14.311746,104.8719445,1.044489408,1.266666667,0.019505843,2
2951.669272,18.0341786,532.309308,828.206447,81.43327839,11.46669994,121.4902727,-0.770231515,0.333333333,0.006615849,2
2391.372114,19.91230327,476.1772678,947.3571092,79.97386407,11.47607299,70.13110328,0.051187092,0.2,0.004901477,3
3883.101427,42.48425439,1649.706688,999.6732261,57.28837877,21.4198301,91.04550939,0.026091997,1.133333333,0.010723946,1
1130.701371,34.23963425,387.1480138,780.5906596,62.9391096,11.39858208,57.57106198,0.321719826,0.266666667,0.009001464,1
1745.677746,25.68485743,448.3748403,739.8717804,72.72725667,10.02188712,77.8099395,2.015908125,0.133333333,0.007728977,1
4084.131952,21.24966549,867.864378,885.7765659,78.5015348,15.19365846,104.1402025,0.598389048,0.666666667,0.008219396,3
687.5623072,39.13007986,269.0436799,718.4448265,55.2627582,9.177769369,34.70013056,0.48949129,0,0.008095527,2
4702.696297,22.35188399,1051.141221,1042.537093,77.50804286,17.22568258,122.0261373,0.167258799,0.8,0.007460422,1
1588.112615,57.12127207,907.1501274,780.5475346,41.9596733,11.8141815,50.27539116,0.050967806,0,0.006308819,2
5383.423771,9.227312881,496.745355,1145.816965,90.71317079,14.94519433,308.1637719,-0.975453597,1.533333333,0.005531764,1
1274.270883,56.93200667,725.467984,774.495147,41.77378718,10.99000108,44.20025544,-0.01319049,0,0.00628453,2
9493.705978,5.914669437,561.5213259,1086.149715,93.97547017,17.65010573,295.596765,-0.950591849,2.2,0.007657941,2
593.8998674,42.27597903,251.0769834,705.9828481,49.77468656,9.35098483,32.70156523,0.716107215,0,0.009224737,2
2927.946728,17.09523551,500.5393887,751.7287652,82.03714304,11.65914952,198.9536723,1.064879018,0.333333333,0.011724549,2
2071.200714,26.45437417,547.9231866,951.9876635,73.40575232,12.24440132,56.90036059,0.308648181,0.2,0.005852568,2
5355.325051,36.08425364,1932.429075,1030.472893,63.83779348,21.99162914,103.424426,-0.085245206,2.666666667,0.00894679,2
851.3424074,41.69979328,355.008024,733.334052,53.54842616,10.52392449,43.36503689,0.512707694,0,0.009222254,2
1021.761304,38.54446736,393.8324522,827.8165666,59.23411615,10.03842395,51.47694736,-0.392397785,0,0.006862328,3
2357.154279,28.64455556,675.1963671,801.9444063,70.49852068,12.3724043,100.4275976,0.186653439,0,0.007567863,1
1220.429636,31.00147982,378.3512473,727.3460305,66.65730767,9.363650546,52.7938601,0.37964798,0,0.007368513,2
4542.208515,37.80321892,1717.101029,1007.27576,62.07524501,20.98433501,90.99071819,-0.265797073,2,0.009225453,2
3194.989099,58.82533324,1879.462984,702.6801937,37.57215304,20.37750661,72.94371696,0.568541893,0.933333333,0.016343152,2
1647.874228,63.61462867,1048.289071,815.2224577,35.61275699,13.13058174,55.16805299,-0.429778805,0,0.00694919,1
1640.692851,22.88115471,375.4094694,720.2996076,75.17933195,9.67501278,57.78957706,-0.474685943,0.133333333,0.007856585,2
2412.940918,37.05677458,894.1580766,937.2237497,62.49692135,14.86511049,87.28419051,1.779795709,0.6,0.008003043,3
1435.431062,26.57239477,381.4284085,759.1491684,71.58668889,9.512753842,53.42565199,0.891623722,0.066666667,0.007035334,1
4087.76656,40.54091888,1657.218125,982.5923614,59.21508424,21.89982822,96.65083109,-0.178207925,1.6,0.011208867,1
2037.413829,26.1066511,531.9005198,883.5559816,73.62815291,10.98280776,61.1199246,-0.33590928,0,0.004619655,2
3695.80586,29.63440003,1095.229893,891.0619633,70.04389638,15.65626541,105.373365,1.235792295,1.2,0.007930088,3
7188.141178,7.0455524,506.4442532,991.9660164,92.26198885,16.38605471,394.3427064,-0.695238624,1.733333333,0.012759144,1
2972.333877,47.78257114,1420.25755,912.3385315,51.81831651,17.39725649,74.7552965,0.747120994,0.533333333,0.008934932,1
658.0484476,40.55043878,266.8415329,718.4155346,53.49226699,9.318523205,34.60588995,0.48101384,0,0.008364095,2
1523.446138,25.40991841,387.1064208,721.4288359,72.74313656,9.288479939,63.75055361,-0.004602487,0,0.007461202,2
2724.961997,55.65086711,1516.46498,835.5497245,43.0769457,19.3226733,76.33035373,0.723008414,1.266666667,0.012470807,1
4594.232768,28.54498588,1311.423095,836.8424317,67.56790106,20.69753517,215.7073906,0.785168046,4,0.017827566,3
1770.570525,40.12378427,710.4198978,815.1240611,58.83295823,12.42151683,69.13838154,-0.304565802,0,0.007320176,1
1459.511085,31.90599198,465.6714897,754.9125616,66.68939418,9.965476758,68.9683155,0.088712498,0,0.007050985,2
1618.47603,26.45444884,428.1589134,716.2024445,71.96360009,9.528710962,59.84291169,-0.05028874,0,0.007117718,2
4064.20195,42.78983218,1739.065194,849.1193487,55.28011596,21.16636152,165.3057153,-1.20366049,3,0.014799938,3
6320.352934,17.79504514,1124.709658,762.2859135,79.78386591,18.76774587,285.8040179,0.66675453,3,0.019431282,2
1228.099221,45.15247975,554.5172518,803.8465409,49.51845438,14.62150985,62.293538,-0.249801021,0.066666667,0.012261981,1
1668.22393,42.69815423,712.3008265,691.5592297,53.3155337,11.99911096,63.40542014,5.462811765,0.533333333,0.012104605,2
3470.898189,67.91513487,2357.265186,724.4871133,28.57390538,22.48132369,74.01614204,-0.4142648,2.466666667,0.016920268,2
3554.077368,42.00828004,1493.006774,754.6352917,56.2481342,17.69987963,101.5838044,0.061089082,2.6,0.012451711,2
8593.031968,22.26576799,1913.304561,748.6524706,75.98636888,21.02656624,201.0469968,1.164292593,3.266666667,0.016577673,2
3917.077433,39.45147301,1545.344746,976.9313541,60.3565037,20.42118602,97.16430225,0.225728093,0.933333333,0.010060213,1
2015.782052,28.74295728,579.3953741,862.7271714,70.69515006,11.62444016,73.73365373,0.415332496,0,0.006050677,2
4125.780833,15.88967542,655.5731827,885.9252644,83.80508163,13.13009474,182.0613441,9.004173623,0.933333333,0.006684627,2
3105.010533,14.80826385,459.7981524,730.529239,83.45274793,11.99586045,121.2912854,6.115921026,0,0.009727227,2
1612.862123,30.21886082,487.3885602,803.1094098,67.62479644,11.86233559,103.3645151,2.100330155,0.466666667,0.012081327,1
5445.16725,16.82984564,916.4132432,918.602425,83.04635212,15.67220154,148.6785634,0.411040174,1,0.006947077,2
579.9083871,31.98534687,185.4857091,781.5982586,64.40342817,7.249580078,52.89134554,1.826560376,0,0.0059915,2
3126.578776,20.40007885,637.8245356,691.8429834,77.94114015,11.54587219,108.3517991,0.906040067,0.266666667,0.009498164,2
3754.519636,50.61487747,1900.345513,1035.520211,49.24521068,20.97772145,126.5348665,0.440658253,1.333333333,0.008640922,2
3846.465916,49.84234337,1917.16875,991.5673915,49.97427855,21.29426203,100.4989499,0.789463278,1.933333333,0.010349443,1
4899.825187,63.37953842,3105.486587,788.2586723,34.13277549,26.25414691,85.71759379,-0.585498893,3.933333333,0.017679174,1
3712.283469,20.72457783,769.3550768,1023.318466,79.18711203,15.53500834,149.7486042,-0.921038489,0.666666667,0.00559435,3
1751.398248,60.33430107,1056.693892,816.2834469,37.60577606,17.70593233,52.83413238,0.068218856,0.066666667,0.012358704,2
481.1233604,49.18929178,236.6611736,780.4758124,47.6008326,7.450691888,47.64107053,0.619826322,0,0.005746244,2
4409.843349,66.94761796,2952.285078,772.8317314,28.75011099,26.56454051,84.44646589,-0.522173085,5.066666667,0.019512069,1
3803.198724,12.28735172,467.3124039,1177.118502,87.59680715,14.66070366,320.3731439,-0.876362841,0.666666667,0.006692964,1
5852.176864,13.18136424,771.3967482,954.7896775,86.12774086,16.65363678,301.9969712,-1.013792413,1.6,0.013069757,1
2868.208524,44.74971863,1283.515244,814.30439,54.58684458,15.16152387,81.38688441,3.399882407,0.066666667,0.008101456,2
2824.450947,55.82753176,1576.82125,829.7385985,42.48121488,20.65862058,68.03018144,0.332918829,1.266666667,0.013920317,1
2885.186972,46.2410144,1334.139723,743.8343739,51.56081892,16.37159179,95.47442779,3.910409473,1.266666667,0.013393256,2
3981.929022,27.22180123,1083.952803,938.037035,72.57289107,16.20017037,135.988192,-0.41332794,1.066666667,0.00665753,2
7911.975861,10.25278084,811.1975448,1063.402484,89.66815684,17.94050177,319.7655925,-0.892964481,2,0.007370242,3
1242.121079,48.02976972,596.587894,808.6368448,50.02382415,11.20662922,52.57484136,0.802459524,0.2,0.00756459,3
3765.299475,21.60566447,813.517971,783.096234,77.0621662,14.53130938,154.8467789,0.202798875,0.666666667,0.010780517,2
6362.542021,16.59955485,1056.153653,841.0498197,82.1730385,17.69568507,194.8784033,-0.986005929,1.8,0.012841584,1
4141.355847,18.08919442,749.1379108,970.3415888,81.32617394,14.57269283,335.7110574,-1.253025478,1.066666667,0.01156543,2
925.7718438,37.49965224,347.1612219,794.2255672,60.06873669,10.79023897,44.34775391,0.150146099,0.266666667,0.007898977,1
1078.180754,35.31860262,380.7983762,784.4288038,61.54461562,11.14833164,54.93131129,0.892821516,0.266666667,0.008889485,1
3696.234172,41.46531364,1532.655092,1018.56387,58.3628028,19.26544966,140.2083646,-0.227215244,0.866666667,0.008682211,3
753.9920198,39.35495096,296.7331896,728.1403844,55.03320997,10.11648008,38.0696727,0.713207677,0,0.0091001,2
2230.978401,24.69086075,550.8477703,844.3396798,73.93960112,13.47082075,66.3414107,1.82181789,0.133333333,0.009614013,3
1542.23104,46.08009249,710.6614897,847.0355755,52.37000486,13.51455785,51.0198542,2.463765223,0.266666667,0.008637962,2
4108.144559,41.04539933,1686.204339,967.3652531,58.59835338,19.65668474,141.2168567,-0.455599668,1.2,0.009163654,2
4266.466414,26.45883767,1128.857423,926.3596877,72.80421117,17.3679678,131.9533905,1.286289612,1.666666667,0.010334487,2
4354.123087,27.18861887,1183.825931,1096.879927,72.74011751,18.57908361,159.0718232,-0.388203778,0.933333333,0.006766517,3
1124.387139,63.13680794,709.9021486,782.0652655,35.44503102,10.99521991,44.04114835,0.086526522,0,0.006555854,2
3343.011714,65.93821346,2204.3222,718.8774352,30.38305521,21.77216771,72.73126863,-0.138255564,2.266666667,0.016638703,2
6778.721768,8.566343764,580.6886095,1106.65033,90.87283562,17.4131516,399.2767095,-0.784046641,2,0.015580801,3
3925.018695,23.12389084,907.6170387,885.3239687,76.40898833,15.69720005,96.30525003,-0.039279689,1,0.008498768,2
4311.774928,38.33189544,1652.785057,722.1921371,57.62276989,19.62272549,136.108822,-1.054432905,3.066666667,0.018295364,2
7012.791138,5.321978756,373.2192546,1237.131448,94.66523287,14.88582151,293.6220365,-1.120363044,2.066666667,0.004161362,3
4205.868724,67.6311396,2844.476948,752.6880496,29.68187246,24.34709704,80.78489094,-0.726604368,2.666666667,0.017235041,1
5094.516391,2.668704153,135.9575705,1318.704771,97.26197723,12.7643576,534.6697057,-1.613394255,1,0.004658613,2
2472.731387,58.66673794,1450.670842,772.4844337,40.28721699,14.94880421,68.89700452,2.10952018,1.333333333,0.008941462,2
1906.610277,49.92702472,951.9137842,841.3437209,49.52012739,13.11117244,59.92735663,-0.41698587,0,0.006683972,1
12553.62553,6.409466122,804.6203754,922.9637278,92.90282057,19.332775,332.07311,0.223607729,2.2,0.013299505,1
4683.229154,45.96208478,2152.509754,1050.777735,53.94317557,23.03057093,97.00298252,-0.311847089,3,0.00939327,2
4222.521628,34.43756155,1454.133485,1004.404795,65.44647102,19.19407006,126.2132543,-0.587828897,1.6,0.008143041,1
1502.892221,38.6794899,581.311045,861.7206778,58.40871088,14.07701853,58.41642605,0.491029859,0,0.010012297,3
10036.77617,5.518443621,553.8738341,1105.999669,94.38557709,17.77735192,293.8559639,-0.887793505,2.2,0.007628248,2
4729.071016,13.32231526,630.0217496,1217.653314,86.57170541,16.16918452,297.3124197,-0.656642317,1.2,0.006653431,1
1539.349365,55.54701914,855.0626866,779.2736011,43.39176042,11.86546926,51.33825574,0.092585785,0,0.006404865,2
1954.442159,55.27637495,1080.344776,784.9561735,43.86572956,13.10095652,63.85632193,0.742662788,0.533333333,0.007420426,2
2454.606139,27.6777382,679.3794612,858.0238442,70.57442523,15.02171333,65.63365983,3.870002677,0.666666667,0.010489802,2
4741.97864,36.6470787,1737.796644,1012.628793,63.26237012,21.15561432,91.39980631,-0.396877516,2.333333333,0.008956449,2
728.3521541,49.66917079,361.7664754,726.5013971,44.92430108,9.937791642,35.59437165,0.794926316,0,0.008683001,2
1232.464245,43.9970725,542.2481876,924.791143,55.46817909,10.87357246,79.28419262,-0.389300774,0.2,0.005999106,3
3760.173452,29.56586051,1111.727638,915.8113379,70.08311328,17.46716354,105.7662838,-0.180884872,1.066666667,0.009316146,2
2928.563815,29.05624985,850.930819,811.1531091,66.61373809,17.48882491,117.4760296,-0.35498254,2.066666667,0.015574524,2
1891.906582,26.88301317,508.6014955,845.6437191,71.38078432,13.75742073,63.34692638,2.4621676,0.133333333,0.0099566,3
1607.599764,33.2894436,535.1610167,832.1233183,65.9502259,10.43940457,70.44077605,2.023416755,0.133333333,0.006018113,2
3416.000071,29.41495853,1004.815004,842.3537839,69.85151479,14.93094236,129.3336639,1.621328953,1.8,0.010065504,2
6188.871583,11.83263694,732.3067053,996.5963451,87.45822168,16.85298064,306.1531127,-1.138906488,1.6,0.012808346,1
4019.125079,35.77947769,1438.021961,865.2572197,63.09170677,19.16627672,89.16268694,1.039627106,2.333333333,0.011996429,1
4372.09136,12.96811179,566.9776952,924.1428183,86.46907504,13.83367806,373.7189505,-0.888511003,1.133333333,0.009127562,2
2373.012872,47.75257689,1133.174797,830.9862783,51.85477896,14.34097496,66.21559326,0.088253667,0.2,0.007282613,1
2325.074847,55.4542209,1289.352142,794.2207799,42.88980102,16.08830354,69.7902821,0.066035619,1.6,0.010687723,2
3898.177531,41.88152295,1632.616117,985.5919505,57.93670731,20.61386321,93.42818279,0.571778073,1.2,0.009953115,1
4296.200528,30.69727306,1318.816407,885.0113868,68.4462469,17.76487514,107.892513,1.335551573,2.066666667,0.010582898,3
504.6923649,46.62331668,235.3043196,780.2437048,49.87766194,7.427751711,47.65726521,0.591926923,0,0.005800307,2
1913.636045,49.50132606,947.2752182,785.2414417,49.24443199,13.01159118,63.82901744,-0.039127974,0.4,0.007942434,2
3701.020839,63.07798188,2334.529254,728.7286983,34.27089237,21.04472467,83.09474933,-0.621101352,0.866666667,0.01471433,1
3451.170825,55.09619618,1901.463848,803.7142292,44.33237159,16.59543634,108.6802388,0.328524265,0.6,0.008687572,1
2912.573411,25.2189719,734.5210699,904.3730893,74.56613932,13.00895005,89.14224685,0.202623393,1,0.006345718,2
1579.252989,25.129113,396.852268,754.7378543,73.10963111,9.867422233,56.35696848,0.740604145,0,0.007192092,1
1290.796599,36.89640899,476.2575923,840.2830333,61.3315856,12.50105076,68.657011,0.314037697,0,0.008681425,2
2058.750854,27.35438602,563.1586558,845.1484989,71.09898673,13.78879826,65.52949727,1.996280207,0.133333333,0.00997107,3
3334.14379,67.72605533,2258.084068,721.9864292,27.65235744,22.2787761,66.77335009,-0.105070863,2.266666667,0.017532053,2
5797.415101,7.896486258,457.7920868,1203.311448,92.05657348,15.10756532,305.3458028,-1.030056461,1.6,0.005406372,1
4438.229054,30.35376349,1347.16955,890.1172275,68.87205818,17.58308104,110.2864872,1.133977183,2.133333333,0.010315815,3
2062.751396,22.94109951,473.2178504,895.2173926,76.61277682,11.00384393,73.53012831,0.318816453,0,0.005703181,2
2300.43088,50.6840626,1165.951827,799.9105441,47.41014712,15.96434078,70.11106065,-0.030054202,1.333333333,0.010548879,2
3311.011878,31.98959293,1059.179222,854.3572201,66.35233748,16.44177112,139.3371475,-0.550898747,1.133333333,0.012488712,2
1244.111288,33.08577499,411.6238613,725.9928955,64.58840757,9.32931248,53.21189716,0.356985879,0,0.007341514,2
2531.128795,37.9165882,959.717682,802.5586626,60.5786958,14.329672,64.49935668,-0.081076308,0.6,0.009186124,2
1699.72937,36.43494169,619.2954046,712.6220158,60.23629837,11.74050599,70.49541006,1.394809904,0,0.010569319,2
4132.394829,25.16500093,1039.917197,1079.691647,74.8093634,17.81552142,92.4447854,-0.429537827,0.666666667,0.007009696,1
1068.20009,56.1723791,600.0334043,754.5327661,34.86782383,14.48254631,43.49822467,-0.073011294,0,0.013152331,1
2871.42646,64.47604548,1851.382231,695.4712141,31.15090997,19.42398235,69.13182467,-0.264026763,0.8,0.015913402,2
2994.472505,63.72218509,1908.143312,701.8714253,31.67653695,20.42700281,72.2002234,1.3794371,1.2,0.017019699,2
3334.634901,38.65106175,1288.871795,814.7592774,59.9670306,17.02326937,89.27796994,-0.047348723,1.333333333,0.010755311,2
779.5638977,44.70810825,348.5282713,730.6758508,49.98201858,10.23300555,41.23288109,0.785268049,0,0.009162827,2
4469.114143,54.31814063,2427.539705,1019.92456,45.58547785,23.13778363,99.42307132,-0.143253769,2.066666667,0.00957956,2
770.967328,38.33794336,295.5730175,763.4397742,57.16384223,9.839847681,39.27613785,-0.114741237,0,0.008117087,1
6551.020601,14.99660544,982.430712,996.3199047,83.84927871,19.50941643,251.9461998,-0.33605543,3.533333333,0.01411831,2
4442.924629,13.46366575,598.1805218,926.5641312,85.99287111,13.9201674,371.499827,-0.877810696,1.133333333,0.009138207,2
2627.773421,43.62908123,1146.473401,792.3749636,55.30320753,14.07661425,73.07923096,4.079621677,0.133333333,0.008210893,2
8638.652829,3.294458778,284.5968564,1230.953596,96.69861666,15.62520467,264.6102102,0.12488196,1.066666667,0.003631807,3
3111.12855,55.18521252,1716.882902,831.2967862,43.46741664,19.32304535,79.37963509,0.452509842,1.266666667,0.012340417,1
3346.857506,57.23390668,1915.537302,828.0065752,41.51220858,21.70036984,82.88340083,0.347245994,1.2,0.014044294,1
1195.597463,52.56702404,628.4900056,695.4962948,45.27261475,10.50631398,47.76518766,0.442945228,0.2,0.008092744,2
3186.658159,25.39874361,809.3711355,727.8163827,72.57175552,14.25853547,90.52940426,5.954924316,0.933333333,0.010949342,2
6661.518714,18.04992071,1202.398846,585.3310825,77.58080026,20.03966656,151.3377023,1.173120842,2.733333333,0.024632143,2
4963.682625,12.78403909,634.559127,885.4145687,86.94190203,14.4007564,97.3680266,0.077101472,0.333333333,0.007299934,3
1875.001447,58.23946588,1091.990828,815.6563856,39.66270586,17.58239644,52.94994951,0.064511491,0.066666667,0.012281023,2
2663.2208,13.4599369,358.4678392,732.3756925,85.28259725,9.848181816,73.82952793,4.999695672,0,0.007760103,2
1603.325532,38.3947038,615.5920888,720.4784422,57.74459971,12.11944192,72.41358575,1.479206355,0,0.011020257,2
1140.437665,36.95921724,421.4968341,806.4149832,61.0861258,10.16319071,50.42304736,-0.285299681,0,0.007064216,3
6250.881806,23.9508115,1497.136919,681.5184863,74.79163762,16.59566382,173.1518173,0.081623297,1.666666667,0.022319825,2
2402.631348,59.91668971,1439.57717,797.1185146,37.5642325,19.32336952,70.03452915,-0.144966999,0.733333333,0.013497943,2
3159.075181,59.06573124,1865.930856,708.5019949,38.10762995,18.44090478,79.49941149,-0.593957472,0.8,0.013548379,1
5177.478088,49.72431394,2574.465459,1018.949691,50.20426611,24.14311112,102.3237848,-0.096958524,3.2,0.009855424,2
3761.849241,41.18413792,1549.28518,1016.186186,58.63207008,19.23223534,142.4617509,-0.266529825,0.866666667,0.008724293,3
1594.031464,43.75363249,697.4466685,915.5161224,55.42775608,13.13468292,96.92876325,0.411367454,0,0.007432803,2
2168.530591,25.46784959,552.2781092,949.4035758,74.39772965,12.12135517,57.3835535,0.215250009,0.2,0.005783601,2
2108.010067,45.2035894,952.8962149,670.8174082,53.06429384,11.95220312,65.13955704,2.697352495,0.466666667,0.009096386,2
3049.191943,36.41581093,1110.387973,927.8917816,62.49690094,18.08122245,106.4345945,0.478803571,1.533333333,0.010742859,2
2445.899988,29.05056729,710.547822,775.2763418,69.25682392,12.64706339,97.0630051,2.464753508,0.266666667,0.009182574,2
794.7964931,45.58568382,362.3134163,725.9478675,49.57557814,9.949163975,38.45699402,0.585972118,0,0.008579499,2
3209.09678,43.81689255,1406.126488,793.194023,53.77195192,18.35849731,95.93920701,-0.012288453,2.6,0.013090124,2
3776.033082,48.06249963,1814.855886,770.7743574,49.70222316,19.05004887,109.821975,-0.13696462,3.066666667,0.013419389,2
3834.911604,41.01373147,1572.840347,961.6079207,58.61282034,20.84920152,110.479355,-0.120513016,1.2,0.011210936,1
1967.807191,65.98023068,1298.363724,810.7735458,31.7393667,18.70012153,55.0414842,-0.177942999,0.266666667,0.012863876,2
1921.181183,32.73882487,628.9721428,890.2591765,67.07425739,11.56074809,101.5449527,-0.936067486,0,0.004684733,2
2852.099113,19.41836202,553.8309309,794.2148791,80.10522422,11.78385439,85.39982699,-0.19226094,0,0.00689234,2
1866.351863,34.76648831,648.8650023,808.7857238,61.7756863,15.16334721,65.75331091,0.252902928,0.066666667,0.012136435,1
3000.422524,21.11584127,633.5644577,747.0256879,75.56601972,15.69379014,153.590747,-0.082203129,1.266666667,0.018451461,2
3067.684306,34.31967226,1052.8192,637.2981616,56.75129739,17.71616029,126.6895988,0.237840246,2.066666667,0.023056007,2
7595.596705,13.85773588,1052.57773,954.1056187,85.7760274,19.24348077,327.1749321,-0.457562546,3,0.011356445,3
1962.686462,23.36597643,458.6008559,1060.910724,76.59839104,11.318706,85.25550617,0.791753469,0,0.004151147,3
4317.135044,45.90152646,1981.630885,990.7875207,53.92069144,22.96932406,115.1279789,-0.345919804,2.4,0.011468349,1
4273.673495,72.74652832,3108.949099,784.2661434,24.34454591,26.12232495,81.10969708,-0.606998916,3.866666667,0.018058466,1
1890.599815,56.6475735,1070.97892,806.6546339,42.39755869,13.48671696,61.46403679,-0.309111473,0,0.007463086,1
5890.557662,7.573963968,446.1487148,1205.020123,92.37957347,15.22899108,303.0918906,-1.023232717,1.6,0.005468979,1
1077.396034,51.33332457,553.0632031,904.0603166,47.86593491,10.67723377,93.60509064,-1.144400953,0.2,0.006043021,3
989.2008786,40.32916707,398.936475,794.8525209,57.33222398,10.74762229,43.31755394,-0.001447125,0.266666667,0.007838807,1
3657.649325,73.24159482,2678.920699,733.1317814,23.51506953,22.86378645,75.79682696,-0.522701149,1.666666667,0.016346049,1
3123.737605,30.30041626,946.5054971,812.2532615,65.62487469,17.39241031,118.5015349,-0.379619093,2.066666667,0.01551136,2
2638.430746,17.52073799,462.2725382,812.9725934,81.49997375,11.02062218,81.81811903,1.21158983,0,0.007208409,2
4484.987394,10.36529456,464.8821545,1227.008562,89.59801982,14.90274446,286.1424619,-0.639397625,0.6,0.00575449,1
5588.756819,10.88196946,608.1668104,1154.637523,89.05313816,15.03880076,304.5838884,-0.926808075,1.533333333,0.005525453,1
1500.376592,30.34052178,455.2220867,750.6218273,68.07328831,9.495361307,55.6318433,0.349431026,0,0.006622788,1
2913.729033,54.98615663,1602.14761,834.3069599,43.78074841,19.72055596,77.13433177,0.575901959,1.266666667,0.012709889,1
2458.750389,31.48521802,774.1429205,773.9342731,67.20485159,13.42950881,90.06238013,0.281746551,0.6,0.00923862,1
4692.798508,18.25628097,856.7304809,979.760823,81.59585158,15.61899131,159.9485595,-0.892622833,1.066666667,0.005980249,3
2950.659485,16.34447231,482.2697225,766.4163374,82.8733474,10.4111245,127.357774,2.093158783,0.266666667,0.00714312,1
2415.142691,66.45583939,1605.003347,824.6415405,32.34437418,18.65126786,59.61001013,-0.160331712,0.4,0.011551156,3
1923.728599,40.13446167,772.0781172,792.0169801,58.08635201,13.96141465,66.30560312,-0.068058814,0.133333333,0.009934533,2
2408.408993,67.07082049,1615.339673,825.8283951,31.73398809,20.66637045,57.56902153,-0.073302589,0.466666667,0.013648757,2
6081.630817,11.61339966,706.2840929,890.9709961,87.0794141,16.3539399,318.3770813,-1.240027022,2,0.014807331,1
2449.272425,25.80450822,632.0227042,786.7195296,72.8328957,12.36770907,69.57012416,0.064146291,0.133333333,0.008192355,2
3692.350786,66.00333845,2437.074786,731.0703151,31.48612942,21.16367237,82.37311388,-0.633733623,0.866666667,0.014801111,1
3223.235598,39.68968959,1279.292203,918.1768065,59.29087614,18.12922612,103.7053521,-0.03056511,1.2,0.01093416,2
4274.662636,44.12688315,1886.275386,1033.583492,55.79234598,21.90377769,94.78530921,-0.453794719,1.8,0.009328524,1
1342.903738,37.09744239,498.1829405,764.2842957,59.121762,12.67903141,56.88995629,0.135936484,0.466666667,0.010412176,2
1724.472858,24.12202749,415.9778169,730.2536017,74.85338168,9.392689356,71.70579099,1.79062486,0,0.006658002,2
3037.14192,15.29825717,464.6297814,808.737116,83.6835192,11.49998172,74.5571742,0.225023996,0,0.007547837,2
9803.725064,14.40300876,1412.03138,1077.714641,85.52568557,21.68447611,189.5382993,0.574431344,3.733333333,0.007971843,1
1388.956999,50.76306933,705.0772044,616.1006688,44.67764423,10.6859264,46.46014349,7.048317393,0.6,0.010195723,2
1166.342651,38.48615486,448.8804387,944.1513925,61.11252257,10.94876721,69.87199075,0.486014922,0.2,0.005852861,3
2201.23875,34.87156109,767.6063153,968.4001063,64.91442629,14.27076912,76.75607613,0.41959421,0.866666667,0.006948309,1
2241.016479,31.24963744,700.3095246,750.4725314,67.71831104,11.60565896,72.9137135,-0.365057821,0.2,0.007571224,1
3882.158429,21.3684623,829.5575602,1022.131579,78.56739627,15.41584208,136.4760265,-0.9120625,1,0.005595335,3
3490.955894,16.75071083,584.7599269,844.8368708,82.61823536,12.62119198,103.3414394,1.662539441,0.933333333,0.007756947,2
3978.04579,24.64080744,980.2226031,803.6226592,74.00546836,15.71615601,306.6667474,-0.481800184,1.466666667,0.021906887,2
1042.000489,30.00826935,312.6863134,785.020423,69.08517167,8.05664456,60.04715968,-0.518031579,0,0.005043471,2
3497.307475,69.85012676,2442.873705,727.2455035,26.7647636,22.45252792,75.80095197,-0.651215041,2.266666667,0.016486744,2
958.0528912,38.86744114,372.3706436,786.5545525,56.86999106,11.41369589,50.11010603,0.21618681,0,0.009501177,1
6116.718676,14.64585399,895.8456864,820.4955211,84.89992732,14.74109661,141.8855692,0.382142611,1.466666667,0.008608387,2
3186.173731,59.08367398,1882.508499,707.4068511,38.18000347,18.41312965,79.52075883,-0.583727068,0.8,0.013546923,1
1427.734836,50.01061778,714.0190119,610.9910148,45.51404313,10.72123112,47.40765783,7.185184648,0.6,0.010354653,2
3175.61848,23.64871736,750.9930387,775.0147144,75.48336637,12.51661871,140.4059722,1.502312172,0.666666667,0.00866118,1
2766.14024,49.86836091,1379.428798,802.7359671,48.09411658,18.534025,65.60179813,-0.425471602,0.2,0.012418111,2
3151.567419,34.88844392,1099.532832,917.5426134,64.76460059,16.69845056,93.84660524,1.053330077,1.533333333,0.009280126,3
3781.946511,54.73178586,2069.926866,872.3630125,44.3166094,21.4519439,96.12388071,-0.001228556,1.4,0.012604822,1
5695.266876,11.99720921,683.2730821,923.613586,86.8445053,16.11550689,357.8639816,-1.195483963,2,0.014773536,1
817.7970028,42.34361468,346.2848117,797.4543267,55.45884767,10.37657218,46.47201426,-0.326406791,0,0.007571023,1
1839.859452,24.02909782,442.1016275,738.6440481,74.37782337,9.93451705,78.71438401,1.800926709,0.133333333,0.007659761,1
2209.055843,32.47829924,717.4637671,791.3011156,66.40950783,12.35247616,73.46603058,-0.072314658,0,0.007781853,1
3045.091638,23.86376604,726.6735441,800.2417324,75.43715371,13.81730208,159.8034451,9.70525819,0.733333333,0.009388249,2
3344.228841,31.75545402,1061.975052,628.6233929,63.85394549,15.6596354,108.435144,-0.225558424,1.933333333,0.020042166,2
517.40485,33.63616898,174.0351697,580.9072264,62.60118149,5.564923142,30.30960652,1.365203913,0,0.006082978,2
2332.251484,37.15696055,866.5937638,795.1975727,60.84871793,14.43675906,80.52968615,0.597459774,0.866666667,0.010343533,1
827.8615784,32.47395822,268.8394231,878.9829922,66.46913375,8.453664855,46.03861121,-0.342602987,0,0.005372879,1
5362.784445,46.689612,2503.86325,1017.581994,53.2398216,24.05698967,102.5136795,-0.010763927,3.466666667,0.00993847,2
2392.755728,27.66667961,661.9960611,776.3481449,70.56627188,12.95269333,98.91751748,2.224858955,0.266666667,0.009265306,2
1972.036182,27.88949139,549.9908612,804.3811282,69.23048311,14.2775902,108.9478009,0.690371032,0.733333333,0.011630061,3
3121.102565,16.71010969,521.539662,747.8682225,82.78115834,10.21301282,109.6766687,10.41327362,0.333333333,0.00605839,2
1861.510653,32.21464187,599.6789902,790.8136376,64.78900538,12.35527083,106.8652335,1.079680516,0.6,0.012322553,1
4364.024849,21.28457391,928.8640944,947.086358,78.60011594,15.48729218,114.4362139,0.153335744,0.4,0.006430082,2
1209.78431,57.65019343,697.442995,776.2731487,40.72842778,10.96755905,51.4990202,-0.459020607,0,0.006589711,3
778.5908276,41.3489789,321.939357,746.4841945,55.09824381,8.879257905,62.30026033,-0.712146183,0,0.007055892,2
4166.967983,20.65446638,860.665001,923.8050436,79.18366356,15.02487209,125.8465507,-0.254700008,0.4,0.006544597,2
2206.249415,57.81103197,1275.455555,762.7605198,40.862386,14.21327984,63.97879741,2.688919877,1.066666667,0.009021062,2
4056.965195,19.72685017,800.3114456,946.2159879,80.1736287,15.16734055,116.2158559,0.094474035,0.2,0.006220848,2
1065.75018,37.19992685,396.4582873,783.0221448,59.71160053,11.13280411,53.45823406,1.124926487,0.266666667,0.008881309,1
2188.247219,26.36585089,576.9499988,876.3877394,72.98984447,13.23887818,79.01439511,0.06648563,0.466666667,0.008030313,2
1272.502304,64.35623788,818.9346096,786.0705085,34.48384247,12.70799909,46.70793309,0.331414462,0.4,0.008385425,2
2908.541281,60.96127289,1773.083788,670.2783984,34.6325635,18.93779274,78.23984385,0.647220498,1.066666667,0.016951145,2
4497.563096,64.78183606,2913.603952,757.9719713,33.00616627,24.69544242,84.69470029,-0.909588682,3.866666667,0.01737555,1
1505.139761,24.99054831,376.1426792,713.5187112,73.24634142,9.255912063,59.18591903,-0.167566741,0,0.007092927,2
951.1204968,43.26261801,411.4796274,748.0027468,54.00551835,9.635211281,63.92991373,-0.654170907,0,0.007421576,2
2685.96361,49.70650567,1335.098654,834.6419825,48.61958084,19.67203307,69.58949834,0.363033273,0.866666667,0.013360315,1
2419.61249,24.27640529,587.3949344,839.433978,74.35539341,12.76684064,65.92134648,-0.207419756,0.266666667,0.008227397,3
3468.993113,57.38833939,1990.797541,833.1863331,41.38328777,21.69716731,86.63146193,0.530148343,1.2,0.013991796,1
5498.580358,46.33538591,2547.788428,1013.084372,53.59899681,23.70870409,104.3467133,0.048902823,3.6,0.00966572,2
6895.759541,13.4530058,927.6869311,947.8012236,86.45129134,16.86919644,159.579282,1.121576999,2,0.006933194,3
1150.970133,32.29537468,371.710117,768.8811116,65.81876448,9.171920525,46.40237573,0.650813676,0.066666667,0.006426223,1
1505.35115,24.05365046,362.0919039,718.5056467,74.31223285,9.166253313,51.56325082,0.01271022,0,0.006996063,2
795.2992561,39.3696545,313.1065694,769.3502345,59.08352303,7.972999442,67.77100405,-0.636899772,0,0.005405317,2
9287.57603,7.542344322,700.5009634,1105.813774,92.23294224,18.75579704,297.1737632,-0.53773057,2.466666667,0.008969148,3
1119.653975,54.42401443,609.3606409,699.9278625,41.88209951,10.30174963,42.76650557,0.656207119,0.133333333,0.008443571,2
1702.996698,25.22892019,429.6476777,763.8032077,74.05269493,9.289587278,61.32565534,0.024692726,0,0.005666035,1
4391.547778,41.41831092,1818.904913,1062.910781,58.55589009,21.00621697,89.51092208,-0.390437279,1.866666667,0.008221354,1
2344.409815,68.42098407,1604.068266,830.2879906,30.22716128,18.98821934,59.01999025,0.028670909,0.4,0.011940927,3
3171.331213,57.40854873,1820.615225,831.2921714,40.6725003,21.89445138,72.48655771,0.101352458,1.733333333,0.014662306,1
1430.805668,23.87846928,341.6544919,768.6422478,74.73348354,9.10511533,53.16691686,0.293563599,0,0.006140788,1
7925.50494,16.23982816,1287.088383,941.8317708,83.11874293,19.669044,329.2195351,-0.945980466,2.666666667,0.012640842,2
1381.303755,51.4309511,710.4176588,611.3182059,44.05809338,10.70142362,47.03689564,7.411702365,0.6,0.010348787,2
3044.719734,22.8290413,695.0803255,854.8596701,76.32848377,13.6935784,82.29719332,-0.062331529,0.333333333,0.007974382,1
1694.410147,27.06834149,458.6487248,1101.588875,72.92724602,11.65622031,71.493147,0.759319281,0,0.003955432,3
3722.965328,28.26164842,1052.171372,826.5343239,71.14815523,14.81519608,87.9566525,-0.274005019,1.066666667,0.007992718,1
6534.518291,13.64883463,891.8855952,813.5945819,83.9489596,18.12193208,339.5143527,-0.715223536,3.066666667,0.019073562,2
2979.396347,31.26775973,931.5904912,824.038277,67.69815354,15.66491825,86.72063896,0.032129139,0.866666667,0.009613292,2
1692.850223,40.89411215,692.2760689,867.4277075,58.51823428,11.83236566,61.07744442,0.595132101,0,0.006193594,3
5214.225411,15.37941617,801.9174262,618.8346891,79.91353507,16.50313172,197.0410508,0.544315488,1.333333333,0.023006759,1
6105.766009,12.27418751,749.4331691,930.04827,87.56231572,14.73964891,196.1035918,4.637169049,1.2,0.006915654,2
4209.38437,27.8626183,1172.8447,1171.375845,72.10118782,19.26748872,145.5675305,-0.342390423,1.533333333,0.00682106,1
2957.279268,19.39641117,573.6060463,895.9851999,80.18486606,12.56447267,93.17369235,0.718730771,0,0.00665681,2
4012.461744,48.70798948,1954.389444,1008.749593,51.06756877,23.5128247,91.68622507,0.347978839,2.533333333,0.011934902,1
1012.216454,34.61881178,350.417309,779.3622048,62.39010743,10.87004424,56.44165548,0.411034542,0.066666667,0.008745862,1
4969.532362,22.95622052,1140.816808,819.7565828,74.48071617,18.3488184,262.5400806,1.335162637,2.733333333,0.016266545,2
2030.102534,27.17907267,551.763043,952.2569699,72.67412327,12.16212127,56.11218192,0.387188283,0.2,0.005827903,2
2234.193862,22.82166579,509.8802564,893.4379562,76.69407668,11.43239866,74.01547562,0.438330333,0,0.005947568,2
3585.358614,43.46455484,1558.360161,992.4753166,56.32970725,20.16548809,100.1199216,0.481592883,1,0.009821836,1
3280.010192,53.09202608,1741.423867,803.5580893,46.30753365,16.63902588,108.6852264,0.324670436,0.6,0.00873159,1
1687.881163,27.43224467,463.0236903,856.3467753,71.90819448,10.53516912,61.33716679,1.664556371,0,0.005721403,2
4479.674304,23.32099223,1044.704496,903.2481828,76.36873321,16.56339743,108.8377158,-0.573790689,1.2,0.008597746,2
2159.092315,19.36159149,418.0346338,922.5230058,80.45327446,10.87074976,64.17917962,-0.346726064,0,0.005007714,2
5457.085725,13.98022027,762.9126047,957.7954151,85.89685763,15.4294764,175.6327286,-0.760363873,0.866666667,0.005728104,3
4010.37832,41.94195762,1682.031175,979.9739397,57.80499378,22.17759682,96.15568953,-0.19892048,1.666666667,0.011348058,1
3491.912849,66.68475428,2328.573503,733.5319838,30.98790808,20.72541951,79.10716553,-0.638078132,0.733333333,0.014492835,1
3473.644174,68.9449344,2394.901697,726.9526658,26.90397242,22.83461074,70.38836704,-0.36036257,2.266666667,0.017670185,2
2516.670126,26.73797885,672.9067259,819.6747169,71.17612839,13.50952276,164.1172605,0.749270619,1.266666667,0.012542445,1
6363.12724,11.84116097,753.4681391,983.6259863,87.74371916,16.76563584,165.2559803,1.055112324,1.466666667,0.008811878,3
2816.163783,15.23251799,428.9726548,729.7256059,83.95573494,10.04266917,126.2097954,6.787105222,0.333333333,0.006910401,2
3420.482383,31.36545663,1072.849918,816.6865325,67.93042598,14.64502212,87.76089619,-0.425701745,0.8,0.008226364,1
2697.787536,20.13911089,543.3104236,950.1739309,79.81763781,12.01705311,69.01313441,-0.058185603,0.2,0.004240174,3
4294.132775,35.97276842,1544.718439,628.8550844,60.3250127,16.64531261,99.33366336,0.078518328,2.4,0.016843895,2
2333.794391,34.79253601,811.9862539,789.2228027,63.94928408,14.02924293,92.83326888,0.503759303,0.6,0.009510291,1
2699.599629,32.13445594,867.5016532,863.6810534,67.65088556,12.83894457,90.92013582,-0.538374413,0.2,0.005513257,2
6005.418834,14.96510344,898.7171407,681.694985,83.48039303,16.44909208,149.9059678,-0.440520439,1.133333333,0.015528557,2
4692.172346,21.6206025,1014.475931,888.0844364,77.73120453,16.40809508,121.6121571,0.053253206,1.6,0.009655638,2
4055.590095,40.76039463,1653.074527,974.5745181,58.90947399,19.46898244,143.0922859,-0.532349153,1.2,0.009066914,2
2553.662366,19.81861395,506.1004858,953.7832132,80.08410974,11.52498621,64.16195085,-0.143603746,0.2,0.00480578,3
3514.849761,20.00352739,703.0939348,725.0889062,78.54964084,12.34358462,117.0053733,0.299785878,0.266666667,0.009540355,2
1447.974944,58.28599329,843.9665789,787.7749306,40.67571026,11.84189917,49.24352289,-0.128401512,0.133333333,0.006664433,2
5015.126198,63.82809782,3201.059655,772.9593265,33.67846121,26.24640484,93.29794013,-0.691202104,4,0.018501769,1
4338.182978,45.77622213,1985.856276,988.6955134,54.02886073,22.81448691,114.9556893,-0.362751198,2.4,0.011297015,1
2384.568361,24.87723655,593.2147117,879.5537669,74.48316714,13.54510809,85.58202893,0.011849446,0.333333333,0.008060177,2
5031.656828,21.34374616,1073.944061,1081.601812,78.61394126,18.31888516,168.8841822,-0.834894011,1.466666667,0.006912266,1
926.9684827,47.98732064,444.827338,563.2531782,48.1580888,8.199071918,43.77835991,3.222756331,0,0.009254552,3
3902.46787,17.50069743,682.9590943,887.0746417,82.18944655,13.3708913,93.33834797,-0.045884407,0.133333333,0.006750668,3
2643.22139,50.84736143,1344.008334,850.2484986,48.76660216,15.31824044,69.26206429,0.257349097,0.2,0.007548465,1
8232.492018,3.946055578,324.8587105,1125.178626,96.02250587,15.38511573,262.3525168,-0.276841843,0.8,0.004604783,3
2185.390198,54.31938888,1187.0906,793.2711119,43.92257871,16.11590107,69.77461256,0.054091124,1.6,0.01066907,2
2836.885981,53.3574794,1513.690853,830.2395177,45.19889967,20.65654087,68.38270319,0.297997602,1.266666667,0.01391107,1
3155.637852,40.99609264,1293.688217,979.187279,58.73679358,17.61235252,166.9856987,-1.145618148,0.933333333,0.00788187,2
1511.82519,23.79134868,359.6836024,720.6172193,74.36196312,9.085991925,52.2682481,-0.0657951,0,0.006836951,2
2612.759244,49.29429185,1287.941167,806.0004587,49.76177796,14.86172938,79.56200494,3.487631455,0.133333333,0.008527168,2
3700.528023,71.63163235,2650.748628,762.7874023,25.34056592,23.28369724,81.22685008,-0.656101538,1.866666667,0.016075239,1
1501.074203,28.45645539,427.1525109,722.9967982,69.6615396,9.489010016,51.72720167,-0.292004498,0,0.006915301,2
1650.901681,41.63067647,687.2815377,868.7204239,57.81180695,12.55713708,61.27486401,0.644474742,0.266666667,0.007125847,3
5942.711841,9.227362592,548.3555693,1165.661496,90.73088922,16.01313067,272.2264964,0.161296484,1.333333333,0.005471317,3
701.917253,39.35856185,276.2645361,719.3848834,55.23500912,9.057621778,34.9635485,0.461243901,0,0.007924989,2
1949.796289,58.82617682,1146.990612,807.6374488,40.39285414,13.91605079,63.88209226,-0.270308797,0,0.00743852,1
2710.242718,15.93610921,431.9072393,800.4252166,83.0317548,11.05091953,72.97315895,0.331991909,0,0.007209144,2
5319.525825,19.80420993,1053.490062,943.0899473,79.37113993,17.27042105,195.3452463,-0.961900378,1.466666667,0.010869319,1
7508.9245,10.43850704,783.8196125,977.0030059,89.28779262,17.02493001,324.2420861,-0.596137326,1.933333333,0.009302422,3
2516.471428,20.03177945,504.0940065,954.4187169,79.8610727,11.55653136,64.29306963,-0.15605929,0.2,0.004812568,3
6507.426404,17.12022591,1114.086101,670.4856638,81.18671313,17.24258551,154.4339642,-0.57901149,1.666666667,0.017265845,2
6289.304662,12.90766334,811.8022723,971.4633661,86.7394547,17.0574636,238.0155013,-0.583014679,1.866666667,0.009218972,3
4530.334984,21.80200367,987.7037996,1055.804548,78.11651669,17.4295296,159.9164154,-0.925105061,0.533333333,0.006527206,3
3822.879273,29.23829064,1117.744553,874.653009,70.3610314,16.07517149,97.05884331,-0.746590543,0.2,0.008800174,2
6169.012081,16.84169505,1038.966202,906.353662,82.40124178,17.25301474,193.5294863,-1.072727898,1.466666667,0.010952315,1
2767.434173,30.625247,847.5335511,667.6946391,56.95069493,19.6877706,95.86770417,1.482050776,2.933333333,0.024743485,2
775.5886065,45.22101636,350.7290506,728.0798492,49.7905783,9.877733846,38.24555899,0.645431774,0,0.008571479,2
1746.170734,30.91963687,539.90965,783.2608527,66.04147744,12.450271,107.5412982,0.703863574,0.733333333,0.012548034,1
2481.786304,30.95746711,768.2981788,867.1717019,68.7871302,12.34917019,101.313211,-0.839966475,0.2,0.005369217,2
1559.150367,28.85744584,449.9309727,847.6821711,70.29904915,10.20562778,61.62171839,1.618901058,0,0.005743612,2
2836.149857,22.53806112,639.2131884,871.5714767,77.17683132,11.50662785,115.6718627,2.203967161,0.6,0.005944485,2
3985.519592,37.17641586,1481.673337,795.2898098,61.81817006,16.88690326,130.1765028,0.314213095,2.333333333,0.011634548,2
3471.572573,33.66082331,1168.55991,796.4746075,62.73616357,18.55085292,129.9524527,-0.980665576,2.266666667,0.015817908,2
2772.778385,33.27741553,922.7089849,745.91427,65.72970826,12.99112795,83.21157124,0.559430861,0.4,0.008083717,2
4499.510378,24.69497303,1111.152874,940.7859857,75.18669364,16.35498863,121.5575053,-0.549121484,0.733333333,0.006658455,2
1918.876462,29.53014476,566.646997,797.9901478,69.4848433,11.44056906,75.10369918,0.573978313,0,0.007121753,1
759.7856784,31.46996035,239.1042517,870.917486,67.03831151,8.626058409,46.16433534,-0.146928812,0,0.005920364,1
6532.177743,14.03982186,917.1061188,967.6377663,85.77863616,17.20098008,157.1100413,2.201649912,1.666666667,0.007987132,3
1276.467879,54.13612903,691.0302979,579.0832248,42.650001,9.336045539,52.75407091,1.55751181,0.133333333,0.008929189,3
1388.454277,41.24701151,572.6958956,778.8670559,53.9715517,13.41920788,53.15654446,0.827181232,0.4,0.011062889,2
4558.24204,21.63045319,985.9684106,1092.174599,78.29322843,17.81808311,159.4204808,-0.484260085,0.533333333,0.006536325,3
1846.138498,24.82990326,458.3944031,851.0779243,74.54344879,10.4299767,68.24745026,1.052205617,0,0.005668151,2
6606.03239,16.90942016,1117.041773,919.1107638,82.92679925,16.92428298,188.8346634,3.365620186,1.333333333,0.010301115,3
3609.400217,65.89364914,2378.365515,724.5128553,30.70623665,22.14093322,75.64586725,-0.601491271,1.8,0.016489696,2
5010.996738,21.00694899,1052.657529,1041.100519,78.94085076,17.80925609,175.8523757,-1.000626949,1.266666667,0.006865308,1
2242.127345,69.44231228,1556.985073,829.5971804,29.09590093,19.11863072,58.78892237,-0.001577293,0.4,0.011969941,3
4099.079752,33.65640864,1379.603032,810.354361,65.39918904,16.00615868,139.1771158,0.106545745,2.066666667,0.010999775,2
3879.632415,71.32619481,2767.194175,760.6746581,26.10898452,23.3142617,82.71899419,-0.69233248,1.866666667,0.01586728,1
4615.551624,38.36193439,1770.614886,1022.240881,61.53594984,21.41605782,128.2944707,-0.524477825,2.533333333,0.008762254,1
1359.485132,39.91642676,542.6578872,779.1693868,55.68474148,13.07368393,53.34337023,0.809835374,0.4,0.01072733,2
3291.856442,40.55014833,1334.85267,937.9662098,58.92465764,19.57889766,71.65891883,0.352491694,0.933333333,0.01111883,1
1110.159005,55.51928248,616.3523137,752.2067917,36.15412907,14.69541861,42.8720829,-0.148065746,0,0.013338562,1
2809.864015,26.95805204,757.4846035,886.12856,72.58445282,14.06338825,92.3659289,-0.271595436,0.2,0.007418906,3
4597.273379,17.23409541,792.2984805,1031.777307,82.69119981,15.72193412,152.2124914,-0.903527358,0.666666667,0.005570105,3
2594.848674,24.34704111,631.7688735,876.1472854,75.22514711,12.4216146,93.0380037,1.05728667,0.133333333,0.006203502,2
3713.116344,24.67058602,916.0475616,864.1170667,74.75329318,15.11982702,137.6035562,-0.509318107,0.533333333,0.008243413,2
1390.618272,27.79525637,386.5259139,771.5643158,69.82394947,10.28476893,51.90314913,1.660778261,0.066666667,0.007789136,1
8250.330435,10.13995182,836.5795309,907.9067123,89.67123591,16.46330852,227.7087423,2.067959957,1.733333333,0.007936348,2
872.8482809,43.73857646,381.7714127,750.0153995,52.8943239,9.37609703,61.43642665,-0.549316,0,0.007374615,2
3477.33189,53.52203356,1861.138741,822.1460809,44.85222319,22.16961351,77.47976087,0.194520444,1.733333333,0.014792442,1
2112.700696,37.50785439,792.4287007,865.7844079,61.77354356,12.81766076,76.50998998,2.565129118,0.266666667,0.00724224,3
1877.738786,66.90440811,1256.29002,807.3901671,30.50199157,18.06974379,56.57026303,-0.235633584,0.2,0.012368178,2
2532.208145,63.39881042,1605.389841,841.0898736,35.48004805,19.4593222,61.63395574,-0.517546585,0.2,0.011977168,3
9603.609539,12.13609705,1165.503374,1075.304557,87.79046686,20.11360179,191.7462782,0.418924336,3.266666667,0.00729975,1
6887.466834,17.78858316,1225.182765,609.1385913,79.5653046,17.81335128,156.1311052,0.041687715,2.133333333,0.020608937,2
3662.686293,18.55540176,679.6261568,889.4860112,81.10031409,13.57205808,95.84097994,-0.182053556,0.133333333,0.006799225,3
2434.78784,58.54147308,1425.360668,807.1529334,39.31409993,19.04167438,64.93684507,-0.102279216,0.4,0.013193716,2
3428.374313,17.00512278,582.9992613,737.743292,80.55355871,13.86296164,114.8419032,7.491099107,0.6,0.013215721,2
2578.952996,15.56528459,401.4213732,817.2807486,83.6241281,10.33504224,80.73231401,1.348939269,0,0.006469095,2
4354.432856,38.49102529,1676.065852,1056.75588,61.39847362,20.59486724,115.8575471,0.751396453,1.133333333,0.008613034,3
2456.289313,28.55562641,701.4087998,774.5917594,69.9319269,13.03197939,97.36984996,2.36533366,0.333333333,0.00930514,2
2922.719576,26.2235349,766.4403879,884.8925308,73.2774225,13.6475189,92.16024573,-0.273127098,0.066666667,0.007287825,3
2830.989627,23.04079859,652.2826181,869.7866351,76.67348192,11.36828603,115.4288022,2.250834231,0.6,0.005854762,2
3320.077034,40.41541242,1341.822826,937.5179608,59.07743134,19.50423503,71.81540432,0.353569835,0.866666667,0.011099175,1
2398.229059,33.65147509,807.0394546,680.4224697,57.59259736,16.98320389,93.54334338,2.214654614,1.733333333,0.021105579,2
1618.26876,36.25447513,586.6948452,966.298756,63.59438473,12.28145805,57.93260191,0.503647756,0.2,0.005984759,2
2412.227606,43.97183824,1060.700821,884.4688057,55.0062613,16.26208798,77.67656275,0.989426314,0.333333333,0.009656361,2
9783.872277,6.940206613,679.0209508,1038.021199,92.94998217,17.68919962,314.4696586,-1.14239204,2.6,0.007930659,2
5048.98901,15.89663993,802.6196031,840.8835863,83.28257694,15.36714013,117.1804358,5.260566846,1.133333333,0.010805583,3
2452.690993,23.7846196,583.3632226,885.8845165,76.03408445,12.10888805,65.58247115,-0.2378825,0,0.004516995,2
2468.757405,23.91039411,590.2896251,966.7262609,76.01924446,12.38264333,67.21176306,0.239417516,0.2,0.005212371,2
3454.664236,39.2840576,1357.132288,975.5982724,60.53117712,17.24708997,170.020864,-1.172708672,0.8,0.007525196,2
1099.389736,37.36370458,410.7727331,908.5147615,61.77493483,10.37721277,52.38961076,-0.047141675,0,0.006311109,1
2719.940753,27.18536835,739.4259124,720.9000367,70.16738577,13.72909365,63.72623038,13.40412219,0.666666667,0.011290683,2
3312.831401,38.95823953,1290.620792,817.3917667,60.15249965,15.58170141,111.9093449,-0.535299284,1.866666667,0.009582707,2
1943.467318,52.22919942,1015.057421,815.1796378,45.78729973,17.30852184,53.20815855,-0.062921604,0.066666667,0.012151739,2
1970.447762,57.25727919,1128.224776,834.8375434,42.02231808,14.58884562,62.42165449,-0.167167033,0.133333333,0.0078359,1
2724.599064,16.03650929,436.930582,747.151039,83.38890209,9.891299479,109.0134285,10.81390941,0.333333333,0.005983747,2
2503.601092,25.1911353,630.6855385,850.5123387,73.89403182,13.24390929,68.69362815,-0.160533186,0.266666667,0.008262844,3
9461.243957,5.207423928,492.6870817,1205.592532,94.78570681,17.87225409,211.8199175,-1.012906699,2.2,0.004802688,3
1224.025421,69.10407499,845.8514447,788.6274316,28.75724718,12.69798298,44.29275144,0.320860804,0.4,0.008381149,2
1367.632457,29.30251612,400.7507212,766.2476427,68.58448616,10.18875341,51.69218831,1.797159613,0.066666667,0.007579537,1
2031.267844,24.17094704,490.9766748,743.6863544,74.66313868,10.48987146,88.74092671,-0.61503175,0,0.007514471,2
2017.895251,21.65385585,436.9521289,715.9874124,77.18887206,9.291288541,131.327656,5.254477165,0.133333333,0.006506739,2
1990.417708,58.71743405,1168.722205,829.5875196,40.55783991,14.44505519,60.42430674,-0.12472756,0.133333333,0.007806339,1
2722.270899,24.47034004,666.1489459,908.8836608,75.46631557,12.27903099,67.8075347,-0.266432853,0.133333333,0.00432407,2
3976.930213,43.29041849,1721.629732,982.0803206,56.44555095,21.94652033,96.35089424,-0.171329546,1.6,0.011250636,1
3066.383318,41.43040601,1270.415058,805.9686833,57.19820234,17.14844393,89.25237217,-0.06670357,1.666666667,0.011102181,2
7710.976026,10.27303623,792.151361,921.1970446,89.53644859,15.51071367,216.4649508,2.559123969,1.466666667,0.007405729,2
3350.85886,34.42841308,1153.64753,760.8857709,64.62846953,15.14298196,101.8590115,0.107209246,1.4,0.009532973,2
1471.61825,31.96054312,470.3371854,747.1620479,66.52277779,9.859566845,56.25799368,0.266095371,0,0.006692882,1
9907.558839,13.14108937,1301.961162,811.0925863,85.74690314,20.59068735,227.2122636,1.203852841,3.333333333,0.016286378,1
3755.646243,26.46751618,994.0262771,841.1444501,72.77644973,14.93512148,131.0194042,1.451923211,1.8,0.010068665,2
1925.658947,26.92724035,518.5268129,761.0434655,71.86279469,10.79544961,80.64743211,-0.02438938,0,0.007489977,2
1418.001809,24.81825514,351.9233069,719.4502334,72.93346325,9.197132666,50.22143957,0.195296737,0,0.007297758,2
1095.811351,49.47106306,542.1095247,750.6139214,41.18572466,14.50789227,46.20695471,-0.430367824,0.133333333,0.013574092,1
2300.509317,59.73262443,1374.15459,798.2450172,37.65952758,18.63915003,68.96150179,-0.087208814,0.533333333,0.013123145,2
2604.004701,49.16835265,1280.346214,806.7229775,49.74185048,14.83320331,79.82918154,3.450853833,0.133333333,0.008468431,2
3925.075472,51.92998517,2038.291111,999.3647955,47.83425416,22.95035812,98.24561484,1.27962322,2.533333333,0.011669222,1
5931.900036,15.2626536,905.3653544,962.6160621,84.24198756,17.13682973,237.9320801,-0.464966692,1.866666667,0.009427396,3
453.318136,48.44770627,219.622239,780.4900764,47.71352888,7.39041571,47.59931465,0.622032789,0,0.005762192,2
5043.972537,20.28037297,1022.936443,925.5125351,79.52076532,15.34204892,147.0731167,0.716426952,0.733333333,0.007545258,2
1986.28703,14.80731959,294.1158684,799.4217627,84.50149056,8.575301733,106.1665083,2.210287202,0,0.005352852,2
2733.831926,32.19483369,880.1526418,865.2693586,67.5969808,12.90318133,89.92442597,-0.515001266,0.2,0.0054384,2
3344.73547,20.10748003,672.5420168,939.9144866,79.7998757,13.56141807,91.46780398,-0.153139799,0,0.004785422,1
1661.175634,64.73626463,1075.383054,815.9359288,34.49539723,13.18356863,55.82024108,-0.415696585,0,0.006964108,1
2249.882263,61.38737802,1381.14373,803.2585934,35.95499337,18.70174248,69.48033322,-0.008299744,0.533333333,0.013033219,2
1233.647284,71.22394801,878.6523002,792.8523723,26.85124659,12.847697,43.42525932,0.285399223,0.4,0.008405608,2
2335.785983,43.06665788,1005.944958,741.7531539,54.7898459,14.36733182,108.0005982,2.460346485,0.6,0.010218564,3
2684.386295,63.35410258,1700.668847,678.5150756,32.30338547,18.44444164,82.26952397,0.088805505,0.933333333,0.016052886,2
2843.373074,61.86289019,1758.992762,669.6854161,33.77903575,18.9480777,78.49556536,0.637737795,1.066666667,0.016959715,2
1143.861775,33.76510223,386.2260977,898.4642283,65.51105542,9.723989827,81.34646802,0.10015696,0,0.00572904,3
3258.62296,24.37604953,794.3235468,964.3190614,75.3938875,14.8111229,98.41921117,0.307051349,0.4,0.007232472,3
3535.390394,66.6696339,2357.031833,725.0944595,29.31832672,22.70020472,78.6195192,-0.559804246,1.8,0.017410861,1
4806.330003,24.68020816,1186.21225,955.0100051,75.21676686,17.24398197,126.9869975,-0.885014698,1.2,0.006972677,2
2606.20296,37.42099555,975.2670936,798.6624947,61.10206834,14.36582451,64.43975425,-0.087265297,0.6,0.009213463,2
3137.58982,29.15781417,914.852609,1028.695561,70.63074891,16.53015986,173.1905545,0.59281751,0.733333333,0.008218656,1
1783.838383,28.81920769,514.0880883,869.1710974,70.16809621,11.92221352,86.20018269,0.088235983,0,0.007515492,2
3195.981602,57.87568299,1849.69618,710.7018152,38.074027,20.47049853,77.62804025,1.083565594,1.266666667,0.016579525,2
3280.347621,21.36099738,700.7149692,714.475768,76.0661171,14.36536378,73.50551012,8.319196378,0.933333333,0.01230084,2
1271.231716,35.35648295,449.4628247,828.5968579,62.80929471,12.25612834,67.94126261,-0.041056815,0,0.008568535,2
3743.244085,27.84800123,1042.418659,1110.528715,72.13766899,17.77122287,90.58850943,-0.2183367,1.066666667,0.006547003,1
2853.73075,62.45986536,1782.436384,669.8064634,33.25788886,18.95307562,78.45066397,0.639558433,1.066666667,0.016968623,2
5850.243354,23.01146017,1346.226419,966.5650871,76.88258915,18.63191149,136.6348074,0.15533985,0.866666667,0.008183987,3
3838.947676,21.52875651,826.4776979,802.5267232,77.67203695,14.0947249,134.1054935,0.264555531,1.066666667,0.010005805,2
2531.361081,37.89428385,959.2411533,919.7643985,61.79225759,14.30345265,158.4409905,-0.493997579,0.466666667,0.006850193,2
3835.859771,47.38128041,1817.479474,932.9199382,51.88171714,21.61859069,97.5672986,-0.350976326,1.733333333,0.012157106,1
2705.095223,16.56822013,448.1861314,785.6400188,82.50410514,11.19845716,73.37183624,0.828226393,0,0.0073239,2
5242.005244,16.51124451,865.5203028,826.1294419,82.56259323,15.44810615,116.8201116,5.688724679,1.266666667,0.011019524,3
1201.512529,18.58261611,223.2724607,845.0337387,79.87998449,8.880211392,56.2657108,0.971942066,0,0.005920782,2
1345.612807,41.2901755,555.6058895,777.7145838,54.46111929,12.98676316,52.74927139,0.876325152,0.4,0.010582314,2
758.4825054,44.53261457,337.7720907,729.8746973,49.93629832,10.08455547,36.32276275,0.750448988,0,0.008979714,2
2506.049432,23.06831601,578.1034024,866.603403,76.60475655,11.32540439,114.575942,2.386071635,0.6,0.00583173,2
2896.433503,38.56409946,1116.983497,955.1757506,61.15563057,16.24054833,169.7777547,-1.095251651,0.666666667,0.007350295,2
9139.864338,12.25746383,1120.315565,905.4860008,86.75063572,19.60627638,320.4264873,-1.079489498,3.2,0.014776772,2
5564.883256,20.39654451,1135.04389,846.3856099,76.23950711,20.6852859,227.6234871,0.155095703,4.333333333,0.017569594,3
3506.361855,29.49789995,1034.303112,927.1851567,70.2511923,15.44757957,127.4432811,-0.392003433,0.6,0.00669413,2
3751.943711,53.41535771,2004.114154,792.945218,43.52761319,21.28436726,156.1061469,-1.07540725,3.266666667,0.016105725,3
1148.830592,44.65674123,513.0303047,772.8951821,47.81921603,14.12290819,61.55487165,0.368850826,0.066666667,0.012779484,1
811.1568591,35.3735678,286.9351216,732.1637656,59.80926546,9.665715538,41.94174136,0.032680477,0,0.008685949,2
3486.429209,38.57592504,1344.922318,814.0721465,60.45298523,16.55173829,110.3082713,-0.484947915,2.266666667,0.010310513,2
1420.302695,25.73454455,365.5084299,722.7040727,72.53144079,9.215421158,49.88703409,-0.247876987,0,0.0067896,2
1373.184285,37.19896418,510.8103301,774.3335095,60.31168927,11.0481749,67.35813231,-0.407294382,0.266666667,0.008363518,2
3671.93037,28.61119769,1050.583257,839.903133,71.11044339,14.91584674,113.5440994,-0.824547566,0.133333333,0.007755299,1
4426.030685,27.34236012,1210.181249,704.9287698,69.7602587,17.03959694,169.6234289,-0.313508504,2.6,0.016212494,2
4550.442428,22.59211426,1028.041153,903.6851625,77.12007101,16.04383024,109.423159,-0.477766518,0.866666667,0.008061186,2
3426.366815,19.56910424,670.5092938,939.3315175,80.34937124,13.56994218,91.64984234,-0.221527769,0,0.004785293,1
2434.19363,64.17346642,1562.106432,670.2820627,31.07435523,17.58192431,62.28555461,0.27102645,0.266666667,0.01507051,2
2219.261782,30.31715027,672.8169293,981.5900415,69.55958823,13.7876426,78.44629042,0.094653904,0.266666667,0.006326398,2
2548.762054,38.01029696,968.7920253,798.1930509,60.34272073,14.28168069,63.81090985,0.016415146,0.6,0.009242846,2
4177.021841,26.85897898,1121.905418,879.2884628,72.0795131,17.06333739,102.0215858,0.366542658,1.6,0.010466899,3
2511.163821,21.0251751,527.9765904,929.566906,78.74104459,12.35573969,69.41413051,-0.190052964,0.133333333,0.005973274,2
2474.300964,20.50885584,507.4508178,960.9846737,79.38159145,11.80978808,64.9759632,-0.137340411,0.2,0.0047672,3
3295.636974,35.82014715,1180.502014,965.2665657,63.77842058,17.98739742,99.30579068,0.328210966,1.2,0.009096408,3
8725.807391,3.183231406,277.7626413,1226.512984,96.80947198,15.61750341,262.2110033,0.212682742,1.066666667,0.003645231,3
3820.745062,49.69585864,1898.752065,980.6211366,49.8608701,23.06398404,93.141717,-0.236825371,2.466666667,0.012714966,1
1776.882984,63.72716119,1132.357083,816.5588936,34.05725192,18.11326205,52.51897546,0.033222606,0.066666667,0.012721488,2
2064.926191,21.174972,437.2475428,810.8685597,77.32948583,11.36462168,57.93227603,0.179254952,0,0.007544356,2
2410.892786,34.57818672,833.6430092,757.1350246,64.10670084,13.18403295,87.36390507,0.288973718,0.6,0.009113787,1
5123.16981,11.9478572,612.109013,961.4194066,87.47299674,16.96912137,322.0439932,0.265412012,1.2,0.009740798,2
3639.933985,28.34112735,1031.598326,881.0186315,71.23615037,16.1948962,94.39725995,-0.641421084,0.2,0.008789914,2
1044.854474,37.29770959,389.7067874,783.7266335,58.83725757,11.73039293,52.40586875,-0.162575743,0,0.00959534,1
3028.17839,53.96902753,1634.278429,839.0840853,45.61871897,16.39313983,80.31454175,-0.188870121,0.133333333,0.008143095,1
2060.055172,35.23248834,725.8086981,857.6103767,63.20827151,14.51081114,63.25598581,0.235963209,0.466666667,0.009472955,2
1626.318795,37.48041043,609.5509592,805.5376663,58.99241477,14.07724777,54.47489598,0.133304455,0,0.011054362,1
981.6768339,38.22643909,375.2600969,771.6606779,58.7383146,10.9162966,51.83859841,0.018543668,0.066666667,0.00860145,2
1242.203268,30.29872701,376.371777,764.0068724,67.898558,9.496683711,51.64776196,1.328246635,0.066666667,0.006955677,1
2896.232532,64.41156331,1865.508651,697.7974928,31.26901929,20.1165956,67.06135428,-0.31498381,1.066666667,0.016330841,2
2328.6868,56.20561078,1308.852639,794.5680995,42.11969231,16.12206508,69.69705166,0.071360612,1.6,0.010711555,2
1392.838946,24.94072051,347.3840687,767.3601038,73.53737022,9.037128832,51.44136509,0.577501661,0.066666667,0.006298069,1
1708.902892,24.26496077,414.6646164,730.4460745,74.7095259,9.394212553,71.258345,1.682019689,0,0.006649736,2
4169.937659,25.19484274,1050.609235,1139.811293,74.76299629,18.23530132,170.1951952,-0.363244537,1.2,0.006659558,1
5190.093527,33.71698439,1749.943025,1142.815582,66.25415475,22.02977844,164.3363256,0.362614446,2.866666667,0.007938783,1
2033.678609,24.31969421,494.5844187,816.8051272,74.26682933,11.81343591,61.02602303,0.05026359,0,0.007630476,2
747.28853,37.90794099,283.281695,649.8124753,56.59613451,8.853450268,50.73559886,2.205876174,0,0.0097573,2
1024.900641,35.63831972,365.2573672,783.6077671,61.24533007,11.16118036,53.85986866,1.068018713,0.266666667,0.008929281,1
4018.912731,43.33526364,1741.606427,1030.917608,56.57914619,21.39949449,90.65986229,-0.34263732,1.4,0.009369315,1
1013.93921,56.30971474,570.9462767,868.7183835,42.34505697,10.91873447,93.78958799,-1.135351726,0.2,0.006769644,3
3655.019028,53.88745632,1969.596782,813.5867772,45.59607311,17.04395012,111.2724173,0.309913685,0.6,0.008783959,1
6445.588204,17.00011269,1095.757258,974.3484801,82.85832182,18.17907692,179.6619473,0.563255874,2.933333333,0.007744675,3
4474.179682,35.54138994,1590.185647,907.6874302,64.05802343,18.43576696,117.3691063,0.440029982,2.666666667,0.009174564,3
5997.14969,19.32329172,1158.84673,1052.500163,80.23981497,19.73010289,216.7035179,0.031448619,2.866666667,0.010599286,2
1381.201645,60.51217663,835.7951789,598.9195532,36.02211981,11.2490661,86.92344045,1.119047169,0.2,0.009730122,3
1751.219095,60.11279686,1052.706777,817.0784578,39.1274476,13.34700584,56.67805435,-0.498308098,0,0.007030266,1
5353.451737,10.95239029,586.330928,828.8074809,88.59146945,13.32044409,358.2177964,0.168916575,0.6,0.015409244,2
3067.869594,25.40949092,779.530046,763.975993,73.67912534,12.99852061,147.1979721,1.23705945,0.8,0.010217894,1
6127.575317,9.561510459,585.8887548,1165.604073,90.40118086,16.25189653,272.4042702,0.156627284,1.466666667,0.005614043,3
1504.35479,39.02506541,587.0754408,747.3176804,59.66612509,10.41819082,68.15430341,-0.51288127,0,0.006729612,2
4930.480584,34.43030425,1697.579466,1071.05869,65.54961722,20.85605381,104.2685179,0.028487839,2.133333333,0.007940116,1
2922.222937,31.31192717,915.004318,793.9403069,67.91311179,13.31294188,69.56055864,0.377547528,0,0.008060355,2
1255.349438,31.93458486,400.8906315,724.2526779,65.46241739,9.502710908,48.40173385,-0.043562522,0,0.007349618,2
3359.378498,13.99063124,469.9982577,779.4428047,84.71942723,12.83740625,154.239632,0.25104602,0.266666667,0.00947723,2
688.3102987,58.79028739,404.6596027,562.7396141,35.95109183,7.924033306,40.95279692,1.117396169,0,0.009183975,3
5645.284163,4.722410259,266.5934785,1273.091567,95.25247714,14.85108445,270.1650711,-0.478678288,1.066666667,0.004314398,3
2884.886948,46.89521027,1352.8738,989.1254773,52.7519923,19.41544973,79.41699441,1.128129978,1.533333333,0.009790429,3
2769.030598,23.21751299,642.9000388,927.1877852,76.67864468,12.69249632,84.24619414,-0.521359324,0,0.004821419,1
4374.049006,47.16432217,2062.990565,930.9487256,52.57709755,20.72776784,118.7956036,1.174239595,3.466666667,0.010586839,3
3217.732969,44.53608149,1433.052177,1043.482467,55.35131712,19.33000478,80.11693413,-0.178817749,0.8,0.008499532,1
9474.774874,5.757782089,545.5368907,1065.289815,94.13874298,17.13038725,302.7074438,-1.075077713,2,0.007499457,2
2605.247583,27.81692452,724.6997538,872.4293009,71.83159786,11.99504568,82.28795818,1.372393543,1,0.006208032,2
1768.884425,22.03353259,389.7477263,612.9962427,75.98810489,8.739100025,71.58567094,6.492550437,0.2,0.007622115,2
557.3179407,37.76571551,210.475108,775.5699257,58.41002138,7.508288219,47.45845355,2.885598603,0,0.006231301,2
1338.988114,30.11438636,403.228054,723.6336476,67.4397741,9.494582817,48.55025667,-0.027123052,0,0.007391121,2
1165.457601,55.7766256,650.0529227,701.8159613,40.80652578,10.52893564,42.86567437,0.597525146,0.133333333,0.008552567,2
8683.436026,7.242208864,628.8725735,856.0304847,92.32746776,15.94232593,233.9749242,0.377247829,1.466666667,0.011349716,1
2561.336239,17.21802196,441.0114362,814.6246066,81.82116113,10.76959512,81.50547859,1.238031809,0,0.006874053,2
2025.937078,25.01820466,506.8530846,1105.45421,74.97765145,12.21089906,74.9718461,0.515289445,0,0.004092236,3
970.6559377,54.15269625,525.6363616,862.0742991,44.2762953,10.82531012,89.5009847,-0.956911714,0.2,0.006783521,3
834.6379911,28.42646524,237.2580784,769.8045859,67.80840773,9.184652584,47.09359464,-0.097567636,0,0.007602124,1
1615.325507,23.36978581,377.4981111,772.4054291,74.91789429,9.581539421,55.60579722,-0.070001094,0,0.006901646,1
2551.297637,25.14175309,641.4409525,882.1919212,74.53762431,12.38633617,87.11144929,0.785502882,1,0.006308817,2
1103.768294,33.15433888,365.9470806,898.8730263,65.69516277,10.2060837,55.6500422,-0.383486422,0,0.006463066,1
2090.813018,41.76236059,873.1728718,700.5575854,47.97647088,18.68098931,73.44247173,1.487464678,2.466666667,0.01980467,2
1020.434665,34.62288403,353.3039108,778.4794271,62.5527727,10.85659421,56.68602808,0.337001854,0.066666667,0.008712227,1
9046.888487,7.413307903,670.6736992,857.8069397,92.02673184,17.07733526,234.5276056,0.386914942,1.733333333,0.012868442,1
2068.24224,23.90211021,494.3535397,837.8619774,74.94603933,11.83741528,61.54140388,-0.15010233,0,0.007371166,3
5422.223181,45.06895215,2443.739171,1036.468002,54.88459794,23.73400824,110.1474865,0.12241028,3.533333333,0.009232196,2
2236.895367,31.15494318,696.9034808,871.0961431,68.47968526,12.14049389,64.70106857,-0.649291999,0,0.005397984,2
1404.932524,57.03102085,801.2473604,782.3064909,41.93663604,11.21782196,49.72060515,-0.280862769,0,0.006315599,2
2648.878798,17.18080483,455.0986965,863.685992,82.48810889,11.35414299,113.3302343,-0.326992905,0.133333333,0.006362226,2
5581.684861,13.04286536,728.0116412,627.2273645,82.9994999,16.84871719,194.4982212,0.503015085,1.4,0.023715928,1
4148.387339,38.30708987,1589.126466,969.179201,61.35307287,21.24707116,107.5082086,0.155460398,1.333333333,0.011310852,1
917.8971734,34.66805345,318.2170827,889.3233178,64.05218704,9.019265254,52.93927929,-0.220228367,0,0.005777692,1
767.3501584,40.31558457,309.3617021,728.3573366,54.12933492,10.18297174,38.36463153,0.62855547,0,0.009105234,2
4349.696158,34.1453173,1485.217555,1005.340835,65.75005703,19.4064952,127.1020506,-0.642260159,1.6,0.008081269,1
1224.654416,63.25923346,774.7069962,780.6278142,35.51896887,10.91354448,43.64573399,0.1581301,0,0.006501485,2
2409.059895,23.85891227,574.7754868,967.0304219,76.06479811,12.52003095,67.84450375,0.243190603,0.2,0.005241208,2
1562.353191,24.33182295,380.1490123,722.25577,74.05506589,9.335159108,69.32368566,-0.156955869,0,0.006994941,2
3743.766874,69.0786375,2586.143148,746.0384395,27.71113011,23.46202253,75.10385325,-0.80150089,2.6,0.01742553,1
1748.547929,21.74233592,380.1751644,714.5598156,76.54104271,9.430436732,58.67675352,-0.525602216,0.133333333,0.007791251,2
4616.060334,47.54443178,2194.679656,1009.149863,52.26021709,24.20354975,101.9436204,1.098395308,3.266666667,0.011963997,1
3371.511505,34.1992257,1153.030829,944.3748662,65.55623177,15.98503045,124.0712127,-0.482864759,0.4,0.007636519,2
3877.342184,51.3035589,1989.214531,1004.88152,48.50198678,22.71429775,99.82503471,1.182906334,2.533333333,0.011283604,1
7628.510203,13.0235923,993.5060673,765.340995,85.78191421,17.16355734,210.7139959,-0.053794566,2,0.015690458,1
2651.997401,20.23825758,536.7180648,898.1730392,79.4932044,11.81117675,76.76201085,1.664701311,0.133333333,0.005491939,2
1442.999665,29.1830624,421.1114926,665.9258395,68.29067292,9.032271015,47.01508145,5.06278001,0.2,0.008402622,2
1111.896967,47.1115417,523.8318034,769.4216794,44.49880144,14.02729081,58.40271574,0.598939977,0,0.012818878,1
4468.252967,39.89207556,1782.47885,1035.035479,59.99227921,21.18373867,99.79237935,-0.367908614,2.333333333,0.008767097,2
2251.566007,36.63899323,824.9511168,799.0459772,62.65823113,12.82834421,85.13311775,0.112150846,0,0.007404442,1
835.6489711,34.78771037,290.7031438,730.0825729,60.67113836,9.604579731,43.45735703,-0.07672203,0,0.008773951,2
2567.817162,44.72404715,1148.431758,836.2497252,53.75376358,18.10782431,69.73621022,0.40515798,0.6,0.012290411,1
2606.956655,55.08554497,1436.056281,810.3618975,42.87399793,19.14977975,62.2798351,-0.516388028,0.2,0.013105047,2
4440.145975,41.9029249,1860.551033,1033.155773,58.01881738,21.8476257,94.16537868,-0.387922592,2,0.009333956,1
3763.603081,3.593832117,135.2575763,1143.939078,96.2320667,10.96618806,562.6614138,-1.878158809,0.6,0.005186934,2
2195.728234,33.71274819,740.2403304,688.7761166,57.80000331,16.15243724,91.52550716,3.003928491,1.266666667,0.02010603,2
2968.674664,31.78430226,943.5725282,864.1949774,66.57666815,16.17873004,140.590341,-0.475200466,1,0.012377643,2
1522.091245,41.82139858,636.5598463,789.6110033,55.90113121,13.66827593,62.42336896,-0.124850943,0,0.009971819,2
2258.51568,36.51389467,824.6720364,786.4806933,62.0098514,13.84575695,93.89725357,0.32797981,0.6,0.009414792,1
3637.524104,37.34461642,1358.419424,652.3703747,58.62208055,16.61973294,109.7004336,0.284766397,2.333333333,0.018309848,2
1012.701155,53.35064375,540.2825856,851.942381,45.10369068,10.80636119,84.52782499,-0.777216889,0.2,0.006843534,3
2276.792415,26.73149168,608.620575,881.4951908,72.4469175,13.40657848,75.54766102,-0.105804329,0.333333333,0.008013446,2
3540.045854,40.0636076,1418.27008,991.9066892,59.699326,20.26718754,99.58823512,0.523434303,1.133333333,0.010015904,1
6314.478782,16.54717436,1044.867814,990.804137,83.13223362,17.74558848,208.7007648,1.833288655,1.866666667,0.011800067,3
2256.023038,30.72177672,693.0903603,857.1871356,68.89767269,12.13314445,64.26006197,-0.648672768,0.133333333,0.00542923,2
2755.213914,17.97418586,495.2272698,749.5994134,81.43528767,10.31914478,110.010389,10.07955513,0.333333333,0.006073271,2
3434.373755,38.47096521,1321.236732,916.3189167,60.93508754,18.06012385,97.28909541,-0.413624918,1,0.009972357,2
2526.749433,14.07115855,355.5429188,730.2791734,84.58705444,9.85822291,73.5431386,5.281602962,0,0.007801925,2
857.1803689,39.1427569,335.524028,729.4465623,56.10299542,10.01619883,39.63587545,0.556470672,0,0.008718467,2
2585.32763,22.06252335,570.388512,783.7116901,77.33994709,11.19249632,72.77916299,-0.232297209,0,0.0065861,2
2474.137091,19.05665781,471.4878391,773.4002583,79.65673977,11.37718021,66.48324973,0.579165398,0.2,0.007758566,2
1754.071893,51.70480072,906.9393771,839.6228254,47.81498484,12.95763804,59.29736368,-0.415658999,0,0.006588782,1
2578.392175,32.22663404,830.9290103,832.9342395,67.31055749,13.74376099,82.44122044,-0.300289425,0,0.007533201,1
2886.877433,63.97154242,1846.780022,695.3747231,31.83313745,19.29628999,68.16745507,-0.270453429,0.8,0.015705463,2
4360.326316,20.42296634,890.5079758,956.4336532,79.33533143,16.03935494,133.6062895,0.61824156,1.133333333,0.007962555,3
1459.018876,30.65162612,447.213011,766.9581724,67.77038175,10.12681545,54.47874878,2.087100218,0.066666667,0.007101574,1
2395.037767,21.15045585,506.5614055,948.8640946,78.74290409,11.50090151,69.51840487,0.145642811,0.2,0.004902684,3
2800.48655,49.83413763,1395.598322,802.1056174,48.20868938,18.50029331,66.17694847,-0.43323874,0.2,0.01240007,2
8282.123534,10.96732191,908.3271488,923.7143589,88.87384211,16.44952006,216.1999202,2.658172164,1.733333333,0.007812001,2
2782.616002,31.6639005,881.0847622,850.1194672,67.92005811,13.04822296,95.58739498,4.262783501,1.266666667,0.00686738,2
1948.884898,56.49695005,1101.060527,809.0841518,42.67470194,13.76699592,63.48047366,-0.349814952,0,0.007392369,1
1761.553823,59.31172905,1044.808031,816.6091438,39.93516887,13.3424395,56.64030423,-0.496324824,0,0.007051769,1
2598.590424,22.53818433,585.6750996,787.8191209,76.20009956,12.36158686,70.02086329,-0.164600277,0.133333333,0.008118315,2
1844.271621,45.81588143,844.9692989,849.4817605,52.7738878,14.46649498,85.26869583,1.223939844,0.4,0.00929497,2
8437.506615,9.909248534,836.0935005,1126.127919,89.76075583,20.17059395,384.4452268,-0.842466235,3.266666667,0.012080164,2
2332.442517,27.82142222,648.9186808,862.4267734,71.86163213,12.35199581,66.84514516,-0.791277926,0.133333333,0.0054558,2
1489.43115,29.88334386,445.0918321,752.1452736,68.66947817,9.541647863,55.0870417,0.365703193,0,0.006537166,1
3918.362391,12.24998163,479.998673,761.3632749,86.9273518,13.04994216,140.6207276,1.296646204,0.666666667,0.010846532,1
3318.5767,30.1699479,1001.212862,884.9074691,69.32862703,15.48920586,93.09468684,-0.558050323,0.133333333,0.008496686,2
2775.628144,19.69383728,546.6276903,948.2727522,80.26513102,12.01530429,68.02501464,-0.010855952,0.2,0.004231207,3
4510.235464,26.46326687,1193.555647,893.1790275,72.65128682,17.70336592,110.6533946,1.226162165,2.066666667,0.010508558,3
2659.638121,25.04526299,666.1133619,815.8020549,72.74256427,13.50028484,158.4694215,0.822553321,1.266666667,0.012546126,1
4493.284123,15.22690376,684.188049,824.75007,83.81246005,15.03451249,116.098328,5.932052814,1.133333333,0.010995724,3
2793.080872,37.29465146,1041.669776,775.3458145,61.420857,14.19502027,70.92108832,4.016746349,0.666666667,0.008837813,2
774.7420913,36.39922331,282.0001039,729.0113711,58.96906719,9.369790611,42.45374153,-0.03381016,0,0.008099648,2
520.7222525,33.47108016,174.2913625,581.1554662,62.69572663,5.649163198,30.66124808,1.180298173,0,0.00621442,2
4210.313408,48.100967,2025.201463,951.4349348,51.52593365,20.76656603,127.7091566,-0.550048797,1.466666667,0.009490464,2
4134.844078,75.81206242,3134.710574,788.627738,21.23999259,26.01639859,78.36337166,-0.597968813,3.733333333,0.01795885,1
2860.853036,20.56023553,588.1981222,866.1934663,79.14913105,11.60995912,114.8541855,2.337587416,0.666666667,0.006087406,2
1145.37354,51.98386832,595.4094729,804.9392745,43.40371238,14.60207876,49.51416554,0.278725141,0,0.011715443,1
5609.191062,46.63891422,2616.065808,1015.998515,53.29784185,23.91926436,106.3125345,-0.013090934,3.666666667,0.009715449,2
656.587118,43.29754528,284.2861047,730.4259608,50.39473537,10.1406241,36.75840767,0.557989608,0,0.009146732,2
1831.040912,19.32374553,353.8256864,727.2072415,79.17697374,9.57432197,65.98294475,-0.250455166,0,0.007535085,2
9289.590133,9.196192173,854.2885607,1060.669527,90.71506641,18.59040905,196.8053465,0.141685919,2.6,0.007119536,1
3575.564936,4.014758583,143.5503002,990.1205298,95.72968842,10.42257457,538.9538947,-1.434555407,0.6,0.005657863,2
9230.551913,7.979198086,736.5240216,1065.434958,91.94104362,18.04836504,195.7711594,0.187040933,2.2,0.006425066,1
5809.586343,16.90057358,981.8534147,972.6494941,81.87138765,18.00513222,406.3669731,-1.257349568,2.6,0.014277716,2
3505.306336,35.93184695,1259.521308,645.9059019,59.10350291,16.57464413,113.7230052,-0.07153198,2.333333333,0.018301936,2
3512.682686,61.7340105,2168.519898,723.3231003,35.3511311,20.61446171,85.69255544,-0.719513184,1.4,0.014667663,1
6905.028315,11.94947279,825.1144798,878.2964637,86.91559229,17.73152101,314.1056304,-0.868987205,2.466666667,0.01499394,2
1990.870572,24.37600177,485.2946459,1106.442649,75.62069474,12.10853385,74.21433607,0.53093346,0,0.004024026,3
1032.040089,38.67967254,399.1897267,740.4853525,56.88076689,10.91510171,45.18043403,0.193194466,0,0.009537301,2
2362.429752,24.38868601,576.1655745,959.7476229,75.52041169,12.07428889,63.68783435,0.141744903,0.2,0.005284956,2
2800.678279,25.51704719,714.6503982,882.8743072,74.22290293,13.09911177,75.06643265,-0.027910775,0.266666667,0.005866193,2
5117.402301,52.75738414,2699.80759,1026.430682,47.17158141,24.38163429,99.81438005,0.024422721,3.333333333,0.009900941,2
1919.847215,36.1725702,694.4580817,841.5611981,61.3517894,14.21225979,82.59216447,0.985410861,0,0.010283626,3
3349.296489,42.33438246,1417.903985,915.5373238,56.69905021,19.25330013,97.31937962,-0.308578019,1.533333333,0.011487167,2
2225.081503,55.20338715,1228.320357,703.2540483,39.52902474,16.7842998,69.63338402,3.282229704,1.466666667,0.014861227,2
1239.413484,47.3648409,587.0462249,690.8499196,50.20617527,10.0699184,65.88596969,17.62256298,0.2,0.007199183,2
2306.642823,21.1224223,487.2188381,943.412754,78.76351053,11.2231094,73.29580472,-0.279700655,0,0.004470972,3
772.8685018,49.1251037,379.672453,789.0595861,47.02286167,11.0026721,47.66791725,0.257464746,0,0.008656409,1
3179.865066,51.65128578,1642.441193,1010.067727,48.2110429,19.9983592,78.93302571,0.987524569,0.8,0.009316719,1
3152.92167,36.42087032,1148.321513,641.4240814,61.01465254,14.17848768,89.15601127,1.034567067,1.533333333,0.014005752,2
4521.722941,39.16757145,1771.049064,1027.949465,60.73558498,21.01603102,98.53016559,-0.331673212,1.6,0.008827942,2
2635.086131,21.68734362,571.4801841,924.6554629,78.16905727,12.05226364,84.46946718,-0.694356644,0.133333333,0.004801824,3
3588.537987,53.03630407,1903.227918,870.4703863,45.98010226,21.54524618,94.88002426,-0.037056598,1.4,0.012673634,1
1835.952763,34.68205121,636.7460775,909.705916,64.85953203,12.16981958,77.7673969,0.414701679,0.466666667,0.006703368,2
6842.258298,18.94033866,1295.946894,591.3065086,76.61458413,18.97403739,151.3147369,0.943642914,2.466666667,0.023565998,2
1822.42485,33.39312198,608.5645529,807.4840019,63.03344622,14.39446828,59.69769394,-0.159960965,0.066666667,0.011480318,1
3497.335988,48.75324442,1705.064762,998.135211,50.79349072,21.36712373,95.50789032,-0.91418813,1.533333333,0.011109344,1
2402.140388,22.7646999,546.8400505,951.752634,77.13657052,12.16952061,59.55868735,0.196700233,0.2,0.005506457,2
3683.690805,37.72338018,1389.612687,938.340428,61.77972851,19.88985854,116.5628587,-0.494636984,0.933333333,0.010881603,1
2321.612182,26.31549411,610.943717,949.6247102,73.55224297,12.28218112,76.46062944,0.095676705,0,0.005334045,2
2627.626671,11.72080749,307.9790637,686.0357514,87.47220503,8.463467944,230.3856015,0.57075376,0.266666667,0.00699842,2
12461.85233,5.438874824,677.7845492,925.4290101,93.878551,18.94489254,330.1490636,0.250676925,2.133333333,0.012777204,1
4587.308185,19.58292522,898.3291317,943.298601,80.29245865,15.68200651,125.7072732,-0.283345849,0.4,0.006551036,2
1327.746439,62.24499009,826.4556391,793.3965109,36.560026,11.67678234,47.90125137,0.046204162,0.133333333,0.006700841,2
5259.535979,21.98097198,1156.09713,1112.826343,78.01063883,19.61822054,118.111402,-0.098994218,0.666666667,0.006002066,3
2037.401484,37.66851783,767.4589414,787.1943588,61.20101555,12.31956909,67.83703585,-0.067073903,0,0.007645246,1
2507.582613,26.53702713,665.4378781,881.4915742,72.77470227,13.39109223,82.552289,-0.011279812,0.333333333,0.007871496,2
2808.318453,18.30075001,513.9433395,813.4643536,80.72402682,11.61503339,87.00223273,0.87379322,0,0.007247162,2
1049.843815,52.92999478,555.6822764,697.0931557,44.18887084,9.879304998,45.27995075,0.41243856,0,0.007394908,2
2095.422122,42.63913566,893.4698811,802.2702189,55.03710946,14.47816141,75.53337831,1.051667012,0.866666667,0.010120209,1
1956.212873,45.26464985,885.4729074,608.0050612,49.66304136,13.94569343,91.13076903,0.407253488,1.066666667,0.013081837,3
3821.986067,45.29122106,1731.024159,858.2345058,52.35965217,20.27165023,162.7987244,-1.139949184,2.533333333,0.014105589,3
4127.711943,46.42530822,1916.302992,1044.114499,53.46586354,20.9619144,125.1169824,0.717456361,1.333333333,0.008544188,2
2821.665503,25.20225948,711.1234619,882.9869168,74.53955704,12.92571698,73.9816753,-0.016694674,0.266666667,0.00560692,2
2801.907707,22.633687,634.1750205,872.611576,76.84364651,13.83356287,91.88139573,-0.383245406,0.533333333,0.008365108,2
1099.73903,51.53892998,566.7937284,683.4777739,45.68090584,9.189869396,46.83475661,1.954964675,0,0.007032734,2
1867.076675,27.76981269,518.4836955,832.4765951,70.9755364,11.68919502,65.24423322,0.615014628,0,0.00749892,2
5138.397792,15.47119105,794.9713394,909.505036,84.34291277,15.30362457,102.9240149,-0.125711668,0.333333333,0.007337442,3
2512.403892,23.07481797,579.7326246,956.5166735,76.83121711,12.10432971,64.19981611,0.227644728,0.4,0.004859229,3
2436.254624,66.22532616,1613.417571,828.3016956,32.39503642,18.27349971,62.38672006,-0.249597547,0.333333333,0.011154004,3
4203.956185,26.27063007,1104.405777,1132.399866,73.68445684,18.23967801,170.0601705,-0.477540524,1.2,0.006796808,1
2326.700736,27.61646485,642.5524908,778.2913555,70.82692075,11.78409795,60.95368597,0.372572415,0.2,0.008096138,2
1988.780833,64.65853283,1285.916508,808.0303857,33.02724399,18.62412348,55.39026469,-0.249594394,0.266666667,0.012850072,2
1856.00868,33.01255166,612.7158243,811.1335768,63.32902139,14.77729028,61.61402333,-0.258357654,0.066666667,0.011817719,1
1594.965074,28.53050159,455.0515357,744.8862514,70.28682411,9.56067655,58.42223903,-0.401284374,0,0.006357946,1
5409.021226,16.63447673,899.7623773,809.81701,82.87677743,13.8909808,130.7535341,0.768042797,1.2,0.008277235,2
4506.664335,16.59470034,747.8674418,653.8391214,81.97612309,13.76103521,135.7606204,2.785859115,0.933333333,0.016710347,2
2035.970524,33.02035097,672.2846128,803.5348847,65.29046309,12.91914038,81.57169963,0.315111477,0.466666667,0.0087951,1
4376.557688,20.02838891,876.5539949,954.3747755,79.88417931,15.40334024,119.0684366,-0.108632457,0.133333333,0.006311122,2
4062.941625,68.68214465,2790.515444,762.8858236,28.86689577,23.31763916,84.60252848,-0.630211651,2.2,0.016139632,1
3366.988248,23.3239654,785.315174,950.9318702,76.35906426,14.40445304,97.50670941,0.194280268,0.4,0.00716402,3
1137.873599,31.54003107,358.8856866,811.4437658,66.47596559,9.549944685,53.42135821,-0.534467249,0,0.006832212,3
1584.126997,24.48942529,387.9435975,742.0412782,74.28958036,9.163885488,83.53457017,-0.728726313,0,0.006633923,2
4408.272561,25.42814903,1120.942117,944.5703014,74.4792351,16.04853745,119.2017037,-0.456174344,0.733333333,0.006306469,2
3425.28015,35.76776473,1225.146145,796.4311381,60.79565242,18.39165201,130.0665843,-0.992519976,2.266666667,0.015584698,2
4230.165306,9.933871386,420.2191809,1188.125375,89.99690065,14.47106261,312.8919657,-0.862519542,0.666666667,0.00642549,1
2931.199696,48.35420813,1417.358402,912.2712621,51.14915518,17.50283955,74.78675306,0.752255772,0.533333333,0.009019462,1
2625.437682,48.72710365,1279.299741,889.7609694,50.73973163,16.54786823,83.24819694,0.343105897,0.333333333,0.008682955,1
3480.359155,26.86779065,935.0956116,879.0564459,72.52723866,14.97123895,107.0375362,0.291560549,0.933333333,0.008387324,3
1937.054109,33.91720035,656.9945231,859.1882412,64.8962379,13.66600256,60.94414563,0.175136324,0.4,0.008491465,2
2715.882535,48.12921837,1307.133036,671.307539,49.99598865,14.06306633,73.8451938,2.188170133,1.266666667,0.011045455,2
4819.625193,36.28020406,1748.569855,1032.152609,63.62478568,21.1492805,119.4901981,-0.254417743,2.333333333,0.008696824,1
3669.280853,18.23345124,669.0365352,841.9160684,81.01938454,14.44422344,103.285496,8.060649344,1,0.008719854,3
1490.607044,63.01211485,939.2630227,799.0725876,34.90918343,13.57201041,46.40148806,0.207925038,0.466666667,0.008772073,2
3554.202965,70.2272713,2496.019759,722.2396049,26.00525097,22.33843352,73.06487728,-0.626354127,1.6,0.016598305,2
1090.258306,35.53783082,387.4541524,781.8121707,61.22015436,11.07610754,52.43026803,1.260672662,0.266666667,0.008848457,1
3289.764279,30.6257892,1007.516273,842.4696721,69.0246739,14.80195974,111.149875,-0.741209766,0.133333333,0.007903315,1
3380.219447,21.26005855,718.6366335,896.1331271,78.54716138,13.83943842,117.8651527,0.423222133,0.333333333,0.005846128,2
3222.068361,50.07242917,1613.367898,788.5211256,49.19370647,15.98378966,101.2326732,0.484249931,0.6,0.008648422,1
2421.126413,29.43777528,712.7257526,755.958633,66.02204067,15.26932391,124.0076912,-0.155434199,1.2,0.015387935,3
1331.218544,29.41295021,391.5506474,723.6900133,68.14962572,9.508023097,48.53080394,-0.022305975,0,0.007412525,2
6747.671328,11.51542695,777.0231627,748.4245557,87.20435935,15.59877533,194.9343426,0.911769367,1.2,0.015272911,1
4469.271294,55.46913187,2479.065988,1011.256571,44.40302209,23.18015251,105.1105863,-0.294622348,2.133333333,0.009669814,2
1948.047901,37.70114847,734.4364316,778.0856781,61.0609738,12.11261709,69.0074721,-0.343755607,0,0.007693964,1
12393.87011,6.073553385,752.7483176,924.5505922,93.24552197,19.43123277,330.6408637,0.244641864,2.533333333,0.013682384,1
1183.38074,67.01410494,793.0320109,779.450754,31.63555702,11.25594282,44.16416279,0.070822177,0,0.006679679,2
3204.449736,31.96266634,1024.227577,836.5900678,67.6326596,14.68264922,110.9610189,-0.792510932,0.133333333,0.007973404,1
2312.850723,51.70347942,1195.824297,837.6934312,47.89927853,14.70634225,66.88877063,0.109185365,0.2,0.007309681,1
1755.857016,63.37360742,1112.749932,816.9545423,34.35901962,18.0521832,52.02441067,0.080524257,0,0.012712124,2
7282.874134,10.69262583,778.7304809,1048.118453,89.06803362,18.1772786,324.2407116,-0.943641672,2.266666667,0.008911595,3
2366.313795,33.73275961,798.222944,807.9166789,64.65295047,14.0114915,82.27051874,0.554700642,0.866666667,0.00970984,1
892.274423,30.7839971,274.6777325,879.1426046,68.07793175,9.009336055,45.36096024,-0.187407831,0,0.005780744,1
3868.110555,42.64336337,1649.49244,988.9811653,57.1646072,20.71754552,92.83340734,0.680067817,1.2,0.010021403,1
773.3183093,30.75670992,237.8472692,769.5026731,65.23272425,9.178403957,46.41529435,-0.335587442,0,0.007651126,1
4119.947656,33.56988143,1383.061543,718.2502972,63.25812823,18.90365015,154.9394142,0.019583446,1.733333333,0.01852416,1
4974.472973,15.19569735,755.9058576,1032.300325,84.45506771,16.7557539,199.9933149,0.40487144,1.333333333,0.008762582,3
2960.33675,15.76378968,466.6612591,810.0242145,83.15678654,11.69526711,74.92530515,0.17767318,0,0.007546195,2
4538.709796,38.54994017,1749.669911,1075.276168,61.42748116,21.06333528,96.4837231,-0.384313536,2.133333333,0.008051559,1
4660.52329,35.8269221,1669.722048,900.5775354,63.77193039,18.56514937,124.0984083,-0.007842777,2.666666667,0.0093193,3
2266.921339,28.65633038,649.6164683,857.4906651,71.00762177,12.32775069,64.92595007,-0.707884145,0.133333333,0.005510189,2
530.493531,31.925827,169.3644469,582.3780503,64.47378862,5.572440944,31.29797365,0.853446159,0,0.006107282,2
9399.46624,7.761070491,729.4992007,1097.546706,92.0503355,18.67895168,297.7747024,-0.564546995,2.466666667,0.008966796,3
732.7720421,41.16696215,301.6599893,727.0787517,53.21354532,9.94874027,39.79224285,0.378002941,0,0.009404018,2
2770.593537,31.68246757,877.7923988,772.0330947,67.56526901,12.56126569,80.09208297,-0.379743625,0.2,0.007413156,1
2114.002079,31.28979231,661.46686,862.3702714,67.5491851,13.69202543,63.07656142,0.349227562,0.533333333,0.008445741,2
1861.573583,58.04085469,1080.473218,839.6770677,41.33852826,14.3972972,61.74626943,-0.114174924,0.133333333,0.007668736,1
6344.20659,15.28616317,969.7857713,1076.254096,84.54176944,17.7087635,313.0495208,-0.659673389,2.733333333,0.008165091,1
2029.082994,22.35300956,453.5611156,614.5163617,75.85448487,8.725459746,71.40019025,6.389424891,0.2,0.007475306,2
838.7406349,39.69319889,332.9229884,636.9259994,54.32003342,8.862484892,49.47556471,0.755865351,0,0.009615543,2
2079.416596,72.95344194,1517.005979,819.5626128,25.24120687,20.4331068,54.44329391,-0.049254806,0.533333333,0.013844965,2
3916.136278,33.72701777,1320.795978,946.0380841,66.06319386,17.32094211,141.7290388,-0.641180446,1.266666667,0.007206958,2
1118.075672,36.45763892,407.6239913,785.4161323,59.99297309,11.72991155,55.21289806,-0.175303625,0,0.009503591,1
1807.415582,34.36162507,621.0573656,853.9087603,64.15412846,13.47020517,59.15456343,0.074095571,0.133333333,0.008632274,2
3370.953129,69.42104851,2340.151007,724.5325798,26.84435598,22.37200396,73.80286455,-0.394932125,2.466666667,0.016806238,2
1065.842285,36.48934901,388.9189114,901.0472416,62.14732006,10.30184301,53.81330075,-0.237046215,0,0.006548016,1
2272.152647,71.76277038,1630.559687,817.7973818,26.57447133,20.92827898,57.73489237,-0.12459515,0.466666667,0.014116615,2
2605.522311,26.18364772,682.2207832,938.6574605,73.72802198,12.43131365,78.30318212,-0.347007093,0,0.004723641,1
2067.926654,22.49357316,465.1505949,711.6892827,76.29644281,9.46505421,85.10699779,1.358597088,0,0.007067597,2
1066.702744,63.74738852,679.9951423,785.5236681,34.71688951,11.03255436,43.44336469,0.070144937,0,0.006635065,2
837.4308073,39.48758651,330.6812145,637.3141715,54.58772503,9.004467145,57.22293597,3.279677083,0,0.009591747,2
4806.485998,62.56896842,3007.368706,778.0125719,34.78205604,26.13156241,92.94036033,-0.758272981,3.933333333,0.018108831,1
2477.810557,22.7471335,563.6308753,960.2622803,77.14311699,12.12908219,64.11528897,0.265072762,0.4,0.004856743,3
7599.938222,15.89390497,1207.926959,959.0987836,83.92014776,18.47787943,273.771252,-0.012381748,2.866666667,0.008791819,1
452.6100094,47.66185112,215.7223089,785.056667,47.55753612,7.590333912,46.40663446,4.487863667,0,0.006132139,2
4560.901884,36.31532132,1656.306174,879.079801,63.11100663,18.1406272,117.9898614,0.342307714,2.666666667,0.009931223,3
2676.970441,20.87245994,558.7495829,951.6740393,79.08650132,11.95465841,68.64873221,-0.040834821,0.2,0.004219837,3
1104.281372,51.11607577,564.4653029,697.24343,46.17632059,9.908072307,46.47050659,0.450674562,0,0.007389682,2
5094.081867,15.25428604,777.0658191,626.3294374,81.79897539,16.56715097,136.3331265,4.546376345,2.266666667,0.021570884,2
1881.151261,39.75769543,747.9023891,792.5026154,58.64786335,14.11803003,65.37118033,0.022440916,0.133333333,0.009884359,2
1288.08805,29.3113675,377.556222,722.4404381,68.1761565,9.497857266,48.32349556,-0.009014401,0,0.007452225,2
3625.704044,66.1093169,2396.928177,728.2645679,29.67052887,23.40008883,80.80656013,-0.560033752,2,0.018075456,1
4057.127991,45.42984896,1843.147118,1004.401475,54.34902322,22.52868604,90.68073498,0.335819098,2,0.0114163,1
2320.870095,23.9673449,556.2509403,839.1181271,74.08270405,14.39900504,74.81003579,1.929793879,0.666666667,0.010786223,3
2110.189101,32.47606139,685.3063078,861.1913486,66.48947178,13.76549586,63.8554432,0.291954529,0.533333333,0.008443896,2
5904.460669,6.275064873,370.5087374,1232.380471,93.65220404,16.72156348,300.7998111,-0.819300009,1.733333333,0.006372566,3
1283.133369,44.70374331,573.6086476,777.058564,47.94588782,15.09174963,60.40519228,0.292471345,0.066666667,0.013438064,1
6178.816355,4.512930986,278.8457179,1266.811582,95.46357483,15.02385525,279.6935869,-0.131473957,0.933333333,0.004965982,3
4177.620252,46.57300846,1945.643433,1044.052118,53.32528207,21.12269283,125.19533,0.710028009,1.466666667,0.008559944,2
2391.45092,24.50004631,585.906583,858.2693992,74.42802556,13.16726007,73.05307153,-0.260815509,0.066666667,0.00832747,3
4345.068943,69.89183989,3036.848629,757.7157204,26.22120812,25.81419388,83.53563955,-0.638081926,5.066666667,0.018662834,1
1773.93193,54.24939427,962.3473269,806.6907276,44.89769745,13.10027614,56.04333635,-0.281317596,0,0.007081686,1
2158.74453,25.60556087,552.7586447,836.7884359,73.29792376,11.8359801,76.67322385,-0.039229687,0,0.007599249,2
2787.10423,16.41677717,457.5526908,812.9011537,82.64129622,11.23137142,82.62958325,1.075965995,0,0.007196007,2
4538.401511,20.48622421,929.7471091,1085.262964,79.47584783,17.14762731,149.3460373,-0.477188091,0.933333333,0.005896187,3
4469.702265,46.66804291,2085.922571,989.1635368,53.13738131,23.00504243,115.232973,-0.375438283,2.4,0.011414722,1
2148.76582,40.98298888,880.6284572,793.6786175,56.6157739,14.41185185,81.93793623,0.441709888,0.866666667,0.010356027,1
2156.033518,30.64137849,660.6383907,881.8885065,68.6939479,13.46751464,76.59891229,0.28348262,0.133333333,0.007942953,2
3497.065005,42.47183383,1485.267638,915.998753,56.3686858,19.4718197,97.74609226,-0.339753124,1.533333333,0.011575469,2
1528.535789,61.98883,947.5214521,795.9624094,36.21553329,13.47903099,48.84459696,0.026545343,0.466666667,0.008707171,2
3548.252538,17.22561972,611.2084889,737.8270437,80.4048643,14.00430072,119.2170066,6.198540093,0.6,0.013076933,2
8458.478762,10.06707058,851.5210273,908.1625682,89.76664733,16.47996506,227.7129086,2.062810456,1.733333333,0.007927843,2
8887.41067,4.166940601,370.3331236,1126.866845,95.80202809,15.53381339,265.8313375,-0.140149045,0.933333333,0.004473176,3
3119.123799,62.25889629,1941.932051,705.9830472,33.22672611,20.84577564,70.89931362,0.395840262,1.4,0.016864495,2
2189.838887,24.11732169,528.130489,893.0719125,75.66602598,11.27394316,64.97875889,-0.407914957,0,0.004467034,2
4496.649308,27.39289678,1231.762504,947.7165253,72.48331799,16.9195428,124.5168272,-0.728713861,1.066666667,0.006821257,2
3224.879087,38.0000877,1225.456881,757.5209728,60.99606019,16.04638899,103.6011247,-0.053357594,1.8,0.011202291,2
1305.725657,56.7811705,741.4063116,772.3918906,41.7835998,10.89852376,51.43797824,-0.561822077,0,0.006464179,3
12418.15604,6.543687724,812.6053521,920.7882903,92.75173969,19.5891358,331.7600122,0.251407167,2.533333333,0.013832807,1
3132.126293,44.45244925,1392.306851,804.3515909,53.9635374,16.96705406,89.2283235,-0.024796941,1.666666667,0.011041133,2
1907.648193,16.33856106,311.6822649,800.8454784,83.04402061,8.807742108,107.689737,1.876927017,0,0.005321371,2
2221.458057,23.36826063,519.1161087,930.0073231,76.30105115,12.34824087,66.08684192,-0.165382144,0.133333333,0.006278376,2
2177.414528,34.91674913,760.2823682,782.9805287,64.09852546,12.23599237,70.53133873,-0.294727242,0,0.007532297,1
3248.705719,47.74461735,1551.082114,920.1904359,51.41547284,20.44446328,81.20576249,0.057015934,1.666666667,0.012115634,1
534.8975318,38.58482151,206.3892579,776.98875,57.04860642,7.499642235,48.90853695,2.608534788,0,0.006199812,2
2996.268565,35.23790728,1055.822339,589.9861107,54.31309169,18.72285853,126.1682192,-0.667634144,2.333333333,0.024841655,2
2168.78622,31.97773788,693.5287726,803.2159703,66.42935761,12.91149044,81.76246544,0.279990562,0.466666667,0.008779394,1
6694.494997,7.312399615,489.5282264,1014.146157,91.97574824,15.30397164,395.1984276,-0.838524841,1.2,0.011409335,1
3279.762073,35.81637024,1174.691727,965.2309702,63.787256,17.99195922,99.27302366,0.330631865,1.2,0.009095422,3
6528.931464,15.60280133,1018.696206,997.0186753,84.23586678,16.24527151,204.98814,2.114846621,1.2,0.00972043,3
2697.191613,29.69353645,800.8915746,670.4370482,63.93184465,16.68466466,128.3677318,-0.085833146,1.533333333,0.021287736,2
3356.850896,38.0637722,1277.744078,931.8038033,61.37412845,17.29413624,177.9692401,-1.420249941,0.6,0.008948977,3
2106.669021,34.41460203,725.0017596,798.0789071,63.61767873,13.77498088,84.51833581,-0.007397849,0.866666667,0.009740309,1
5430.741221,16.55399363,899.0045558,621.1639864,79.3536557,16.74388247,133.1413203,5.400404111,2.333333333,0.021730733,2
2681.053184,17.32944869,464.6117358,782.2420958,81.65442858,11.2544559,73.35760251,1.000226617,0,0.007425015,2
757.058888,46.72553388,353.7398072,680.2889332,49.16912045,8.508752747,43.71737177,2.892874025,0,0.006930592,2
4507.904176,27.02811815,1218.401667,1005.147494,72.88686292,17.92078984,146.3722177,-0.524439429,1.333333333,0.007437926,1
1830.930217,51.13012464,936.1569022,840.7793681,48.37978584,12.99114116,58.75237737,-0.392998328,0,0.006553232,1
2809.39024,56.12634489,1576.808055,848.555933,42.75174697,19.32633962,65.82075693,0.260410464,1.466666667,0.012428569,1
1729.98974,39.91123544,690.460278,976.2837052,59.93106079,12.89607048,62.24705181,0.487803929,0.2,0.006016013,2
2019.039761,22.01549807,444.5016597,741.9707148,76.79416789,9.993977939,87.92715259,1.453520094,0.266666667,0.007381164,1
1595.413675,15.78275686,251.8002613,636.5246267,81.767853,8.327545035,101.7480793,6.251433719,0,0.008996863,2
2326.858484,26.22104574,610.1266273,891.6991225,73.53734381,11.89629195,66.29752394,-0.480477257,0,0.004892381,2
2968.618007,29.13916641,865.0305413,896.7538483,70.75343559,13.35488692,81.00960439,-0.230912092,0.133333333,0.005028858,2
4436.372058,68.85067523,3054.472117,758.4450259,28.55955467,25.02719169,90.90964042,-0.578827792,3.266666667,0.017675879,1
1852.416785,58.11948488,1076.615093,807.9740712,41.04427715,13.85996986,64.00101237,-0.282332415,0,0.007443994,1
1468.95375,23.17305597,340.4014746,768.7207701,75.51068755,9.008251928,52.81933255,0.361230336,0,0.006144456,1
1209.89535,27.64818181,334.5140662,726.4039745,69.67305291,9.113449771,51.47701136,-0.180698659,0.133333333,0.007395854,2
2398.305718,23.10673995,554.1702654,828.8102049,75.7572959,12.44268374,72.51247673,0.063437768,0,0.00806136,2
7006.206482,7.729570368,541.5496602,1044.551876,91.68176102,15.98011862,381.8670804,-0.761894764,1.466666667,0.010770115,1
3790.561564,16.61329913,629.7373312,737.6153904,81.20931955,13.96922838,119.2559867,6.201107891,0.6,0.013047189,2
2250.293969,23.52782783,529.4452908,837.5023418,74.24493548,14.4170353,77.63954516,1.921797896,0.666666667,0.01079656,3
3002.127288,18.83155305,565.3471928,826.9803448,80.53365026,11.82228314,118.8953127,-0.724687312,0.533333333,0.007061924,2
2296.857083,24.22635211,556.4446843,830.5224588,74.72565551,11.94417057,74.17238084,0.075911513,0,0.007725555,2
4312.049689,12.52371019,540.0286065,801.6502463,85.16407871,15.67385002,257.1982399,3.141659933,1.133333333,0.018021362,2
1985.234956,29.63992617,588.4221753,772.7144929,68.71649191,11.63032156,57.95908276,0.374764245,0.2,0.008175475,2
3686.582548,60.0235092,2212.816214,912.8747896,39.23365139,22.54078851,90.07122839,0.531839322,1.4,0.012433517,1
6607.111603,12.20577067,806.4488899,748.6044806,86.36147779,15.64843875,195.0189223,0.902139865,1.2,0.015272142,1
902.6520029,36.84221442,332.5569864,786.84432,60.22795846,10.87181029,56.81206085,0.634709184,0.066666667,0.008740387,1
2203.889786,20.5189944,452.2160218,948.7100765,79.36736468,11.10164815,76.72963567,-0.448503711,0,0.004456916,3
1664.621314,38.01694149,632.8381108,815.5100316,58.26937013,14.88870365,57.475062,-0.049814908,0.066666667,0.011750503,1
999.9680779,33.87970832,338.7862681,782.5964638,63.16870119,10.74920663,52.08719608,1.27715093,0.266666667,0.008611638,1
2725.46948,36.87146547,1004.920538,792.3291334,62.03369508,13.91604935,73.80574775,1.73088778,0.133333333,0.008389893,2
6675.968106,13.0873734,873.7088743,880.6495138,85.59433206,17.78298211,313.388452,-0.874413397,2.466666667,0.014862991,2
3318.066112,52.1074577,1728.959896,794.4412128,47.20418064,16.29872443,102.7602423,0.528334988,0.6,0.008628751,1
2297.83283,35.69738578,820.26625,756.8128534,63.06495218,13.16986961,87.15166101,0.308359175,0.6,0.00909956,1
5560.076468,15.60266933,867.5203457,829.7020941,83.64320761,15.05145709,117.2170856,5.485552099,1.266666667,0.010245031,3
2752.570123,22.3270044,614.5664524,896.5860335,77.55135914,12.37887242,68.35939633,-0.37775012,0,0.004487564,2
2562.576295,24.77703701,634.930477,672.205947,71.13295358,14.29062944,169.7137187,1.139646003,1.266666667,0.020445974,2
3819.29259,31.21154363,1192.060173,1068.098221,68.76607793,17.65327258,89.95189944,-0.250239019,0.733333333,0.006486291,1
3700.122909,26.6381158,985.643025,841.0312093,72.62685655,14.93557513,131.1352692,1.436261711,1.8,0.010067317,2
3522.687655,41.1193779,1448.507249,753.4886102,57.02430658,16.44832284,101.2695627,0.050635742,2.133333333,0.011486726,2
4241.081511,11.111389,471.2430646,1194.627178,88.81901931,14.82712648,307.4235498,-0.835711297,0.733333333,0.006496602,1
2993.279824,33.3341711,997.785018,1019.887083,66.44711831,17.05038289,166.8366432,0.946025655,0.8,0.00855326,1
3063.825081,5.274122923,161.5899009,881.3438943,94.2715818,9.161775166,491.452117,-0.492537566,0.4,0.00625592,2
5373.223453,14.43956429,775.8700547,734.742841,83.2516698,15.83138357,184.6177906,1.446722905,1.333333333,0.016651554,1
2556.116801,46.0743294,1177.713675,838.166748,52.46987431,18.08950589,69.67667287,0.465985342,0.6,0.012125511,1
1189.490218,26.51815548,315.4308653,841.8471085,72.57919555,8.649893553,65.15927951,0.891271981,0,0.005502455,1
3771.887443,19.07219388,719.3816858,953.5582868,80.78729302,14.5317723,125.2032744,-0.21816334,0.466666667,0.005868438,3
2231.321318,43.64596165,973.8816467,609.1484241,50.1418996,13.94170904,90.45732789,0.434729712,1.066666667,0.013064607,3
4337.297494,48.42294254,2100.247074,1020.868667,51.44255058,22.2277112,95.79631139,-0.375113607,2.733333333,0.009889429,2
2450.364368,21.59904032,529.255188,848.1495388,77.06687876,12.93351426,93.68689982,10.08852314,0.6,0.008581726,3
1538.713503,62.98507159,969.1598013,798.4175642,35.29670211,13.66786272,48.00233379,0.014708994,0.466666667,0.008749434,2
1646.097255,57.05610969,939.1990554,633.5696824,39.13445049,12.52133064,61.98497446,0.863582127,0.533333333,0.010856199,1
1950.419796,22.23703428,433.7155186,1032.445707,77.72696583,10.9660824,78.63363816,0.453472901,0,0.004087926,3
761.3013506,30.01134461,228.4767718,780.4293111,66.56595753,8.731075021,44.80216906,0.226293275,0,0.006987983,1
2066.123967,42.69142377,882.0577384,799.1279958,54.88957993,14.48742886,76.29876684,0.900936695,0.866666667,0.010343011,1
1884.175376,39.22502706,739.0683011,778.7960847,56.4100423,15.6036874,68.81583242,-0.425586627,0,0.012869949,1
3063.978261,25.34847309,776.6717049,897.3860008,74.3428292,13.8998556,105.7776596,-0.017162052,0.466666667,0.00644811,2
4794.359381,18.04332956,865.0620635,825.4378009,80.77922038,16.53375207,208.9743048,14.49341397,0.866666667,0.011292815,2
4752.40937,12.1172021,575.859048,824.9744995,86.78102366,17.26464902,285.1684773,2.475736917,1.933333333,0.013368487,2
2964.054621,19.54733535,579.3936968,828.0445878,79.94288871,11.73646307,122.5010515,-0.848660611,0.333333333,0.00678582,2
1653.696973,28.12497466,465.1018547,856.5046442,71.21938224,10.55243264,61.37967966,1.645231508,0,0.005765359,2
3318.834061,21.08274995,699.7014862,781.9810646,78.26187362,12.66865382,100.0042523,-0.130417389,0.266666667,0.009194263,2
3705.867684,48.80399782,1808.611584,1029.279391,51.04575089,20.6256648,126.9337738,0.329684398,1.266666667,0.008757989,2
3354.053611,56.06242103,1880.363657,823.1522837,42.22584722,22.13777538,78.01628952,0.162818499,1.733333333,0.014773942,1
2544.876934,48.81262062,1242.221123,742.0214417,48.40306102,15.98064624,91.59171138,4.826599069,1.2,0.013605702,2
5587.077475,2.302835917,128.6612268,1321.573479,97.62302466,12.74542261,530.657086,-1.620214246,1,0.004891429,2
804.5895424,37.28206261,299.9675769,732.023323,57.37957306,9.968922816,40.13410484,0.204141765,0,0.009043004,2
2227.658242,42.55110625,947.8932253,738.3329875,55.26056637,13.66598569,106.4082727,2.866594998,0.2,0.010289216,3
2062.050507,64.70550627,1334.26022,818.6201176,33.04108403,19.57419942,57.50348021,-0.269974537,0,0.013790793,2
1989.074284,22.69105603,451.3419602,1056.139781,77.27603329,11.31337211,83.30222654,0.872572726,0,0.004121965,3
3382.778061,29.99867477,1014.788589,843.5577173,69.62839623,14.755514,108.4255582,-0.74630128,0.133333333,0.007865263,1
3892.218052,17.64570413,686.8092816,737.1949423,80.36305096,14.17930827,119.6219733,6.129598923,0.666666667,0.013315617,2
4296.049288,31.24634806,1342.358513,711.2077182,65.91204401,18.58208413,158.0594026,-0.085137435,1.866666667,0.019192573,1
3479.964355,30.0407931,1045.408892,839.1273325,69.63456144,14.86623776,114.6759099,-0.833157979,0.133333333,0.00772298,1
8762.566525,3.851335227,337.4758114,1204.630631,96.14074873,15.67465862,263.0149055,0.242967443,1.066666667,0.003713208,3
2884.848844,18.71815198,539.990391,826.5664351,80.6440434,11.78108098,118.7692949,-0.71852761,0.533333333,0.00705127,2
4322.750805,25.1484942,1087.106735,1116.427632,74.806024,18.32413432,171.7015329,-0.684505867,1.266666667,0.006888625,1
3175.804516,14.10144901,447.8344545,778.3307436,84.57311467,12.11972782,153.5198259,0.302756259,0,0.009091188,2
3143.77937,33.41590182,1050.522228,755.6157242,65.5391865,14.14818525,85.9679809,1.093826542,0.6,0.009005099,2
2377.672859,26.72678785,635.4755806,889.7336728,73.05884853,11.98486005,66.66777677,-0.480573598,0,0.004768733,2
2499.847895,38.85261824,971.2563594,856.2418203,59.60348664,15.16189195,73.27485423,1.232366133,0.533333333,0.009492925,2
3474.271167,25.85764589,898.3647356,716.385913,72.32545582,14.3392597,75.25478007,7.465197014,0.933333333,0.011151167,2
2647.017353,25.49213977,674.7813635,856.5997555,72.80678236,15.13709946,69.02033636,2.982671569,0.733333333,0.01040174,2
3190.27482,33.81421283,1078.766318,826.5738138,63.90428134,17.16116438,149.0118833,-1.075931434,1.6,0.013880334,2
559.2706397,35.9056395,200.8096997,580.9906323,60.62430215,5.54488637,30.46339767,1.320985044,0,0.006077428,2
3363.215616,37.49411964,1261.008087,934.0359768,61.97530744,17.33210303,177.0916382,-1.408527121,0.6,0.008937502,3
1766.596942,59.81919908,1056.764142,806.6693157,39.19377172,13.40838082,60.85177734,-0.249020576,0,0.007495327,1
6395.691361,31.98117114,2045.417,995.327536,67.94632534,22.93767934,127.6808332,1.965738494,3.466666667,0.009703901,1
1404.91261,58.57946253,822.9902561,786.6618813,40.41731972,11.82139965,49.26097644,-0.150357739,0.133333333,0.006667443,2
2511.647197,23.77983129,597.2654659,953.8395161,76.10787042,12.36411584,66.52646857,0.275332862,0.4,0.004959571,3
1848.056711,24.9492137,461.075618,763.7472864,74.26276728,9.788359188,86.38484873,-0.919863199,0,0.006308116,2
7089.769515,16.42793618,1164.702811,940.819737,83.08523428,19.20479457,170.5599367,1.596654419,2.466666667,0.010596602,3
4616.076268,29.42030327,1358.063637,888.5598753,69.6735854,17.8024334,111.1391974,1.056553798,2.066666667,0.010506105,3
3717.921454,59.71462703,2220.142929,900.8516402,39.41932357,22.79104857,91.15132523,-0.347385199,1.6,0.013037881,1
3196.051241,19.55885927,625.1111642,713.3197272,77.12717281,14.71301903,225.8408736,0.462299982,1.466666667,0.020297801,2
813.2385756,30.91331164,251.3989753,773.783133,65.36042028,9.051731743,46.399287,-0.209267699,0,0.007389181,1
5535.746131,12.33422914,682.7916123,1113.841393,86.68088787,17.27142803,398.6463387,-1.45152488,2.066666667,0.011466633,2
1661.822755,37.07605255,616.1382777,647.572388,59.38448875,11.02721577,102.3285204,5.112199117,0.6,0.010191296,2
3142.769778,46.06194834,1447.620992,802.4180372,51.52267303,18.4941208,98.42254545,-0.09505141,2.733333333,0.013147172,2
3494.855903,43.53046959,1521.327186,1005.010813,56.34652437,20.12324174,90.2445028,-0.203123754,1.2,0.009409471,1
1177.208151,29.68364564,349.4382959,719.749163,68.11602695,8.802533331,56.91431326,0.119268242,0,0.006840528,2
2061.298498,24.57656142,506.5962914,837.0655408,74.3031151,11.87676851,61.61804176,0.003905581,0.2,0.007505131,3
4133.786961,46.50787763,1922.536581,948.1884783,53.12550463,20.75438666,124.8856367,-0.521961397,1.466666667,0.009531758,2
2373.39824,28.01391067,664.8816627,777.9513129,70.74766646,11.80520558,61.9387552,0.23373104,0.2,0.007850846,2
2758.009595,27.72786294,764.7371203,858.6844015,70.37833648,15.28433971,70.1973047,2.634625074,0.733333333,0.010353256,2
2183.273254,53.82674346,1175.184894,702.9119875,40.65755355,16.71309808,69.40088613,3.333386429,1.466666667,0.014832234,2
723.9305854,40.26485446,291.4895966,820.5651354,56.96692909,8.64422217,47.500272,-0.754248553,0,0.006417515,3
4592.555779,36.66367407,1683.799682,1036.564424,63.23987138,21.42169302,116.7397579,-0.170389367,2.6,0.008719943,1
3099.957135,15.54724603,481.9579625,811.8444775,83.48677579,11.83227166,74.41832724,0.198144146,0,0.007686506,2
2961.287667,37.71144672,1116.744421,794.8176122,60.83084899,15.60664076,77.5543647,0.65157734,0.866666667,0.010573798,2
4750.597479,22.6803407,1077.451694,898.8130962,77.02195541,16.3230472,109.7620293,-0.546352977,0.866666667,0.008373912,2
1596.445942,28.64262481,457.2640215,749.7152234,70.08827642,9.514472999,57.4200847,-0.396135695,0,0.006292726,1
764.759266,46.4125178,354.9440305,681.0365303,49.65133984,8.544515502,43.46184233,2.950299376,0,0.006962778,2
3969.487155,28.60522358,1135.480675,880.5240831,70.3181364,16.9611883,99.01588013,0.554561519,1.6,0.010435557,3
3057.193789,51.76070566,1582.425079,912.930176,47.26165301,20.77029908,84.43578803,0.205685648,1.533333333,0.012416135,1
908.0967926,51.17057726,464.6783708,691.0568753,45.88434713,9.43680006,41.44407062,0.865162096,0,0.006973603,2
4638.556339,9.265839211,429.8011721,1250.077832,90.67895814,14.13899172,304.0193816,-0.805704436,1,0.004684801,2
919.6219063,36.31623504,333.9720529,782.2024804,62.46028093,8.275591327,57.40328885,-0.63940251,0,0.005327958,2
1119.967012,51.43288639,576.031361,750.5917407,39.69606103,14.4468608,46.0608157,-0.418712875,0.133333333,0.013559415,1
8451.887174,20.22223649,1709.160613,723.5227779,78.13771551,20.41936332,179.3215641,2.91373555,3.066666667,0.016147843,2
3832.568033,57.48740452,2203.243889,895.0192473,41.62820805,22.53670388,94.3577262,-0.33126086,1.666666667,0.012953473,1
2252.632146,66.0449491,1487.749755,832.8214809,32.69320639,18.94801588,59.07494029,0.124015713,0.4,0.012009626,3
2289.13114,23.00907419,526.7078822,899.3015668,76.61318397,11.51865104,78.85443997,0.268535411,0,0.005810174,2
4760.948868,13.31663518,633.998192,956.7656976,85.89571096,15.85139221,320.0891421,0.40699351,0.733333333,0.009835701,2
1050.450563,37.67379001,395.7445394,959.2936212,62.0244177,9.659448748,61.45628532,0.340145344,0,0.004890631,3
2179.086845,58.96627468,1284.926335,807.9532008,38.46556875,19.16465869,62.42010605,-0.212538382,0,0.013686753,2
3915.242121,45.58525904,1784.773263,996.3785116,54.24984208,20.98329953,104.8142877,0.670231636,1.6,0.010083341,1
1517.549441,30.94623283,469.6243835,764.1551914,67.16199705,10.32082785,56.24902901,1.664731079,0.066666667,0.007446467,1
2235.560929,36.60532826,818.3344164,809.9484203,61.42600131,14.30225044,83.71086547,0.451414644,0.866666667,0.009854933,1
4964.685027,43.94074841,2181.519757,1043.523768,55.96831164,23.00713584,98.84789551,-0.440642609,3.133333333,0.009246497,2
1416.872586,31.16695342,441.5960188,759.4575939,67.45878387,9.406097919,56.05036878,-0.301188808,0,0.006012992,1
2753.317336,55.90221243,1539.165306,835.6208124,42.73503834,19.45858976,76.38343653,0.71659504,1.266666667,0.012532589,1
900.7014456,42.42855318,382.1545918,737.201998,52.26548674,10.15022914,52.92140364,-0.766720181,0,0.009111845,2
5269.28167,19.83386922,1045.102435,937.6632727,79.28056196,17.27117493,194.8635542,-0.99402516,1.466666667,0.010837885,1
2778.164833,24.33813822,676.153597,888.6082076,75.29885816,13.53432314,102.759789,0.34985518,0.466666667,0.006347171,2
2723.578416,28.15497383,766.8227901,806.965001,70.89667688,13.82374062,107.8576914,0.231723297,0.4,0.008983949,1
1247.621759,49.29480505,615.012714,575.513532,47.65402849,9.055834334,52.94494056,1.71180403,0.133333333,0.008725779,3
4549.453796,38.5046301,1751.750356,1013.128481,61.3943774,21.59598618,90.44197664,-0.386389062,2.666666667,0.009221076,2
6457.051118,11.29427292,729.2769761,1164.354213,88.69825428,18.07677178,172.4480479,-0.217253848,1.2,0.005422648,3
2415.090705,30.2367615,730.2452163,805.4907707,68.63080811,13.08278118,67.66909835,-0.257066775,0.266666667,0.00791407,2
3416.180421,60.50890991,2067.093533,713.2785162,35.21521153,21.41317402,75.52207871,0.533491595,1.533333333,0.017406071,2
6517.337616,11.81542218,770.0509541,933.3057032,87.96791489,15.67789432,203.5615866,3.604982074,1.466666667,0.00745821,2
2435.888697,35.29762536,859.8108667,798.0403795,63.32625052,14.21658114,62.90690937,0.104120484,0.6,0.009147229,2
3938.528409,22.00664393,866.7379232,763.8366813,76.97435078,13.42919942,170.6790645,3.448053736,0.133333333,0.008942529,3
1532.55982,28.0972811,430.6076407,763.7984596,70.49440665,9.559252057,59.29489725,0.04272839,0,0.00661027,1
3383.324619,22.97595753,777.3512276,946.6602344,76.70121615,14.41696681,97.52450356,0.168612636,0.4,0.007185638,3
631.7361915,44.5864381,281.668666,711.5617522,48.52309448,9.313023698,33.45976337,0.688847777,0,0.00897813,2
682.5698053,41.14208222,280.8234305,729.3545907,51.67866748,9.991433705,37.92480404,0.201500557,0,0.009495915,2
6125.516751,14.01478596,858.4780619,913.6816237,85.76474516,15.93128675,158.1287209,0.08779369,1.333333333,0.007589628,2
1872.303166,30.23587859,566.1073122,883.6316919,69.56961123,11.14345849,100.3368422,-0.987436033,0,0.004662328,2
1176.803375,30.6165263,360.2963149,723.7285509,67.12285879,9.017176612,54.91164308,0.3865537,0,0.007124706,2
1348.457676,37.96909385,511.9971604,780.1615114,57.73792166,13.05750254,53.60761242,0.794812196,0.4,0.01066822,2
3144.211634,49.85491836,1567.544143,938.1740588,49.5725259,20.73431221,74.41441787,0.137726495,1.2,0.011902318,1
4480.45333,54.54515125,2443.870046,1012.987104,45.32990506,23.17833323,103.2722109,-0.282014592,2.133333333,0.009662917,2
6075.038317,10.83456047,658.2037003,1156.98619,89.13461867,16.34174981,280.3316564,0.036133447,1.733333333,0.00547425,3
2674.099855,28.64690675,766.046892,853.6190084,70.34291308,13.91739783,77.34369306,-0.04652174,0.533333333,0.008622811,1
1371.49589,42.24916607,579.4455761,871.9043039,56.36053384,13.86581285,61.36061774,-0.126170054,0,0.009236415,2
2512.387959,48.26570432,1212.621744,800.9935518,50.67911482,14.18473906,72.19102693,5.032818803,0.133333333,0.008467279,2
5182.468806,16.26057278,842.699112,657.0449268,81.25391014,14.76680472,155.9117451,1.637215127,1.2,0.018607055,2
3004.370564,25.74802571,773.5661052,895.4372803,73.64942162,13.68344465,94.78241266,-0.177713403,0.533333333,0.007663077,3
1375.044969,25.52935395,351.040097,719.1013792,72.21416837,9.367134182,50.5488432,0.254263919,0,0.007390466,2
3737.502191,20.88192714,780.4624846,1023.45166,79.04190348,15.32081905,135.6430743,-0.884877085,1,0.005569595,3
2195.918058,27.85106024,611.5864612,774.4694573,70.58270925,11.94489409,61.607543,0.126775205,0.133333333,0.00815036,2
10008.47554,8.025249006,803.2050841,910.6770631,91.28509778,18.32769423,307.3382785,0.456962464,2.133333333,0.013168029,1
3965.415987,39.31821385,1559.130738,961.8351796,60.31588636,20.87436978,110.4490781,-0.112922705,1.2,0.011226795,1
5047.28083,27.95489847,1410.962232,613.9129224,67.80068842,18.57657849,172.1049822,0.941566163,2.133333333,0.02391269,1
4463.601905,35.25802933,1573.778069,723.4135607,61.09502005,19.68264859,137.4325586,-1.090444759,3.066666667,0.01829686,2
1077.703584,37.67250097,405.997893,744.4036042,57.93469396,10.71053478,45.68081475,0.046924229,0,0.009126867,2
3861.792993,26.3958579,1019.353391,913.9783637,73.3566774,15.64361994,116.1425303,0.136233196,0.933333333,0.006659752,2
2845.254338,30.064443,855.4098686,813.6112236,69.03646974,13.95413986,78.39012765,0.003930416,0.4,0.008005606,2
1452.53663,29.60002547,429.9512123,765.5355519,68.89575438,9.831530941,57.15376159,2.138736006,0.066666667,0.006945344,1
1099.742439,52.96642678,582.4942736,750.5372733,37.93951408,14.60446097,43.0357051,-0.212444926,0.066666667,0.013661497,1
4790.940501,15.49001606,742.1174532,1065.012174,84.20102378,15.34125079,348.6203754,-1.274411455,1.466666667,0.011188658,2
7057.248927,18.23791254,1287.094887,1125.173129,81.6863524,20.82648293,285.8240765,0.30339,3.533333333,0.008737735,3
7623.887534,7.83816227,597.5726762,1075.901858,92.04671001,17.35933919,277.347034,-0.660490328,2.133333333,0.007531356,2
3581.205206,69.33510795,2483.032496,722.2196923,26.81231673,22.27201266,73.07449153,-0.625076333,1.6,0.016529108,2
8782.021212,3.831488048,336.4820931,1115.33991,96.13605145,15.12970648,264.6503451,-0.325214738,0.666666667,0.004523077,3
1908.069951,27.38399351,522.5057515,837.168887,70.49794957,14.22091875,62.14894317,2.468233164,0.4,0.010660217,3
2951.212507,14.31958769,422.6014628,931.5430122,85.56725719,11.46406271,73.57305136,-0.203391123,0,0.005007452,2
794.8634981,35.48170207,282.0310982,758.9161365,60.09273478,9.484811359,39.80123425,0.306311716,0,0.008088393,1
729.153087,38.88264341,283.5139947,729.071459,56.65524905,9.132615955,41.66199789,0.092108866,0,0.007894276,2
2243.925543,23.36214988,524.2292486,953.0670759,76.52664259,12.10823577,59.556954,0.142189358,0.2,0.005474639,2
1155.358026,33.48922515,386.9204505,910.9156238,65.89272583,9.570745511,81.8246708,0.344514221,0,0.005429132,3
5389.792469,22.99882511,1239.588944,730.0685216,75.85105437,16.73441806,234.2681717,1.10196737,1.666666667,0.022083837,2
5375.612974,19.99844192,1075.038839,1106.040668,79.99363326,19.57804661,119.6042215,-0.115137431,0.666666667,0.006187921,3
3430.156601,30.4058264,1042.967461,838.8615399,69.27818521,14.86149987,115.148948,-0.816839037,0.133333333,0.007724158,1
8561.866444,5.762783891,493.4018602,1061.606107,94.1030881,16.76559287,302.8890683,-1.072070293,1.8,0.007392208,2
1944.495482,30.17677721,586.7860693,752.3031268,68.59898721,10.95649521,68.46427539,-0.123999973,0.2,0.007500285,1
2085.13002,41.1791194,858.6381805,960.4247495,58.40183561,14.55834588,98.17544935,1.176327205,0.6,0.007630135,3
3247.430532,23.52842401,764.0692249,777.7706147,75.75313446,12.53228588,139.1121472,1.54823497,0.666666667,0.0086625,1
3171.436773,29.48713948,935.1659847,752.2262024,69.72009614,13.12742413,97.76598303,-0.128924797,0.333333333,0.007927201,2
1905.404109,64.7013023,1232.821273,808.3990954,32.77642686,18.21869333,56.76388315,-0.207568733,0.2,0.012508317,2
2502.069465,22.63993764,566.4669665,788.8118005,74.82817726,12.80962973,116.7842388,1.013526409,0.8,0.012568144,1
2941.145901,37.60100656,1105.900463,786.1610119,61.22696967,14.52005645,77.02089747,0.452668224,0.4,0.008895207,2
1872.937414,51.16870405,958.3578024,633.3020572,45.24312675,12.84666465,64.32739744,0.548244705,0.533333333,0.011081864,1
2607.878605,23.81251985,621.0016104,856.0263859,75.19901079,13.41415268,71.34171121,-0.194143485,0.266666667,0.008265717,3
1166.819458,56.66435011,661.1706626,782.6348458,41.96221925,10.9665198,52.26544665,-0.490775125,0,0.006516903,3
2106.384321,41.81993619,880.8885788,834.7832952,57.42657145,13.8560437,81.07629577,-0.057687464,0,0.007826446,1
2993.810604,47.73324029,1429.042809,907.5645955,51.85919386,17.16903534,76.89805811,0.480039475,0.533333333,0.008840556,1
621.0104939,41.44329902,257.3672359,759.5891222,54.91416692,8.091343754,64.03396097,-0.394056772,0,0.006634244,2
2098.755152,62.460477,1310.892479,804.7603822,35.12503111,18.59242818,68.73715442,0.119110698,0.6,0.012860883,2
3060.201169,23.28363761,712.5261504,776.4066969,76.17344981,12.40817395,111.2530878,-0.865333001,0.066666667,0.007382858,1
2376.036085,20.63068174,490.1924427,940.2598904,79.26318546,11.32857738,72.32788857,-0.28514887,0,0.004450611,3
6917.062663,6.709178118,464.0780546,1034.011073,92.83889723,15.65341703,364.3555829,-0.536252586,1.266666667,0.010030984,1
1897.456707,37.0163592,702.3693904,793.44265,61.71345835,13.73179854,66.33317347,0.029872827,0.133333333,0.009434521,2
5692.034373,22.61812067,1287.431203,840.9124089,75.35748856,20.70229836,230.3181088,0.106267583,4.2,0.017348485,3
3236.657564,57.69531297,1867.399711,707.9742688,37.86033242,20.62327375,73.93946852,0.938283849,1.266666667,0.017136756,2
2753.053711,27.18234295,748.3445011,887.4969528,72.51494069,12.47105385,87.35354335,0.697248248,1,0.006289321,2
3416.028209,29.14042058,995.4449872,842.302104,70.12117106,14.9336579,129.4233054,1.615201872,1.8,0.010058117,2
3482.758589,67.82024735,2362.01549,725.8374249,27.90331469,22.72140416,71.63651248,-0.363181633,2.133333333,0.017693977,2
4515.774675,40.5590854,1831.556907,923.6963421,59.18920792,18.99725359,117.1993615,1.07184518,2.6,0.009081383,3
2222.838035,31.83849056,707.7180779,983.8621279,68.0446491,13.76155326,74.78669174,0.261420909,0.2,0.006317841,2
5269.914495,49.17218944,2591.332339,1026.629902,50.77312898,24.12153529,104.1731158,0.266735457,3.466666667,0.009654111,2
5628.893937,13.9764575,786.719969,625.6070845,81.83057968,16.71315512,195.4310027,0.481968312,1.333333333,0.022658827,1
2869.796425,64.02841625,1837.485201,695.4022919,31.75310508,19.29252013,68.15103954,-0.268571485,0.8,0.01570139,2
5625.312033,23.5261911,1323.421659,972.4686797,76.38455511,18.41483727,136.8267453,0.169152407,0.866666667,0.007761514,3
1816.074316,36.18624277,657.1690608,922.0927323,63.68972725,11.46155873,108.4437982,-0.700680567,0,0.00454677,2
1584.556917,42.08091532,666.7960545,856.3293649,57.28490808,11.6485266,53.88921261,0.957593006,0,0.00622402,3
3279.736924,20.62105887,676.3164819,876.2610322,79.13368825,13.28737809,95.70578144,0.828698744,0.133333333,0.005955441,2
5341.914881,43.17286202,2306.257541,1038.110278,56.77447856,23.40575132,107.6472572,0.12186896,3.4,0.009093632,2
3810.796043,21.94942021,836.4476368,1029.450451,77.97822492,15.55377027,138.056335,-0.967150464,0.866666667,0.005543093,3
1848.914686,37.09690887,685.8901961,905.1483186,62.37746364,12.36707762,77.22326825,0.479018447,0.466666667,0.006869281,2
3204.175339,53.62044332,1718.093021,833.2244332,45.13464505,19.5314955,79.60400973,0.31066249,1.266666667,0.012441971,1
2452.999533,31.15040862,764.1193782,679.7701537,64.29345755,15.01865119,156.6155537,-0.621817655,0.933333333,0.019052558,2
2827.68158,24.16711753,683.3691308,856.4730671,74.90259699,13.64521527,82.65618393,-0.355798838,0.266666667,0.008633204,1
7025.381771,15.70156878,1103.095151,949.0106403,84.16468481,17.07752592,215.5222466,1.912412115,1.266666667,0.010169378,3
1890.639829,39.1226853,739.6690705,820.5643796,60.00012712,12.97674591,75.26614637,-0.323390008,0,0.007532602,1
4653.051818,19.90973666,926.4103634,956.7017899,79.82450632,16.27290721,135.5491666,0.515515674,1.266666667,0.00792262,3
2765.723591,19.89076887,550.1236872,948.4585527,80.06518938,12.00940949,68.08508505,-0.018989043,0.2,0.004234532,3
624.5623067,42.9038224,267.9611029,714.5152162,50.08126686,9.254467579,33.60248171,0.781783989,0,0.008767392,2
2126.601175,29.74408365,632.5380324,647.1932382,67.55523414,11.10439326,103.5775643,4.797383924,0.6,0.010068489,2
1489.458327,37.61007988,560.1864667,851.0258536,61.68516788,10.7755661,58.01787161,2.460098458,0.4,0.006463866,1
1226.648023,72.08911896,884.2797524,796.4633374,25.44872813,12.95047946,42.444577,0.287019859,0.4,0.008491346,2
2996.31563,29.46842206,882.9669361,890.1044409,70.22265282,14.00498169,99.74883391,1.458160396,0.533333333,0.007351918,3
635.9805964,44.10195806,280.4798959,716.6417803,49.2733253,9.31974397,33.91303722,0.804455153,0,0.008568702,2
2082.087621,37.77990147,786.6106517,824.4567058,57.7001323,16.44568246,104.1145468,0.831697834,1.333333333,0.013697255,2
2170.008133,39.96566381,867.258155,968.146365,59.63031349,14.68666789,103.2695314,0.881437609,0.6,0.007642104,3
4434.347085,68.18482416,3023.551763,769.3603324,28.15019809,26.19574831,84.25212004,-0.481590007,4.866666667,0.019092513,1
1565.16943,38.33419294,599.9950692,751.6699662,60.51569963,10.40003893,68.05973193,-0.499076312,0,0.006624688,2
2764.978939,34.66745848,958.5479256,879.6619749,65.10011596,13.71751914,84.01886102,-0.402579436,0.2,0.005720749,2
1563.398537,62.94894749,984.1429242,788.4197736,36.02904547,12.10249918,50.99971459,-0.230883559,0,0.006525673,2
1961.578151,20.52878794,402.6882188,735.9209727,78.11741557,9.812748041,80.58307827,1.389302883,0.133333333,0.007440641,1
2715.065876,21.3209204,578.8770342,947.0970592,78.62920106,12.10944602,67.86761045,0.002653476,0.2,0.004274155,3
3769.034646,38.51646602,1451.698948,947.4857204,61.01289052,20.17946286,113.7466747,-0.488134832,0.933333333,0.011141162,1
884.4272975,31.79534041,281.2066699,769.320292,64.77409532,9.108549494,44.33091422,-0.115982775,0,0.007424606,1
1732.195908,65.21517174,1129.654536,816.2531858,32.43788224,18.10691497,51.74431016,0.09197389,0,0.012746949,2
1143.107345,33.6147504,384.2526808,913.5597595,65.7883209,9.526282278,83.26591422,0.278960588,0,0.005384011,3
2742.37927,33.13604046,908.7159043,796.3234154,66.10343602,13.2193418,67.36790497,0.47837392,0,0.007959752,2
4369.94795,30.88367025,1349.600315,602.1129342,63.67682396,18.79122339,168.8883601,1.593447733,2.133333333,0.024664829,1
4305.739101,47.4479386,2042.984445,988.6351353,52.38015015,22.64075108,114.7560248,-0.34937713,2.266666667,0.011191052,1
1552.634732,62.59045246,971.8011039,791.2626657,36.38340603,12.08171934,50.51307765,-0.248706503,0,0.006526366,2
3000.402265,48.65209859,1459.758668,810.7804241,50.37308333,16.19381437,80.53137567,0.388805707,0.466666667,0.009659373,2
5937.534253,6.78683945,402.970917,1203.567757,93.17272729,15.14796652,304.9961781,-1.029480741,1.6,0.005435319,1
6788.482082,18.01774845,1223.131625,638.2075065,79.5085145,17.34939389,157.9687795,-0.492744097,1.933333333,0.018629576,2
3514.500404,74.52559567,2619.202361,733.0508377,21.95210649,22.9362994,74.7017787,-0.480248228,1.666666667,0.0167064,1
1851.468297,15.42957806,285.6737462,809.5310682,83.80030942,8.647232965,103.6402257,2.122448599,0,0.005819162,2
641.0536859,44.76315575,286.9558598,731.1734258,48.86751991,10.07257341,36.39149112,0.58092514,0,0.009097344,2
1855.009116,32.48994742,602.6914864,907.8308129,67.06001858,12.16809763,77.50214244,0.439413344,0.466666667,0.006716367,2
3465.684334,15.36783622,532.6006924,844.4933811,84.0448097,12.49529972,102.8090369,1.736570227,0.933333333,0.007714558,2
1092.749655,33.6303086,367.4950811,898.8068396,65.18236997,10.19423607,55.65621628,-0.384689761,0,0.006463998,1
1192.024027,50.88966816,606.6170715,750.4215699,39.33002368,15.19697006,47.12916731,-0.28436295,0.2,0.014506407,1
2172.470441,34.68785585,753.5834148,738.8906832,61.76588383,15.25564987,78.58401245,2.371864048,0.133333333,0.012943202,2
2096.171637,40.43629996,847.614251,699.8825194,49.0900423,18.69459572,73.53030112,1.4351519,2.466666667,0.01982839,2
2736.738162,33.01241688,903.4634111,778.7360594,66.30859793,13.53042483,81.71619581,-0.321215657,0.466666667,0.007967719,1
2810.674905,25.92354126,728.6264688,738.7494849,72.98724138,12.00573718,86.2708808,0.310038727,0.2,0.008514286,2
5932.238212,9.674964342,573.9419317,970.3793846,90.22461535,15.16637749,182.8000621,-0.860895851,0.666666667,0.005827509,3
2634.408847,64.79651998,1707.005255,690.4386718,30.82919218,18.72964676,66.76576077,-0.280936108,0.4,0.015294773,2
1973.190905,25.24961041,498.2230162,769.0346313,74.0840725,9.830205748,85.76835691,-0.881455205,0,0.006120882,2
1465.143142,59.18777126,867.1855714,793.0880939,39.87417354,11.95588174,48.42582941,-0.226347662,0.133333333,0.006579768,2
1271.109185,56.05107186,712.4703225,773.3169772,42.46027412,10.93411855,51.45912739,-0.568356166,0,0.006477227,3
1335.656499,36.08938877,482.0302667,977.6634842,63.81094026,10.34897609,80.98664453,-0.420712914,0,0.004536949,2
6335.47257,13.20220165,836.4218643,960.2791668,86.25634681,17.09278365,173.4103399,0.907870693,1.533333333,0.009539773,3
5279.165704,20.52846315,1083.731586,687.9984238,76.80675973,16.4561943,164.3043657,0.109991064,2.333333333,0.016412589,2
1588.387923,39.30356766,624.293122,833.9829596,57.52032174,13.97184646,72.95407931,0.556574294,0,0.010215205,3
10377.67083,7.619701297,790.7475189,831.6647964,91.57856838,17.84417392,271.7065037,-0.436259835,1.933333333,0.014642254,1
4909.406454,15.12112612,742.3575415,825.4616712,84.14799203,15.17501816,116.4999418,5.797268148,1.266666667,0.01063915,3
3463.754779,37.28798988,1291.564532,757.7816663,61.0253988,16.04075282,103.4217578,-0.047984354,1.8,0.011184274,2
2936.14054,64.41079062,1891.191335,697.4017015,31.77484285,20.10813771,66.82327039,-0.291509402,1.066666667,0.01633587,2
3373.896606,19.57649465,660.4906888,713.9949052,78.91286229,12.08741268,115.6355918,0.303296183,0.266666667,0.009433485,2
1844.371646,35.08220934,647.0463217,648.4434678,61.67763759,11.09074977,102.8346196,4.898674837,0.6,0.010185491,2
9567.075739,8.558496574,818.7978493,821.9989855,90.51522916,17.86522779,262.7942657,-0.092602542,2.133333333,0.014692525,1
1789.566099,21.47370203,384.2860916,727.9337265,76.92210457,9.843325909,60.51720591,-0.044575289,0,0.007285446,2
2015.131266,63.0271473,1270.079751,817.5195041,34.82096608,18.8151847,55.02100037,-0.173844271,0,0.013103633,2
4988.168665,10.95116844,546.2627526,820.8027988,88.5461769,13.41094861,354.3539929,0.287242218,0.6,0.016296496,2
3655.195277,45.96725253,1680.192843,1005.573177,53.81032251,21.3607562,82.958399,0.194599426,1,0.010691098,1
2533.316617,34.7026064,879.1268945,801.3337793,63.89966387,14.18809688,63.68376538,0.005079827,0.6,0.009143413,2
3527.929097,53.73768587,1895.827456,814.9494176,45.64295375,17.19423242,111.3479924,0.338007543,0.6,0.008977836,1
1545.128124,60.25895957,931.0781314,793.9226245,38.79427332,12.00801753,50.77246932,-0.086451493,0.133333333,0.006657765,2
2248.446894,24.55513383,552.1091439,832.061424,74.36415367,11.92660625,74.65608848,0.055284975,0,0.007682901,2
2341.3602,19.6271762,459.542892,939.326048,80.2225608,11.47992177,71.12874543,-0.203911811,0.2,0.00506908,3
3489.743596,20.75477098,724.2882911,719.1427908,77.79249245,12.37771834,116.1806781,0.301700542,0.266666667,0.009576229,2
6700.489205,10.14022834,679.4449051,1064.299027,89.74431507,17.22200366,273.302681,-0.680681272,1.933333333,0.008158609,2
5738.86052,23.09300998,1325.275633,974.0351057,76.79859048,18.69633434,136.0929032,0.220177383,0.866666667,0.00815546,3
2156.511651,24.32569062,524.5863524,927.8597062,75.33232294,12.25851228,65.0618366,-0.052784171,0.133333333,0.006235884,2
4096.096172,64.82856614,2655.440416,760.399512,32.74100543,23.68706672,85.01910201,-0.617540557,2.333333333,0.016359026,1
1819.316435,36.71344096,667.9336652,974.9723266,63.14657716,12.9728661,63.51076515,0.296184715,0.2,0.006143508,2
7166.387158,19.18600932,1374.943708,1100.550236,80.71904443,20.93929448,278.7738708,0.74855562,3.533333333,0.008927017,3
1123.37631,37.12165093,417.0158323,955.0183218,62.59504738,10.09006579,62.00803103,0.168086876,0,0.005106766,3
1776.751449,56.60653488,1005.757429,813.4450065,41.17973124,17.31178877,53.58261371,0.065660589,0.066666667,0.012235473,2
949.6696249,31.04711781,294.8450473,890.8121065,67.89446343,9.381715989,45.25786314,0.068541603,0,0.005899257,1
9469.709545,4.374537696,414.2560138,1157.668907,95.61538652,17.00395343,296.9838137,-0.437766825,2.6,0.004860967,3
1601.159872,58.35757404,934.3980575,788.4253347,39.9118576,12.96027105,52.40960459,0.267021136,0.333333333,0.008273273,2
1433.595662,27.65407445,396.4476116,665.0962511,69.89867459,8.993524528,47.68445082,4.725021431,0.2,0.008354613,2
3360.634896,55.62714723,1869.425322,710.757497,40.71546032,20.30786724,79.2558667,0.907689529,1.2,0.016126774,2
1503.118535,62.20687825,935.0431167,795.4059878,35.77836974,13.49130497,48.98159298,0.00926815,0.466666667,0.008723671,2
2583.165939,13.79669805,356.3916047,731.3126262,84.8725092,9.850444844,73.78751207,5.100440786,0,0.007775639,2
7948.38795,13.28510041,1055.95132,1125.538808,86.38498579,20.44559068,385.4481809,-0.845993106,3.266666667,0.012325262,2
5364.006329,41.12017696,2205.688895,1040.044649,58.82193172,23.58564723,108.5304777,0.101671324,3.4,0.009155531,2
2304.009103,67.28712213,1550.301419,845.0754436,31.60198796,19.29789073,58.58918131,-0.474372431,0.2,0.011917546,3
2776.514722,33.22372391,922.4615855,809.1020802,62.90838449,17.59779441,113.3440435,-0.214324154,2.066666667,0.015736936,2
1735.306554,24.54473016,425.9263112,771.9507677,73.72509519,10.72526091,57.04354952,0.542631461,0.2,0.007691176,2
5124.758453,6.248056058,320.197781,1145.707054,93.68199607,13.44265322,334.2365529,-0.771522801,1.133333333,0.007468508,1
3525.543802,19.14322564,674.902805,825.4698234,80.1082811,13.40061329,111.3965706,0.835036632,0.333333333,0.007959598,2
3926.941293,15.51645384,609.322033,712.8565602,82.24524059,14.35017213,225.6879829,0.479166592,1.333333333,0.019855222,2
4361.888921,21.92346463,956.2771748,1015.994318,77.8863757,18.64932108,149.9778823,0.110175675,1.666666667,0.008998974,2
3579.769517,29.14662419,1043.381968,840.0196313,70.55472159,14.90040593,113.4835634,-0.82055144,0.133333333,0.007753221,1
4725.236488,20.54057192,970.5905993,1086.35556,79.41376272,18.3319928,171.4788603,-0.875392126,1.466666667,0.006909277,1
1510.245182,35.63794795,538.220392,960.4499458,64.18161814,11.86108494,50.75891554,-0.088707981,0,0.005851774,2
1155.182381,66.11714569,763.7736182,781.6442222,32.56853758,11.03097099,43.01159949,0.187014361,0,0.006557737,2
3232.869491,25.35966695,819.8449358,1004.673265,74.43045103,14.76010034,98.24520248,1.738221692,0.4,0.006890953,3
4408.438116,48.08550101,2119.819555,926.0662659,51.53564806,20.77268992,122.0801999,0.823980462,3.466666667,0.010618216,3
883.3430269,39.81684526,351.7193261,789.2475857,57.277632,10.69429029,56.3642117,0.834569221,0,0.008415674,1
4091.480783,37.3334659,1527.491583,795.6902979,61.55363082,16.95355322,130.4413102,0.31966396,2.333333333,0.011658206,2
3644.749873,35.20530624,1283.145354,617.0477594,58.9047104,17.12494537,112.2048437,-0.526534947,2.6,0.021705566,2
2123.58133,22.77030799,483.5460092,1107.14985,77.22672872,12.16735908,73.66403811,0.600943822,0,0.004086872,3
1625.67645,25.3784426,412.5713646,766.7009698,72.70887322,10.44919136,53.79420984,0.467188381,0.2,0.007554434,2
6956.060249,17.94111703,1247.99491,601.0432197,79.10633228,17.94693411,152.9264626,0.381080101,2.133333333,0.020970101,2
2059.696312,27.49031163,566.2169349,844.2245611,71.07927376,13.7211201,65.91209423,1.891422147,0.133333333,0.009941959,3
2077.782693,60.76889796,1262.645644,831.3661959,38.60975358,14.98692843,61.765865,-0.216122219,0.133333333,0.007890079,1
1242.006074,71.44432219,887.342821,794.7788704,25.97557335,12.93959759,42.83034128,0.380618803,0.4,0.008432228,2
4659.798031,13.12390196,611.5473252,935.2116389,86.37612935,14.36607544,366.1500438,-0.849777988,1.266666667,0.008734415,2
639.254382,42.39476204,271.0103741,705.3476571,50.33982151,9.316697353,32.77452273,0.649491238,0,0.009176495,2
4132.453312,42.48225106,1755.559191,1031.979305,57.43018777,21.3779268,90.3366728,-0.331163137,1.4,0.009350795,1
4131.923074,50.75339536,2097.091254,1004.171332,49.02877527,23.4899769,99.04044836,1.329844984,2.733333333,0.011837507,1
796.8630021,40.80364273,325.1491324,746.2279606,55.67405605,8.855646553,62.48235171,-0.73080972,0,0.007034938,2
2460.755597,31.5853849,777.2391268,773.7907355,67.09510969,13.4331218,90.06336731,0.278734965,0.6,0.009241262,1
2593.318223,65.6400903,1702.256423,677.6352922,29.9667697,18.10126863,61.99426019,0.085914581,0.266666667,0.015272162,2
2872.491622,31.53437957,905.8224112,874.4436485,67.0329466,16.1554189,133.9510423,-0.174882528,1,0.012198418,2
847.284814,39.43825659,334.154359,778.4592042,59.17518676,8.170573118,60.32449161,-0.551322767,0,0.005424736,2
3818.486562,34.18287192,1305.268371,752.8296919,62.938487,18.76964034,130.6231416,1.264426332,1.666666667,0.016423588,1
2965.952732,10.73708214,318.456781,689.2782544,88.59839773,8.437387437,228.5287311,0.589579765,0.266666667,0.007082992,2
1809.923585,36.46869308,660.0554772,918.639067,63.40682283,11.45442158,108.9502383,-0.786642251,0,0.004545133,2
650.5674817,42.2792337,275.054946,718.1914734,51.22240536,9.319864008,32.82596112,0.678942379,0,0.008560743,2
1545.305661,27.55063268,425.7414864,737.7650195,71.1994865,9.414660572,54.5855348,-0.556442445,0,0.00624021,1
2705.154877,66.03430546,1786.330235,691.6246711,29.58429329,18.992558,67.16380175,-0.324701998,0.6,0.015466218,2
1255.544442,50.58908696,635.1684696,814.8546743,47.64406784,11.51867511,64.16439009,1.481781335,0.2,0.007658453,3
4040.515651,32.39434805,1308.898703,735.4592231,64.54360903,17.64057699,130.8005508,-1.171145323,2.133333333,0.01555616,2
6432.78693,12.37885135,796.3051316,1153.081579,87.61337146,18.70377459,159.9957674,0.22371118,1.333333333,0.005589785,3
1304.348485,45.15268547,588.948369,782.1707657,49.92321123,13.51306582,52.81946195,0.931975687,0.4,0.011106207,2
3804.617335,25.03959395,952.6607319,909.1226309,74.72539631,15.45234157,113.9904396,0.327733095,0.933333333,0.006599179,2
6370.663455,24.05907472,1532.72268,786.8067041,74.82546002,19.38943134,233.0412432,1.714302631,2.866666667,0.013879649,2
3744.7641,53.44800627,2001.501751,792.6825413,43.47042469,21.28664078,156.04371,-1.073303488,3.266666667,0.016105835,3
4083.970854,18.31065537,747.8018285,729.7282953,78.88259011,15.68989048,126.4625794,5.125374787,0.933333333,0.015763292,2
6466.865748,9.927064853,641.9699567,1190.370763,89.9720747,17.4421117,275.6433981,-0.962034867,2.133333333,0.006700298,3
2370.750218,31.15046838,738.4997972,813.8191313,67.79510905,13.71007341,103.7352882,0.579876083,0.4,0.008951334,1
2234.926943,36.20840857,809.2314789,802.0198912,61.56417561,13.96883712,84.14924541,0.131881497,0.866666667,0.009745635,1
4930.350168,4.789439283,236.1361277,1161.451878,95.18403043,13.04663102,319.4472172,-0.811802342,0.933333333,0.004648846,1
3093.274218,31.11357451,962.4281787,832.495193,68.34528058,14.37625819,114.306556,-0.800298065,0.133333333,0.008190766,1
6547.898287,10.38143447,679.7657699,1083.54426,89.4829439,15.88763347,232.1079936,-0.849536428,1.866666667,0.006665087,3
2924.831009,47.83980781,1399.233533,904.1682964,51.74377249,16.93438842,79.73160452,0.137504409,0.533333333,0.008598167,1
4059.558111,48.30917212,1961.138915,1007.611931,51.45072498,23.38981022,90.91304278,0.377340639,2.333333333,0.01197432,1
4575.455473,44.22768929,2023.61823,1024.537542,55.68345148,22.37395394,93.22491819,-0.467502753,2.466666667,0.009309734,2
3861.298531,52.40913974,2023.673343,879.9321988,46.77760473,21.29339489,99.40840405,-0.043501376,1.2,0.012158579,1
1694.269373,23.59730372,399.8018897,766.3206145,75.27405566,9.549926671,63.8150023,0.483849635,0,0.006267923,1
1162.262648,56.63819467,658.2845814,751.7692342,35.24134014,14.59276406,43.01131379,-0.202916393,0,0.013208376,1
2570.616352,36.34064159,934.1784754,979.6711002,63.38445366,14.92703935,104.4767426,1.125882997,0.6,0.007505012,3
3877.986582,21.39488798,829.6908851,1022.22927,78.5374628,15.36722497,136.4608324,-0.911671885,1,0.005596799,3
3202.286007,40.60067335,1300.149681,921.6087556,58.93315068,18.17991336,95.72745074,-0.271302459,1,0.010115991,2
1154.61539,66.01617075,762.232867,779.8051873,32.53965796,11.28110179,44.024586,0.1001304,0,0.006682725,2
3790.659038,57.01220453,2161.138284,904.2832355,42.23665985,22.32633747,95.7092379,0.428152403,1.4,0.012444252,1
5545.264211,13.98534773,775.5244823,1005.114006,85.66434721,16.54600971,171.7933193,0.759520277,1.333333333,0.008820369,3
2921.561628,44.76570478,1307.857653,931.6873924,54.33897527,18.15873278,89.62842444,-0.050179929,1,0.010504698,2
2909.356895,30.41480502,884.8752269,680.7944532,62.83000835,16.48538895,130.335249,-0.195316213,1.533333333,0.020931859,2
6014.622791,36.88320952,2218.385926,748.679808,60.92655646,21.88877681,146.022894,-0.564962858,3.533333333,0.016495725,3
1255.309636,55.87443491,701.3971655,773.6330664,42.63562594,10.93661075,51.39643869,-0.571337578,0,0.006475776,3
3774.222495,73.2134059,2763.236835,756.1900631,23.56536573,24.63633634,76.79759114,-0.894754513,3.266666667,0.017737293,1
2386.116393,64.98931858,1550.720784,842.8022399,33.87206058,19.50770165,60.08548485,-0.457169965,0.2,0.012051232,3
958.7707758,42.31211941,405.6762355,750.9469756,54.75499983,9.861910962,64.57511495,-0.61990439,0,0.007736492,2
1249.767272,71.02385132,887.632849,794.4262326,26.37816814,12.92281658,42.97387768,0.353912085,0.4,0.008427522,2
2016.117163,27.35241991,551.4568321,826.900581,71.40421013,12.00173089,68.17313417,0.477526966,0,0.007635076,2
1929.095666,14.9815691,289.0088002,798.3779215,84.2708775,8.575259616,106.3641286,2.231877264,0,0.005352746,2
2998.288663,28.9580723,868.2465988,888.3008574,70.9395398,13.24378741,78.04179661,-0.439055317,0.133333333,0.005033066,2
2813.526778,28.55866944,803.5058121,863.2760653,70.61701962,14.31020343,80.73138838,0.315514862,0.533333333,0.008459743,1
3414.479609,28.58641906,976.0774499,739.3277127,70.21756485,13.79100172,91.64494851,0.06379728,0.6,0.009010435,2
2804.099925,31.26750169,876.7719916,805.5930314,67.7074293,13.96916468,73.0605455,-0.28162822,0.533333333,0.008375063,2
2162.353238,48.90572861,1057.514606,844.1408269,50.62182779,13.8758042,64.23650095,-0.589206807,0.133333333,0.006859239,1
5158.663011,40.05665058,2066.387617,1040.659797,59.8892923,22.72036185,106.3079707,0.161247878,2.8,0.008831968,2
1954.513208,27.41918029,535.9115004,876.193029,72.30356951,11.46023724,61.96003783,-0.354940118,0,0.004762079,2
5768.093796,9.152794622,527.9417787,799.8831673,89.11083519,16.36276595,295.0773473,2.058975574,1.733333333,0.018415969,2
2247.984249,35.31483023,793.8718213,864.7412828,63.9884355,13.29052489,77.07510727,2.372419487,0.266666667,0.007464225,3
2463.9698,55.86906708,1376.596941,682.0590681,39.41173707,15.17360239,80.79613796,2.90885927,1.6,0.013742309,2
1293.845887,43.71281143,565.5764127,782.8457248,51.48085027,13.4752497,53.56686407,0.8315584,0.4,0.011121348,2
3067.321462,52.49348519,1610.143937,913.2083634,46.5471831,20.86855566,84.06285326,0.230198008,1.666666667,0.012553497,1
1349.746196,40.62987517,548.4001944,763.6124309,56.39126076,11.23498543,62.21335132,-0.066176571,0.266666667,0.008740669,2
1893.602996,54.08405337,1024.137255,816.2236439,43.8633866,17.39993289,53.48127232,-0.078838455,0.066666667,0.012229882,2
1565.169986,26.86948614,420.5531323,762.7251218,72.33400954,9.326906122,62.07029224,-0.081004226,0,0.005617185,1
1984.875579,26.71166907,530.193396,846.0039824,71.7390665,13.73436119,65.77829966,1.94806825,0.133333333,0.009874909,3
3888.409125,30.09534975,1170.230326,1069.100882,69.87857506,17.86688035,89.64493846,-0.18696999,0.866666667,0.006740236,1
3277.413962,29.69821965,973.3335973,982.5309994,69.90455537,17.92562565,150.0956264,0.45294062,1.4,0.00959308,2
3040.679354,20.79561558,632.3279894,883.8011291,78.10038169,14.41769049,103.2290628,0.615805157,0.933333333,0.009605913,2
2159.917114,31.90738467,689.1730623,816.3773596,67.17805472,12.60677985,91.97840655,0.55721409,0,0.007639096,1
3196.120025,23.79224247,760.428626,860.7637584,75.49148164,13.89418563,81.08702027,0.033491547,0.333333333,0.00790718,1
2208.967608,36.90927818,815.3139993,772.5232856,61.68332466,13.3536454,86.85998829,0.557898554,0.6,0.009209255,1
9182.16577,12.55423933,1152.751066,852.8814902,86.94059506,17.70022667,294.906547,0.104298863,2.266666667,0.012526921,1
2691.175063,25.52608902,686.9517424,686.6664717,70.31192399,14.08660161,194.9785396,1.691190194,1.266666667,0.020311052,2
2341.218161,46.06874593,1078.569846,823.9142541,53.49466256,14.31939221,71.83528136,-0.015453039,0.2,0.007443018,1
1500.238882,57.88217129,868.3708398,788.5087805,41.14673548,11.91701307,50.05421897,-0.202645954,0.133333333,0.006644477,2
2866.541418,30.75725582,881.669477,756.4624502,66.20240172,16.29980602,93.77894942,3.601945277,0.066666667,0.01391137,1
1140.373318,56.18544597,640.7238342,702.3995903,40.95762428,10.02532237,41.83721729,0.711467551,0,0.007519023,2
3178.14831,39.80816403,1265.162492,922.8366288,59.38684137,18.05089825,97.73045613,-0.078668987,1,0.010547716,2
2462.279906,27.29482809,672.0750674,857.9321394,70.92936032,14.96867396,65.59870732,3.893324408,0.666666667,0.010522924,2
3099.882051,24.95092858,773.4493567,766.1607385,73.07772799,14.39791957,142.0744788,1.122901039,0.666666667,0.010871896,2
2843.146042,48.55195056,1380.402861,806.0321008,50.45835193,14.83670161,79.61515614,3.473487494,0.133333333,0.0085595,2
4888.417619,15.7167064,768.2982448,655.440705,82.08592477,14.93478594,154.9790094,1.74238169,1.266666667,0.018729681,2
3641.23458,29.74796285,1083.19311,748.5032386,67.73973514,16.1817767,118.3181172,-0.925260855,1.666666667,0.014211531,2
3502.420043,44.2931858,1551.333417,1059.366973,55.66479386,20.1111187,82.47921666,-0.303677139,1.133333333,0.008184031,1
942.7101164,40.69774926,383.6617994,782.4769202,55.02616081,11.32576292,51.07704015,-0.020493407,0,0.009452771,1
3550.918492,71.91647067,2553.695256,730.5054981,24.40652294,22.89593356,74.84783591,-0.458799704,1.533333333,0.016826457,1
1962.633754,22.40519791,439.7319766,606.74375,75.90360894,8.516058362,72.86552266,6.695298718,0.2,0.007347736,2
664.67708,43.21379536,287.2321932,715.8866565,49.90814523,9.467088048,34.4301529,0.706161247,0,0.008886136,2
3440.575677,31.57799098,1086.464677,828.093326,67.50784734,15.29128443,134.8871803,0.757666055,1.8,0.01068184,2
3901.280664,29.00263458,1131.474175,916.117041,70.17129549,17.49624468,115.7577925,0.676365874,1.666666667,0.010449834,2
1252.273731,46.37641012,580.7596016,783.9712053,51.39977416,10.78024757,65.63367777,-0.347505735,0.266666667,0.007501132,2
9164.020819,8.23593637,754.7429235,920.1375861,91.21685681,17.94222649,312.9376206,-1.063343221,2.733333333,0.012866523,2
2219.368986,30.86461079,684.9995995,865.5171566,68.77642996,11.9489593,65.07397855,-0.61639032,0,0.005445007,2
1095.746659,45.96167512,503.6235195,566.27504,50.99957386,8.293288262,46.06695462,2.325660619,0,0.00869216,3
2394.85545,37.45067628,896.8895619,970.9446222,62.26761329,14.78810485,103.854591,0.89043772,0.6,0.007583483,3
5295.494046,11.3825337,602.7613942,762.8754064,87.80577912,12.80127784,390.1883933,2.984401966,1.2,0.009627222,2
2268.172982,25.15558473,570.5721763,853.5656012,73.78605643,13.09978264,73.10822507,-0.359500974,0.066666667,0.008403234,3
2652.328042,26.60567747,705.6698442,884.1559225,72.20836404,15.5284022,82.60079175,0.958516667,0.933333333,0.009895927,3
1733.380152,38.1222683,660.8038324,976.7425917,61.73168291,12.91959897,62.18992304,0.503198758,0.2,0.006037126,2
1083.523011,28.28286214,306.4513194,782.8446582,70.76920227,8.011653401,59.7885193,-0.545024037,0,0.005024869,2
3615.709065,67.6027219,2444.317744,728.6975024,29.1342856,22.53803039,75.4193538,-0.635544516,2.266666667,0.016426113,2
1156.560561,32.09304318,371.1754803,768.7358983,66.05944857,9.180567176,46.32596976,0.668863156,0.066666667,0.006429669,1
1087.869761,52.93132467,575.823875,750.5165119,37.96156125,14.54847743,43.03609251,-0.213300756,0.066666667,0.013652639,1
2724.417494,21.05875102,573.7282969,892.7422604,78.4118107,13.46074439,73.09271308,0.449144923,0,0.007425462,3
3990.370804,24.61506428,982.2323382,880.0101206,74.52417196,17.06168402,101.8277849,0.395975989,1.6,0.01047136,3
789.2801384,36.54973178,288.4797736,731.7590211,58.02186231,10.05068953,39.9764187,0.23376032,0,0.009130438,2
4264.040086,34.80495979,1484.097437,1004.915709,65.09067561,19.49672147,126.8782763,-0.628708419,1.6,0.008224124,1
2739.002964,25.82223062,707.271662,876.8577801,73.60415894,13.84170596,88.7544984,-0.211079251,0.533333333,0.008131514,2
3880.832764,56.6453574,2198.311589,888.7016804,42.38654529,22.42448196,95.47826878,-0.381276999,1.666666667,0.012898906,1
1081.131202,54.83470902,592.8351487,699.2082614,41.98225119,10.48018772,42.89772549,0.583163946,0.133333333,0.00845368,2
1117.834117,48.76840742,545.1498962,779.7911007,46.65001075,12.61328357,49.28609725,-0.354543863,0,0.010220787,2
1379.653979,27.0753731,373.5464624,705.4373669,71.23018659,8.657676803,77.70869321,2.300744379,0,0.006921127,2
1305.326105,42.57978742,555.8050808,796.6368357,51.07209012,14.67760708,63.74396595,-0.369987295,0.066666667,0.012664085,1
1481.559544,56.20663777,832.7348062,786.2524449,42.06746608,12.94691727,55.2349006,0.473817343,0.333333333,0.008272464,2
2860.577235,53.00952684,1516.378457,850.9669183,46.67429899,16.04587294,71.81136718,0.074680228,0.2,0.007731441,1
2315.563875,26.0869606,604.0602358,809.3020834,71.39828714,14.4301678,109.215157,0.747210261,0.733333333,0.01176128,3
735.3801213,42.23648406,310.5987077,728.5033652,52.11841499,10.08246136,36.96397364,0.756884502,0,0.009128347,2
2293.059886,28.30226423,648.9878681,778.0268221,70.48627013,11.8290863,61.99043813,0.224886658,0.2,0.007861129,2
4044.385025,16.06782446,649.8446861,886.4043859,83.61427799,13.19466298,182.5598041,8.870500861,0.933333333,0.006685772,2
849.3850783,40.17680618,341.2557966,729.5077638,55.01256285,9.989036588,39.50222209,0.586540867,0,0.008716277,2
2764.635792,21.79629487,602.5881693,898.2499608,78.09160588,12.33361586,68.8015048,-0.348511615,0,0.004465667,2
1598.082315,37.84602327,604.8106049,813.9819097,58.22755321,14.91808745,58.14850244,-0.11053774,0.066666667,0.011795742,1
2998.402967,65.16338315,1953.860813,700.0289358,30.91016585,20.40013211,66.61242256,-0.28512084,1.066666667,0.016600436,2
1073.755835,45.21479189,485.4964663,737.6970556,51.09113472,10.63359993,63.55169549,-0.430944462,0,0.008434587,2
2368.968619,67.00516026,1587.33122,826.4340935,31.71889388,20.70049125,57.42518949,-0.05385587,0.466666667,0.013652582,2
4047.049249,66.21826048,2679.885613,756.2672768,31.24379613,23.73926905,82.6451255,-0.706343241,2.466666667,0.016667042,1
3405.909174,22.28013699,758.8412297,782.9713611,76.24354991,14.42612658,154.8340579,0.20703816,0.666666667,0.010771819,2
4724.813272,18.76753747,886.731101,828.0500443,80.41944584,14.64144445,237.1036738,0.346097638,0.666666667,0.009169916,3
2823.339244,34.91265701,985.7027465,751.3212957,64.17229003,13.35263625,85.42410306,0.474439149,0.4,0.008104535,2
2532.066944,19.60487292,496.4085068,779.0819216,79.14169328,11.33987213,72.43397172,1.37621436,0.2,0.007644898,2
4024.371908,22.61827881,910.2436583,881.6684361,76.82982323,15.04636615,106.7005464,0.324932057,0.666666667,0.008212466,3
2936.491239,23.97908492,704.1437279,903.3011832,75.94840128,12.48536892,72.08306054,-0.309423229,0.133333333,0.004532881,2
3570.913277,46.90120308,1674.801288,997.3770228,52.86251743,21.83579236,79.68319025,-0.06212676,1.866666667,0.011018751,1
1732.705581,24.78488436,429.4490746,759.0117935,73.73750312,9.966252032,59.30384799,0.617488709,0,0.007230263,1
2044.538572,22.78423255,465.8324229,894.8546944,76.71509456,11.04661315,72.93517868,0.412492602,0,0.005819403,2
1807.014128,38.14087105,689.2109283,794.1709943,60.23046283,13.96002701,65.04649714,0.04852996,0.133333333,0.009846871,2
1663.783514,17.66900547,293.9740001,832.3667889,81.23007559,9.343496292,74.24899592,2.178261457,0,0.005988046,2
3989.744854,30.70461004,1225.035599,1071.176098,69.27579923,18.04821278,90.61787103,-0.240048787,0.733333333,0.006705067,1
4635.268368,20.8385517,965.9227953,1093.722346,79.12557187,17.33949557,145.9995628,-0.260220355,0.933333333,0.005956729,3
5625.130063,11.14303811,626.8103867,755.3193255,87.73438016,13.54160416,144.5693546,1.116276412,0.666666667,0.011832807,1
2715.087125,34.41070357,934.2805824,794.5346148,64.86301782,13.78160913,68.81949271,0.502552818,0.133333333,0.008368777,2
3373.960699,44.37898565,1497.329534,941.5595887,54.98588933,20.6937706,72.27828158,0.175033803,1.466666667,0.011975168,1
1900.11763,16.23589196,308.5010456,796.9675204,83.09760279,8.579500618,106.6002042,2.265768059,0,0.00535285,2
5362.735873,13.8242148,741.3561263,719.2123245,83.75004201,14.92810635,156.4030512,2.979052611,1.933333333,0.013670763,2
1986.64986,20.14179865,400.1470148,739.6555661,78.58856324,9.321845229,86.29750701,1.684760189,0.066666667,0.00719122,1
2174.311319,22.45152289,488.1660035,617.0441786,75.90873741,8.94499313,72.19119297,5.703697764,0.2,0.007550215,2
3866.454515,40.0891772,1550.029802,975.7624836,59.70163752,20.20358897,96.05026881,0.256215176,1,0.009964848,1
776.5043899,42.57282749,330.5798744,728.4119731,51.29746157,10.3565329,40.70554326,0.834254226,0,0.009538657,2
3716.929674,73.66445034,2738.055814,758.6362869,23.47074402,23.18802777,81.63976989,-0.700490336,1.866666667,0.016126809,1
1465.151556,26.03672909,381.4775412,726.7619639,72.01746408,9.259068457,60.2572279,0.074890266,0,0.007203804,2
1665.309107,23.54933447,392.1692115,764.5493773,75.31674464,9.621673232,66.03764986,0.177311118,0,0.006293237,1
3309.007178,47.25330698,1563.61532,915.5891019,52.00138083,20.49257712,86.01139877,0.072840809,1.666666667,0.012165647,1
2595.300668,22.94258126,595.4289646,790.3335926,76.46335407,11.51005556,74.50851104,-0.104748477,0,0.006610813,2
4132.644898,21.10803381,872.3200824,854.1110893,77.77323449,15.97781295,117.3586428,6.857808094,1,0.010504964,3
1568.997918,35.32599991,554.2642032,934.013804,64.17978488,12.03810181,63.99768578,-0.093170398,0,0.006411041,2
3434.555774,33.14112377,1138.25038,918.2346222,66.32710911,16.70895503,93.39955917,1.11906172,1.533333333,0.009265109,3
694.385874,41.32481528,286.9536798,729.7810799,51.93653499,10.01488732,38.6823429,0.216391215,0,0.009536834,2
4639.725436,36.59791167,1698.042617,1040.278623,63.32077548,21.23878457,112.6518185,-0.268477036,2.466666667,0.008604921,1
2251.536535,17.70434171,398.6197219,826.2288296,81.42592943,10.13009803,76.24475488,1.858280796,0,0.006250473,2
5726.795437,23.72972183,1358.952627,972.7325762,76.16711973,18.71162112,136.4041886,0.19377482,0.866666667,0.008165565,3
3707.237834,21.50085851,797.0879612,1022.945721,78.41037113,15.21635582,149.6132295,-0.939394816,0.666666667,0.005581424,3
7344.910111,10.23599795,751.8248487,983.5910028,88.92664773,17.01801681,384.7053448,-0.490446074,1.6,0.012086207,1
5353.974672,47.63625882,2550.433232,1019.55272,52.29636108,23.75101054,103.2624754,0.16441811,3.6,0.009587495,2
1881.963586,32.91878605,619.5195663,902.9383926,66.92390962,11.58999873,107.1726166,-0.968268581,0,0.004612643,2
3002.592218,25.26330955,758.5541668,804.5146005,73.49241999,13.24082442,174.0866786,1.651016595,0.133333333,0.008621835,3
4139.757784,72.0643477,2983.289443,747.0339453,24.74894839,24.92655268,79.1815998,-0.63626841,4,0.017931932,1
8782.056525,14.36954576,1261.941631,790.0384831,84.98640044,17.58952611,228.2373727,0.228284443,2.333333333,0.013457639,1
1497.100177,22.57081227,337.9076704,890.8759518,76.79631158,9.908411815,65.95269342,0.205193156,0,0.005372783,2
1934.482401,25.60843908,495.3907471,733.1237479,73.31835241,10.27772889,152.9700967,6.425965446,0.2,0.006893545,2
1055.109419,48.90473921,515.9985095,740.4369974,45.49622675,12.32472296,72.87899122,-0.321105282,0.066666667,0.011517064,2
2862.342675,48.147628,1378.150103,905.3344126,51.3469501,17.01697051,78.21848888,0.301107724,0.533333333,0.008706386,1
1107.221307,49.6010613,549.1935194,752.6126939,41.01067679,14.57738251,45.99922114,-0.395404293,0.133333333,0.01369874,1
2058.121514,62.66615082,1289.745532,811.9862947,34.774303,19.26202056,61.60006836,-0.144868563,0,0.013747209,2
2677.806679,51.57860905,1381.175438,681.9399228,44.79164734,15.14050228,80.71592263,2.923710667,1.6,0.013734712,2
2715.188133,30.51215304,828.4623585,633.0475889,60.76736716,18.27053854,121.9649175,-0.99157434,1.733333333,0.023169011,2
776.1615624,45.23117796,351.0670175,728.0024549,49.78151805,9.869686347,38.31423157,0.64005554,0,0.008568467,2
2855.42409,21.89261115,625.1268928,789.172653,76.96377184,12.23928181,71.48579548,-0.220350963,0.133333333,0.007968173,2
4500.191811,18.00193896,810.1217829,706.2854387,77.21404116,17.61911859,154.1468627,1.929028216,1.466666667,0.021057467,2
1006.497973,51.01212268,513.4359809,683.9861897,46.36815757,9.187481713,46.66840443,1.99401309,0,0.007036597,2
4294.676564,48.76803036,2094.429171,1020.878648,51.09131332,22.22491257,95.7846378,-0.373921425,2.733333333,0.009888269,2
6197.461432,10.13474881,628.0971486,1155.541283,89.83794789,16.26437755,281.219991,0.021613471,1.733333333,0.005437983,3
2903.351208,43.2063359,1254.431675,798.067274,55.17040819,16.72685673,78.45191451,0.598213394,1.466666667,0.011376476,2
2360.998969,38.40117656,906.6513827,803.6818597,60.28218582,13.83616358,63.50709063,0.262776887,0.466666667,0.008616114,2
1266.408613,66.44461208,841.46029,787.0330249,31.34362424,12.65724058,45.92886004,0.345479986,0.4,0.008326437,2
7577.246095,11.05383787,837.5764985,757.5733462,87.59118842,16.12865134,210.0557483,0.079281141,1.533333333,0.015205728,1
9019.616414,3.84373318,346.6899888,1157.244383,96.13050228,15.88379932,278.9805134,-0.01586014,1.133333333,0.004464608,3
3346.34819,14.36979141,480.8632548,779.9980131,84.35488644,13.15259552,154.0857369,0.244446978,0.333333333,0.009623181,2
1294.016577,34.66980551,448.6330306,818.7079176,63.68729757,12.0851116,71.70284901,-0.055838573,0,0.008481825,2
2701.846689,29.73590052,803.4184436,712.1147597,65.18570746,15.35485201,127.7479874,0.142846419,1.2,0.018483604,2
2598.183592,47.77265427,1241.221265,834.5278223,50.3912079,18.63660099,69.42826525,0.399806305,0.6,0.012662992,1
764.606038,41.30139329,315.7929469,761.0955633,54.3390503,9.494752918,56.68445263,-0.822789137,0,0.008107622,2
2683.552374,29.08479446,780.5056925,806.9969274,69.86121516,13.71729114,107.877824,0.229729639,0.4,0.008883872,1
4051.038903,24.31667921,985.0781346,939.4889612,75.58003188,15.80365134,112.0433119,-0.286896753,0.6,0.006319392,2
558.3776444,33.75737133,188.4936148,582.1787056,62.75678899,5.557972461,31.23194599,0.905469423,0,0.006099451,2
4089.381429,34.58173298,1414.178966,809.849452,64.51622126,16.00031394,138.8610797,0.119834173,2.066666667,0.011000814,2
3423.23816,23.15827151,792.7627876,790.4444615,76.46674523,13.10395759,113.6180552,-0.928160581,0.133333333,0.007490425,1
2779.305266,22.47434513,624.6306578,898.3400355,77.40826463,12.31674134,68.83568688,-0.352475068,0,0.004465205,2
3989.4685,27.41983149,1093.90554,934.4439904,72.35529051,16.33030315,131.0470698,-0.438454484,1.066666667,0.006790213,2
1125.710142,36.0993252,406.3737649,779.5939023,61.1561849,11.35955442,56.76441302,0.381654537,0.266666667,0.008969693,1
778.8414547,36.70300499,285.858218,728.8837882,57.82394989,9.93512416,37.77579373,0.381325821,0,0.009118316,2
1447.902992,58.06701878,840.7541025,788.3817068,40.938699,11.90141098,49.82289693,-0.173104661,0.133333333,0.006692662,2
7665.854839,14.01079185,1074.046965,942.0403507,85.47121042,19.13633434,170.2865439,1.595560354,2.466666667,0.010554603,3
3215.352505,57.08835448,1835.591836,712.3548226,39.09220047,20.36205457,77.63246488,1.071992583,1.266666667,0.016452197,2
3356.849265,56.76634169,1905.560524,842.2416426,41.97032503,21.7006646,84.77892613,0.447813358,1.2,0.013622436,1
4588.414687,21.34773703,979.5227012,649.8457407,77.22505351,13.927883,125.7291478,0.192987984,0.733333333,0.020139924,2
4158.193316,39.65096806,1648.763904,900.7966435,59.90772827,18.48503983,124.8404508,0.021077246,2.533333333,0.009259324,3
2135.790506,39.98216517,853.9352879,754.1057868,57.9357922,13.38379302,104.2058535,2.473137376,0.133333333,0.009607818,3
779.4594359,45.58669895,355.3298265,788.3455831,50.57433431,11.12134968,48.53181374,0.314230036,0,0.008894562,1
1458.862212,24.29965934,354.4985478,666.7517313,73.08330228,9.490853992,48.89297199,4.329465613,0.2,0.008675599,2
1291.879189,61.11695559,789.5572305,593.881477,35.12354491,11.37722512,78.76324741,1.236168015,0.333333333,0.009978634,3
2429.68584,37.15144652,902.6634355,971.0504374,62.5660998,14.78658545,103.8574191,0.893382871,0.6,0.007575382,3
1496.787063,44.14374445,660.7378559,858.9434136,53.69614046,13.70657169,49.71404285,0.001792348,0.2,0.009268022,2
3758.570064,4.299394005,161.595736,1021.732716,95.45229869,10.89107538,537.1293485,-1.561244833,0.6,0.005497019,2
1720.461792,19.96507069,343.491413,900.3228696,79.57532502,9.963445998,58.16349191,-0.087684264,0,0.005189895,2
2839.016837,32.55866837,924.3460767,790.4732192,66.5105433,13.85417205,72.98239185,0.986927597,0.066666667,0.008127398,2
2010.937583,33.51580174,673.9818535,757.622851,65.49017677,12.01358355,70.91286004,-0.077433491,0.2,0.007703908,1
5221.701433,16.19253341,845.525749,916.4206755,83.63681795,15.58672703,108.9942141,-0.112990142,0.333333333,0.007388983,3
2239.076978,43.47649377,973.4721628,680.0015627,53.38089071,15.03647007,80.0775101,2.951436714,1.6,0.013581579,2
4168.451177,21.59282292,900.0862813,1093.739042,78.36975011,17.05469084,144.6217887,-0.18480095,0.533333333,0.005858461,3
2180.492191,64.30877931,1402.247911,821.916723,33.99488553,19.87110373,56.73285432,-0.327131396,0.4,0.013360591,2
4632.076109,18.92371197,876.5607411,1060.817484,81.01230196,16.61062765,157.5707174,-0.81244179,0.933333333,0.005917071,3
3446.30301,34.62116048,1193.150096,631.6209097,60.792811,15.40359476,106.7006672,-0.080766873,1.733333333,0.019846824,2
4239.227617,34.87612475,1478.478312,1005.12415,65.02156768,19.441306,127.1614728,-0.645562035,1.6,0.00808602,1
1979.520293,36.29142747,718.3961715,972.7550839,63.49425724,13.82486064,71.52174679,0.547462744,0.866666667,0.006781613,1
2499.871162,32.34466347,808.5749145,813.6678828,67.05565281,13.19518782,90.47447135,-0.230407667,0,0.007466316,1
1282.190011,34.81011571,446.3318265,825.9001572,63.29515096,12.10398205,67.89251991,-0.067122164,0,0.008448006,2
1272.657302,41.6939772,530.6214454,796.2040013,52.04558953,14.59630887,63.68200424,-0.357957005,0.066666667,0.012632023,1
2480.757296,35.81355441,888.4473637,978.3519064,63.93174008,15.05901026,105.283871,1.003562179,0.6,0.007543829,3
6027.63931,17.80726592,1073.357761,900.6586574,82.07068733,16.74369073,149.1256713,0.743266778,1.533333333,0.007525253,2
1241.765351,30.8366697,382.9190798,729.4502664,66.81579995,9.392398977,51.5622575,0.35545236,0,0.007437178,2
3134.101566,30.2208751,947.1529198,897.5361197,69.03958688,15.02235141,117.8076262,-0.806054187,0.733333333,0.008561603,3
3285.737966,60.38396814,1984.058966,851.0148413,38.36774232,21.85468119,90.25597049,0.077373098,1.2,0.013645059,1
3492.162804,42.64485538,1489.227777,942.7391267,56.7871646,20.91882956,72.73871252,0.111195194,1.466666667,0.012056438,1
4908.255218,45.33858792,2225.333608,1041.434047,54.5614782,22.93885129,97.27220961,-0.408713682,3.133333333,0.0093042,2
2280.235828,46.50140045,1060.341594,896.6515152,52.41233943,16.78434522,73.18784019,1.437216102,0.6,0.009993685,2
3095.615085,27.56318996,853.2502663,679.7765136,65.32577523,17.86943573,136.657747,1.009549115,1.6,0.021684912,2
3250.531635,61.01219666,1983.220754,850.019958,37.83608181,21.85547543,89.61237892,0.128293533,1.2,0.013644508,1
5280.255729,16.34248812,862.9251651,567.0878787,77.86688433,17.12960674,133.2690636,1.085290394,1.466666667,0.025276619,1
3757.729474,58.90049575,2213.321289,913.7670154,40.38734598,22.59872484,87.1690117,-0.287800737,1.4,0.01262313,1
3674.08492,41.09311147,1509.795812,985.7025581,58.68336577,20.27632557,90.81406328,0.773503367,1.066666667,0.010077922,1
2988.178837,63.32690057,1892.321041,829.3296862,34.70116331,21.37281015,71.67075096,-0.418544968,0.733333333,0.013922854,2
8120.597054,13.21565785,1073.190322,917.5208912,86.55204025,18.22352508,260.5764814,0.383835037,2.666666667,0.009022395,1
1123.313574,56.87765435,638.9144122,699.0233876,40.39655497,9.804618401,41.94793886,0.778504967,0,0.007406861,2
1842.434271,41.75890689,769.3804116,772.1561955,53.38852225,16.00127875,67.57097597,-0.414368428,0,0.013642302,1
1601.725833,58.64153925,939.2766828,631.4869519,37.59241507,12.38681564,62.51656903,0.705647072,0.533333333,0.010797275,1
2923.493675,26.02685794,760.8935457,882.5428751,73.30750757,13.83534247,94.20646278,-0.322168228,0.2,0.0076103,3
2435.324507,60.18538125,1465.709339,798.0044726,37.43175219,19.29372362,69.90151606,-0.122729268,0.733333333,0.013456589,2
3649.807377,18.21845599,664.9385505,885.3102933,81.48227971,13.45428578,92.93721668,-0.05182331,0.133333333,0.006849682,3
1139.420603,65.25533435,743.5327241,786.1661094,33.44118594,10.83645489,42.64275418,-0.048040059,0,0.006517697,2
6736.549468,13.86258469,933.8598754,948.4616353,86.03093633,16.86616135,159.1227747,1.165386082,2,0.006913562,3
5055.540247,34.00026878,1718.897272,644.0499376,62.78300246,17.52824432,122.5566075,1.046817538,2.733333333,0.017141714,2
2267.344132,26.8251905,608.2193828,887.8936652,72.44194258,13.36364189,72.49118663,-0.02032652,0.333333333,0.007956593,2
1187.562705,36.95647319,438.8812925,807.7456085,61.10481961,10.54557122,51.86798611,-0.161430411,0,0.007371546,3
5245.417932,15.24145459,799.4779921,626.2210903,81.99574709,16.55563781,136.2960641,4.557840564,2.266666667,0.021571302,2
4793.753395,63.91474748,3063.915377,787.2968501,33.55480382,26.4350508,86.71351997,-0.627767091,3.8,0.017853221,1
4376.848339,47.91282994,2097.071902,982.9433178,51.90256359,22.67369792,119.6027016,-0.325688338,2.266666667,0.011233658,1
2776.276944,35.01718384,972.1740013,935.353467,64.46375462,18.43971196,131.8194697,4.005812394,1.4,0.010291237,2
537.4093154,47.99437624,257.9262488,710.3601129,44.54845256,9.37302527,33.09086354,0.920626088,0,0.008863009,2
4226.217495,38.66314372,1633.988544,1028.022308,61.27956137,20.15587525,114.6842611,1.222033591,0.866666667,0.008469203,3
3493.868714,32.1235867,1122.355945,925.2524175,67.5315913,17.73587844,115.1695908,-0.381166757,0.933333333,0.009427439,1
3973.294036,35.10100855,1394.666279,735.8779399,61.72626968,18.86328367,145.6084931,0.42800696,1.666666667,0.017199267,1
2105.163608,23.89972527,503.1283189,904.4900369,75.70749495,11.50938463,78.72501155,0.238847323,0,0.005860045,2
1847.226129,26.23509672,484.6215615,727.6654717,72.64205769,9.397157084,61.84776924,-0.183114564,0,0.006384348,2
2766.914236,15.42023495,426.6646761,928.4223644,84.41895475,11.18942039,71.21349166,0.051865221,0,0.004881893,2
874.6439752,43.4112237,379.6936526,737.7618477,51.57860636,10.79755629,45.80089351,0.308682384,0,0.009582983,2
2597.028069,26.08546439,677.4468322,879.0744842,73.27249038,13.29203463,84.01978125,-0.186972851,0.333333333,0.007695817,2
1725.426344,34.13937372,589.0497477,926.1045283,65.49056765,12.34157764,74.0380324,1.028666594,0.466666667,0.006609306,2
1590.521333,35.23867973,560.4787187,843.4299591,62.67355485,13.0801927,56.3399095,0.051447544,0.266666667,0.009265913,3
987.3547535,38.08085205,375.9931029,772.369146,58.94024796,11.05111903,51.74654532,-0.000301355,0.066666667,0.008705516,2
1903.121908,28.53112683,542.9821253,954.3709725,71.3240139,11.95882047,55.52738586,0.535330639,0.2,0.005587295,2
3112.185913,60.95119868,1896.914619,705.8479395,35.55354611,20.31654734,68.7561561,0.808937648,0.8,0.016096751,2
5941.691566,13.70648885,814.3972922,979.2629116,85.90175217,16.80341331,167.8748471,0.990557113,1.466666667,0.008827048,3
1078.760143,45.17229823,487.3007491,917.9311277,54.12639703,10.83763222,85.7597623,-0.724746824,0.2,0.006091512,3
693.4707761,39.14709981,271.4736968,823.2955589,57.78540396,8.671524616,49.51478051,-0.808909119,0,0.0064235,3
1542.458,62.44242728,963.1482147,798.2473997,35.35741794,13.63735308,48.15743093,-0.013287907,0.466666667,0.008745332,2
827.6456168,47.99308836,397.2126922,678.2594864,48.13281457,8.815746699,41.52308582,1.784666515,0.133333333,0.007478288,2
1215.135856,58.42864156,709.9873736,774.7091716,40.27625371,10.94142635,44.45428439,0.06484279,0,0.006299542,2
3554.035716,19.24123509,683.8403672,946.4054621,80.6934427,13.35601997,91.48186982,-0.127909534,0,0.004571925,1
1809.855527,48.05483099,869.7230145,761.7362469,46.4779156,16.3211535,60.02676936,-0.315971388,0.066666667,0.013868427,1
1781.196493,28.25574761,503.2903857,796.3893125,68.53363558,12.13733305,105.4746888,1.485398145,0.6,0.012215041,1
4696.770262,48.46250682,2276.172609,1044.312581,51.46789975,23.11377361,90.74472267,-0.537331748,3.266666667,0.009390199,2
3378.786705,34.62792236,1170.003637,923.5733523,64.43725986,17.86488509,110.0783895,0.311298744,1.533333333,0.010645359,2
9547.965016,6.104929033,582.8964884,1096.686738,93.78320518,17.5599747,282.1945786,-0.72365598,2.133333333,0.007351187,2
3510.893089,54.80900036,1924.285406,816.111289,44.64258794,17.12138498,110.7467242,0.424764137,0.6,0.008992567,1
2455.434942,31.74384216,779.4493925,776.885716,66.92932463,13.50645027,91.40941473,0.229566835,0.6,0.009327321,1
1874.077157,39.33887176,737.2408096,791.1170728,58.91922448,14.02055897,66.07526288,-0.026300382,0.133333333,0.009942268,2
4226.236539,46.87955847,1981.241029,985.292762,52.88353612,22.56505351,114.0830587,-0.354101862,2.266666667,0.011473165,1
1514.417372,29.6250945,448.6475775,706.6066045,68.77375599,9.114658707,118.7520786,7.911325543,0.133333333,0.006718352,2
1536.652082,63.44235065,974.8882022,791.1299052,35.43189168,12.38572283,51.86676104,-0.169936913,0.133333333,0.006791192,2
2212.485697,36.41576479,805.6935877,809.1135436,61.72025236,14.00687495,82.40352455,0.574862521,0.866666667,0.009707107,1
8469.920157,4.072968054,344.9771422,1135.600498,95.90176204,15.82441677,279.3008164,0.056564516,1.133333333,0.00451209,3
722.1672501,41.37725624,298.8129936,727.923139,53.16825438,9.918320431,36.89624908,0.446325968,0,0.009037208,2
706.1379351,38.56858374,272.3474008,824.6972384,58.37939115,8.688377571,49.39647077,-0.811524762,0,0.006493728,3
1917.302536,16.31355048,312.780117,800.673632,83.0260512,8.812228796,107.6726214,1.888489979,0,0.005323603,2
1904.075465,37.34188385,711.0176485,972.5154245,62.49207333,13.31046632,66.08671519,0.32634036,0.2,0.006281971,2
1840.653596,36.59791451,673.6408296,801.0819637,62.49744616,11.75160288,80.55163714,-0.439914291,0.4,0.007165081,1
2957.438069,32.94655012,974.3738155,612.5213857,61.42883199,15.04531293,100.329093,0.488333775,1.533333333,0.014516902,3
1588.666554,43.96922698,698.524403,841.3602694,54.14379861,13.57277144,53.89694275,1.871043052,0.266666667,0.009025205,2
2160.066186,19.0694462,411.9126592,916.5455997,80.7195098,10.8848954,64.92195605,-0.266970046,0,0.00510873,2
5184.456396,15.4243675,799.6696073,867.6898742,84.04271539,14.50653494,243.1518967,-0.484679617,0.8,0.008390279,3
1169.913806,49.9376408,584.2273541,750.8933995,41.02421604,15.16105273,46.94195253,-0.337447259,0.2,0.014414558,1
3108.783393,25.26615029,785.4698845,981.8638557,74.49202085,14.76209146,102.3398913,0.396744493,0.4,0.007207693,3
3681.171008,25.80392352,949.8865514,875.847786,73.03770769,16.56348202,88.25085997,0.594371424,1.4,0.010261116,3
1463.476288,33.00989607,483.0920017,740.0592074,65.42808053,9.773113412,53.47127985,-0.386262382,0,0.006881917,1
2869.400921,22.72551992,652.086278,949.4697855,77.22499237,12.45871523,67.91558752,-0.044973239,0.2,0.004421497,3
1959.98548,63.90004139,1252.431533,833.8586159,35.45319253,14.67230061,58.09346632,-0.476171131,0,0.007687308,1
4231.591752,17.32374722,733.0702584,713.1643512,80.61266731,14.54159241,226.3402241,0.436046654,1.333333333,0.019799513,2
2780.554239,28.82881232,801.6007628,859.8119511,70.3598644,13.55377242,96.26525606,0.671146536,0.4,0.007987282,3
5061.545542,33.84491208,1713.075638,1070.780864,66.13669275,20.83402104,104.7163073,-0.013895079,2.133333333,0.007914545,1
1615.963241,37.78393979,610.5745782,967.5608389,62.04004765,12.4070172,53.58279945,0.193375111,0.2,0.006177419,2
5488.215236,20.52663568,1126.545947,1109.35487,79.46507877,19.53645709,119.173841,-0.165116198,0.666666667,0.006125667,3
3578.094771,21.10978775,755.3282119,803.115271,77.92132771,13.36264837,174.6736254,1.642103232,0.133333333,0.008695994,3
7845.751822,11.0690052,868.4466772,744.6786823,87.83160018,15.87888894,199.3003644,0.689007917,1.533333333,0.015264693,1
2103.871295,36.21012644,761.8144561,799.9394702,61.3077737,15.23723761,69.74190873,-0.279726101,0.4,0.011110271,2
2405.122909,23.59389482,567.4621696,829.2529044,75.25111528,12.45627858,72.00482478,0.094319578,0,0.008069043,2
854.3557496,30.41083713,259.8167355,766.1471556,65.64514093,9.49941618,45.17297825,-0.078026333,0,0.00787707,1
1056.347417,37.46184139,395.727194,782.8481295,58.76453413,11.54982063,52.17156128,-0.168913571,0,0.009435866,1
3666.853234,46.68906042,1712.019322,1003.469832,53.10052721,21.36032858,91.44437457,0.782826045,1.133333333,0.010557661,1
2544.808649,22.42535828,570.682457,872.5359777,77.23688464,12.1732996,89.87460384,0.400757767,0,0.005617646,2
5846.728713,18.858604,1102.611415,711.3661739,79.25718457,16.70597938,170.3212546,-0.370169642,2.4,0.015747395,2
7763.848751,12.3653012,960.0232828,763.0262867,86.2964778,17.19165485,210.9523596,-0.033901526,2,0.015729394,1
4604.551836,19.12821,880.768345,650.3762498,79.48989475,14.27032304,127.6701438,0.073405586,0.933333333,0.020306997,2
5120.419873,17.32668462,887.1990028,930.4057914,80.7875248,17.15779864,418.7068778,-1.1886724,2.2,0.015210596,2
1918.785057,39.73396046,762.4092958,798.6997617,59.0479367,12.46368028,69.33352222,0.312805425,0,0.007879353,1
2359.844929,26.59442526,627.5871959,870.4344066,73.02530622,12.26651015,83.17397679,1.267039845,1,0.006329922,2
758.2802058,30.60785292,232.0932901,769.0979541,65.12598725,9.032809923,46.43798828,-0.342359648,0,0.007611854,1
2019.87914,46.78758469,945.0526634,863.506183,51.08410933,16.43190592,65.30193939,1.874222938,0.533333333,0.010895895,2
10084.4628,9.711334215,979.335886,1038.050566,90.20801148,20.19575737,206.9452775,0.236684086,3.666666667,0.007689806,1
4975.131385,18.77142741,933.9031766,866.7481429,80.58853625,15.48585992,245.0501935,-0.516837348,1.2,0.009258712,3
731.8784214,43.20081173,316.1774189,725.3520794,51.28389129,9.934012233,36.89458993,0.485863086,0,0.008796552,2
3599.710153,20.2844375,730.1809563,881.1275597,79.49773763,13.76033781,102.7431271,0.957263159,0.333333333,0.005922791,2
3820.012139,20.75089459,792.6866923,799.4955015,78.43876377,14.08165156,135.1489402,0.153328457,1.066666667,0.010021355,2
1837.316187,40.02824284,735.445385,862.4012476,59.23735981,12.94460242,75.73170423,2.581037458,0.266666667,0.007354534,3
4305.365231,41.3319525,1779.491512,1005.351803,58.54401045,21.23359188,92.83599277,-0.451167513,2.4,0.009084711,2
1095.920607,66.33316743,726.9588513,774.3475672,32.12223343,10.80936884,41.02993341,-0.091636101,0,0.006508238,2
1477.365701,38.17859051,564.0374012,866.2216543,59.66242406,13.75731555,57.75033311,-0.496852046,0.133333333,0.009779231,3
3292.77924,29.04047444,956.2387136,895.2612473,70.86236496,14.08958816,84.54164213,-0.443379545,0.333333333,0.005335553,2
1374.81479,40.35168805,554.7609753,774.3964657,57.25852039,11.04741961,67.39690732,-0.411008865,0.266666667,0.00835997,2
1574.463323,47.18471862,742.9060887,847.949902,50.86367427,14.39788487,57.81635839,1.787338782,0.333333333,0.00946441,2
2974.557533,21.42612292,637.3323535,715.0211696,75.91113366,13.65563313,70.30761825,9.690765092,0.666666667,0.011823218,2
3338.068545,30.11542407,1005.273498,837.3889805,69.53188016,14.66822868,113.0117423,-0.859881961,0.133333333,0.007839971,1
2190.383457,35.00577836,766.7607782,889.8004706,64.39066439,13.93222835,84.92161927,0.281608594,0.933333333,0.008096708,2
2932.192195,13.96717844,409.5445162,844.5812614,85.40954529,12.51171541,102.7754737,1.71456451,0.933333333,0.007765493,2
4534.607172,43.2296603,1960.295276,1022.038594,56.68205663,22.34673707,93.30849457,-0.439506211,2.466666667,0.009306328,2
1341.836506,68.32828135,916.8538228,797.2195376,29.42586942,13.45912924,44.96520181,0.111088931,0.466666667,0.008789798,2
4812.778437,40.01128066,1925.654288,1026.196145,59.88290156,21.89158071,100.1673655,-0.308828834,2.2,0.009459739,2
1148.810985,50.8697423,584.3971876,725.7650743,41.98473492,12.74030458,64.43105066,-0.401313601,0.066666667,0.012243963,2
5296.60851,40.18981977,2128.697414,1059.90602,59.76127593,23.0409284,140.0995547,0.384493535,3.2,0.008945045,1
6099.673168,19.08183495,1163.929567,974.512839,80.81215755,17.38051298,183.4130885,-0.645513357,1.8,0.006924869,3
1059.053232,37.31561157,395.1921905,945.1921492,62.3386346,9.695388788,70.37345578,-0.124800721,0,0.005017106,3
2202.101952,27.13489043,597.5379517,891.0452046,72.63016164,11.93525762,66.51090738,-0.520281482,0,0.004882028,2
3462.696297,15.63793511,541.4941999,846.1002165,83.78298629,12.66620382,103.5980366,1.643050771,0.933333333,0.007787799,2
2055.771189,29.59799784,608.4671121,752.0368335,69.20929787,10.83657386,68.7320078,-0.137626874,0.2,0.007272203,1
3309.822783,18.76049614,620.9391753,764.7111117,80.69972019,11.12556827,113.8571681,7.254228768,0.333333333,0.00651422,2
1607.691217,35.30673617,567.6232963,841.7914132,64.05014912,11.03728839,64.77935003,0.934839569,0.4,0.006567586,1
3932.829782,24.53422808,964.889429,933.0322614,75.35420053,15.67035311,104.1516439,-0.586205817,0.6,0.006283648,2
4524.203141,40.72176504,1842.335373,1034.888534,59.20231872,22.02661369,95.52682045,-0.461000305,2,0.009400943,1
3756.22424,41.17833401,1546.750564,1024.452827,58.64517596,19.43156408,136.0781302,-0.106538517,0.866666667,0.008497616,3
3387.053307,38.33121664,1298.298741,641.2253957,55.95073777,16.73271318,116.9775094,-0.349398712,2.333333333,0.018445244,2
8684.858171,11.17180598,970.2555046,1128.288728,88.57080228,20.45462264,382.0295318,-0.811060464,3.266666667,0.012236788,2
1475.476258,28.26785422,417.0854776,766.0208232,70.2489393,9.564363888,59.72430315,0.043511805,0,0.006634475,1
4615.149148,46.17227529,2130.91937,1025.306756,53.73904164,22.53179554,93.06172416,-0.461341847,2.2,0.009366303,2
3350.258666,36.4905073,1222.526383,965.1851629,63.10012267,18.1589296,99.36183674,0.335676407,1.2,0.009203132,3
1194.19795,24.19835214,288.976225,719.4807613,73.5348137,8.681311175,52.05394353,-0.274841471,0,0.007089947,2
2736.197106,30.08583729,823.2078092,700.1791442,64.65125037,15.51410069,129.8568307,-0.091709296,1.2,0.018722015,2
1906.019517,27.19433056,518.3292479,840.8594313,71.17718085,13.06695256,60.81261556,2.407640057,0.133333333,0.009391999,3
2571.731122,38.05642169,978.7088408,836.9022277,61.38193284,14.18895079,81.45893541,-0.175876086,0,0.007727411,1
4737.021932,11.95759089,566.4337029,1223.114173,88.01565753,16.20709493,290.8256331,-0.631419099,1.2,0.006487522,1
1932.317233,25.34025394,489.6540938,731.714849,73.53113753,9.778030198,70.24995095,-0.056745572,0,0.006814722,2
3087.053248,43.20809609,1333.856934,979.7064706,56.38936607,19.11743065,86.40903011,0.714144096,1.466666667,0.00960805,3
2662.430305,24.93711254,663.9332415,931.7138114,74.97072792,12.59324633,80.42144319,-0.42275479,0,0.004699721,1
1773.804243,26.62980207,472.360559,727.0025729,72.18064894,9.394592098,62.64465808,-0.235912766,0,0.006434015,2
2929.762237,50.67644754,1484.699423,778.6281747,48.58975069,14.78100449,94.70374419,0.559286251,0.466666667,0.008218543,1
3235.564829,32.69869917,1057.98761,909.6805064,66.87524161,16.5678831,99.86983218,-0.45149832,0.733333333,0.009346462,2
3233.757725,58.67696437,1897.470868,712.2522173,37.47581694,20.43271089,78.17489137,1.000253359,1.2,0.016417894,2
2038.271334,29.85484297,608.5227062,772.6035987,68.52647269,11.42124225,57.38617209,0.451570631,0.2,0.008038156,2
1154.691432,63.72169876,735.788996,782.3319782,34.940639,11.02441205,42.37382949,0.260078625,0,0.006541825,2
4519.134138,38.98232831,1761.663707,1023.19616,60.87512086,21.25857883,101.046457,-0.399876533,1.933333333,0.009314204,2
1091.034074,49.5978492,541.1294345,785.1335489,45.80512351,13.01910962,49.22325197,-0.393358237,0,0.010321092,2
1167.101162,60.77050509,709.2532709,782.5445359,37.78500595,10.97995812,44.67020941,-0.014034849,0,0.006620852,2
4039.231361,42.57872754,1719.853316,959.8340979,57.02871509,19.98727415,136.9621599,-0.359225702,1.6,0.009320925,2
2261.95628,23.03242489,520.9833811,754.0509874,75.8685666,10.52459369,79.27003458,0.021556866,0,0.007321174,2
1023.305838,40.1350558,410.7043692,741.3127064,55.50653643,10.92215849,45.51478571,0.131376407,0,0.009483608,2
2643.563493,25.24576972,667.3879518,855.7774399,73.69446577,13.59197018,81.99945483,-0.317900203,0.266666667,0.008635595,1
4572.918114,35.75995965,1635.273672,1038.521117,64.14783658,21.00504164,115.0017106,-0.228204856,2.333333333,0.008475196,1
3312.10058,21.2926987,705.2355972,784.9065782,78.23936657,12.4493999,96.39249094,0.014542361,0.266666667,0.008406398,2
2738.448819,30.70272994,840.7785455,825.4921004,68.55208317,14.25467489,83.15231565,-0.281452893,0.4,0.008061472,2
3415.326343,66.15177479,2259.298991,724.5532936,29.39561896,22.51285667,70.46980386,-0.11831371,2.533333333,0.017500841,2
2195.220653,48.44562878,1063.488448,861.0178952,50.17643635,16.6664407,68.64102798,1.648880615,0.8,0.0105128,2
2004.97515,29.57808083,593.0331704,732.5305855,69.64179595,10.41462391,78.05753432,-0.697934636,0,0.00642566,2
415.6314713,46.0904826,191.566551,784.2908247,48.64459549,7.503247274,43.32775419,1.65017176,0,0.006323758,2
2447.872044,37.44095889,916.5067656,976.883587,62.29319455,15.10811125,105.4784158,0.903863253,0.6,0.007489324,3
597.1755382,42.29198847,252.5574098,705.9282283,49.89045566,9.348268374,32.65919971,0.727031715,0,0.009234148,2
1984.086624,24.91332286,494.3019064,769.3945937,74.41988855,9.761505449,85.77167079,-0.880613905,0,0.006121739,2
806.5717898,45.23033123,364.8150922,724.5999972,49.94460411,9.992672394,38.31136387,0.615002731,0,0.008591073,2
4809.976753,8.412050744,404.6176853,1256.64119,91.52289604,14.1569153,299.6833569,-0.683133377,0.933333333,0.004472565,2
3655.812246,46.15871767,1687.476053,822.766679,52.61447561,19.29033318,89.19639536,0.187852073,1.466666667,0.012130052,1
2249.564413,27.78085649,624.9482611,776.3471101,70.59140309,11.8693832,62.70875946,0.060141409,0.133333333,0.008157791,2
1135.775762,53.77672179,610.7829716,757.1906428,37.95918281,14.50336694,44.36541695,-0.090938513,0,0.013124071,1
4170.576994,47.8312517,1994.839179,1061.486854,52.12588295,22.09916444,106.8818779,0.882217645,2,0.0088975,2
763.7935939,32.8172803,250.6562846,724.3835681,62.19756756,9.132258785,40.59510812,0.317061388,0,0.00784593,2
1732.44646,18.87911563,327.0705704,786.9896853,80.29116911,8.652341707,85.00123226,3.569885306,0,0.005489923,2
1465.569695,28.54232197,418.307621,761.8314009,70.17538392,9.659948895,57.87772264,-0.360537486,0,0.006252749,1
1397.204652,66.43128778,928.181043,795.6628142,31.62981496,13.38542886,45.81957409,0.047684403,0.466666667,0.008809431,2
2079.261888,49.90941027,1037.747346,840.1742172,49.62004894,13.70716194,63.37063127,-0.531037237,0.133333333,0.006843697,1
726.8039412,32.19611896,234.0026615,876.2500008,66.4463377,8.286304086,45.75338922,-0.331714251,0,0.005356507,1
2127.288738,41.32855233,879.1776394,667.4959041,56.97499703,11.72039692,64.07103568,2.950232218,0.466666667,0.009013703,2
3776.463004,21.92787946,828.0982554,805.079584,77.70757985,13.52266901,116.6640463,-0.865066245,0.133333333,0.007531286,1
2973.8991,59.47959186,1768.863047,709.1381979,36.03560105,20.43983878,78.34849542,1.051604108,1.266666667,0.016800952,2
2625.006239,31.17885992,818.4470181,763.4209402,66.87222423,13.78212121,103.7355287,0.974978734,0.4,0.010094158,2
1006.452374,42.38043314,426.5388753,792.316151,55.15581485,11.13287361,45.48612022,-0.043701887,0.266666667,0.008373671,1
9213.503202,8.260181377,761.0520757,920.027032,91.17423149,17.80052906,313.0629741,-1.063721347,2.6,0.012881328,2
1712.248776,23.02646007,394.2702807,724.0298283,75.35374711,9.632406831,61.25389606,-0.159100453,0,0.007406094,2
3172.725242,17.03992521,540.6300083,759.4284428,82.49509747,10.52364343,111.8649114,8.386701134,0.333333333,0.00606749,2
1143.004643,66.14178997,756.0037304,781.6758744,32.52673505,11.02466996,42.97985445,0.193117043,0,0.00655547,2
1480.423097,24.01660015,355.5472957,665.5151239,73.60792143,9.02674574,47.57495064,4.76895736,0.2,0.008362085,2
3617.237799,69.78148596,2524.162287,733.5287909,26.5682827,23.13246652,78.54601361,-0.64722452,2.066666667,0.017389249,1
5104.443727,15.18628253,775.1752457,626.254875,81.93664288,16.56291604,136.3066412,4.554461498,2.266666667,0.021571722,2
4081.293457,25.91131003,1057.516601,1069.087739,74.05298022,17.3317539,91.9205786,-0.347190407,0.533333333,0.006986092,1
2443.469505,24.84292495,607.0292954,881.6343038,74.55906324,13.86699018,87.23315445,-0.019842832,0.533333333,0.00820003,2
488.062219,45.52452057,222.1879853,782.2409137,49.91031327,7.673166604,47.61963091,3.683028529,0,0.006247384,2
832.1615079,37.23470515,309.8528838,829.5385602,60.31004713,9.192636107,47.52079788,-0.555774539,0,0.006625312,3
4585.977898,39.88609835,1829.167654,1023.813032,60.03683066,22.40901212,103.4747535,0.743028453,2.4,0.0096161,1
2193.422554,30.16205019,661.5812115,865.6128676,69.52108156,11.95175639,65.10603801,-0.621881431,0,0.005445941,2
772.4394072,42.56113886,328.7590088,645.0183963,50.46498654,9.11179283,48.39681331,1.000274294,0,0.009988912,2
799.8653739,30.09114336,240.6886364,775.8205303,66.09974905,9.061415692,44.88903073,0.021328493,0,0.007462897,1
752.7332399,42.98462216,323.559539,727.0980524,51.272271,10.07411044,37.23473371,0.474987815,0,0.008981294,2
2787.332121,37.35650038,1041.249735,829.3013893,61.63363817,15.61240344,105.342675,-0.171727388,1.533333333,0.009577156,2
2825.70305,25.2439823,713.3199777,859.6722266,73.84690596,13.747669,76.50507714,0.049490413,0.533333333,0.008506777,1
1930.032771,23.71654522,457.7370949,839.123985,75.14005551,12.08668376,62.7477881,-0.007122791,0.2,0.007444681,3
6090.117627,29.82585492,1816.429648,1002.676907,69.85233398,22.4394302,258.3721115,5.930424455,3.933333333,0.01131122,3
2215.982603,27.68611379,613.5194652,778.5871566,70.99062661,11.77336846,61.43786293,0.311944673,0.2,0.007966911,2
2857.49902,11.33240013,323.8232227,686.4189325,87.96921794,8.531285972,230.2494761,0.569105996,0.266666667,0.007020964,2
5092.759555,17.47693973,890.0585182,655.1848166,80.3609211,14.86074642,139.3099319,2.283025477,1.466666667,0.018702197,2
2108.912439,26.0309354,548.9696346,756.9113978,72.93064518,10.78449161,83.95990867,-0.153448776,0,0.007585526,2
2290.377411,70.1395533,1606.460485,829.5875347,28.40342292,19.10934065,58.77691531,-0.000667252,0.4,0.011997142,3
4211.005283,27.94242581,1176.657027,934.1089941,71.91283007,16.58124546,128.8622135,-0.647920803,1.066666667,0.00687962,2
3458.440229,67.63638674,2339.164008,724.1669784,28.62893076,22.36187314,73.92851762,-0.404430625,2.466666667,0.016928351,2
2053.91322,46.50925378,955.259712,865.8663104,51.54162641,16.69317813,66.95487163,1.603480295,0.533333333,0.011125981,2
3695.027285,51.75288395,1912.283183,977.845078,47.69039823,23.41556754,94.30026033,-0.246672126,2.666666667,0.012884788,1
1833.033864,33.3064414,610.5183497,813.2829678,63.2045646,14.45622449,62.05529362,-0.262419874,0.066666667,0.011435317,1
3859.775362,30.12715083,1162.840345,1083.711113,69.85461996,17.61410261,90.56514336,-0.307133556,0.466666667,0.006613491,1
2443.35877,59.84311929,1462.182103,807.3276442,37.76036141,20.27461797,74.75860974,-0.124870765,0.933333333,0.013855069,2
2530.684202,17.55560658,444.2769622,812.5857304,81.50210754,10.69351612,81.84528139,1.200358259,0,0.006784908,2
1717.912328,30.67360936,526.9457166,783.0821884,66.2019011,12.44991078,107.5693513,0.693739404,0.733333333,0.012547663,1
4334.231335,22.18062126,961.3594367,1093.337154,77.78251209,17.53690747,145.4250088,-0.242447678,0.933333333,0.006023607,3
2790.420352,21.04213218,587.1639387,901.7315989,78.85370287,12.11224064,67.64685851,-0.291537655,0,0.004262268,2
1568.149905,28.05943729,440.0140392,746.4828585,70.26224257,9.808074873,59.13609727,0.416796653,0,0.007272131,1
1813.514862,36.48878489,661.7295369,907.5778741,62.97730703,12.27847972,77.35338797,0.457300362,0.466666667,0.006743208,2
1891.333561,26.06780092,493.0290674,927.7551223,73.47719573,12.11190522,66.70951095,-0.083114598,0.133333333,0.006305641,2
2283.10884,26.2080863,598.3591351,883.1014501,73.58346202,11.92137263,63.62367263,-0.295260474,0,0.00468845,2
1856.974291,27.56256603,511.829765,864.4875477,71.32388243,11.80263245,86.20670879,-0.064645978,0,0.007565387,2
1950.625584,22.39033299,436.7515636,609.3002885,75.76807609,8.682492572,72.31735822,6.62315836,0.2,0.007560273,2
3653.683677,39.78535936,1453.631181,1003.469715,59.95045772,18.90878191,150.7551819,-0.517066657,0.8,0.008722711,3
729.1888859,38.30109573,279.2873332,823.3388002,59.03621813,8.630206477,49.33604995,-0.785979389,0,0.006394542,3
3381.013282,61.78734342,2089.038288,716.9911186,35.10164257,20.12567287,83.9941905,-0.693080923,1.533333333,0.014557195,1
5657.05034,18.51882102,1047.619028,900.0888168,79.89040799,18.85989756,238.9441867,-0.699220767,3,0.013718239,3
2719.987327,38.36051693,1043.401199,929.6937914,61.3072979,15.49090471,160.1483552,-0.711836985,0.466666667,0.007182229,2
3946.199818,50.50841824,1993.163109,1035.566321,49.37480073,20.80886231,126.3290602,0.460486398,1.333333333,0.00862962,2
7126.298484,13.5453893,965.284872,969.8607104,86.359402,16.75500575,159.7898848,1.24467686,2.066666667,0.006743447,3
2554.227405,68.82409163,1757.92381,828.2183875,29.63463334,18.56766123,61.90697842,-0.194650122,0.266666667,0.011266716,3
3068.879362,42.2634566,1297.014497,985.4568043,57.32539657,18.78642139,86.32704384,0.832543073,1.466666667,0.00940288,3
2439.216154,31.78344824,775.267004,797.5820743,67.08631586,13.7926232,101.9776651,0.302886105,0.6,0.009158085,1
3114.034241,43.54991847,1356.159373,1031.579606,56.3429388,18.73095943,75.84147091,-0.095504959,0.533333333,0.00837815,1
5866.09991,20.76913887,1218.338437,995.2278824,79.09868687,17.6267368,154.6808763,-0.042018868,2.266666667,0.007558138,3
2380.992638,32.69910838,778.5633634,1015.320635,67.21625874,14.43305174,75.36316708,0.000637477,0.066666667,0.00642102,3
3248.601171,52.23242643,1696.823217,811.6576066,46.06030552,19.99758045,68.67405124,-0.459142079,0.466666667,0.013053467,2
1111.972513,52.05184095,578.802164,812.8214611,42.99530651,14.39439391,55.45544382,-0.149062148,0.066666667,0.011640288,1
1867.137366,26.73413849,499.1630894,929.2896084,72.79840524,12.17078429,66.00074353,-0.045301572,0.133333333,0.006356062,2
2450.458601,23.6604314,579.7890762,951.7207744,76.2360822,12.22691164,59.58854246,0.190910193,0.2,0.005549204,2
7518.157872,4.136742685,311.0068458,1229.691476,95.85111045,15.47899519,297.9708898,-1.107985048,2.066666667,0.004307306,3
3670.679857,21.462653,787.8252803,817.7522243,77.8106226,13.89927507,132.6843452,0.648677074,1.066666667,0.00976336,2
5083.71676,16.75807436,851.9330349,1000.655742,83.1265507,15.87718054,156.0619754,-0.949865908,1.066666667,0.005953338,3
1946.740438,23.34561481,454.4785241,759.991104,75.79621543,9.698573929,87.02114402,-0.939772158,0,0.006376196,2
1869.521481,51.21032046,957.3879415,706.5893488,43.53840099,16.36375694,72.47686827,2.738567691,1.133333333,0.014615456,2
2850.043467,54.97672679,1566.86061,830.0354089,43.42607483,20.66078492,68.23995524,0.313922781,1.266666667,0.01391054,1
3162.836579,16.49379123,521.6716622,811.8746604,82.64270555,11.74146209,88.21076502,0.719246885,0,0.007286382,2
2876.384152,32.01880141,920.9837294,797.0088478,67.26551373,13.19626743,66.77881769,0.529783322,0,0.007930931,2
1932.490187,58.9658074,1139.508442,806.1660634,40.27230526,13.70798342,62.88656006,-0.21534067,0,0.00734749,1
1704.075327,26.3751552,449.4525124,768.4133942,71.91261448,10.58080071,54.31743703,0.35185165,0.2,0.007657514,2
4115.003277,33.52145642,1379.40903,796.6442524,65.4267108,16.84141703,131.2367643,0.265772646,2.333333333,0.011589959,2
9336.640149,12.51731608,1168.696758,1070.928552,87.42487142,20.50926344,189.715797,0.517217999,3.333333333,0.007517583,1
2394.092497,30.48691629,729.8849755,864.6003974,69.09784376,12.4858165,79.85301686,1.680810906,1,0.006595727,2
3431.706259,22.76388307,781.1896001,926.3392313,77.164437,13.83670122,80.28469295,-0.529171241,0,0.004848385,1
6380.498537,15.053313,960.4764156,955.8202391,84.54128238,18.74271001,175.496374,0.886373447,2.466666667,0.010350758,3
1855.679509,38.50814894,714.5878294,817.0700274,60.60557644,12.66201174,70.931951,-0.313450685,0,0.007507437,1
6999.16624,14.96695847,1047.562304,795.4796589,82.74993584,18.71302568,327.1028185,-0.300519287,3.4,0.019376698,2
2083.60566,39.37864146,820.4956023,806.6485286,58.24179863,13.96119778,81.64332408,0.605002227,0.866666667,0.00971594,1
1387.807908,39.48442944,547.9680344,780.668687,56.22831886,13.25898713,54.12668575,0.705745052,0.4,0.010794803,2
6132.778641,13.17679095,808.1034211,819.5843533,86.41517612,14.68965246,141.6893191,0.407195071,1.466666667,0.00860003,2
3188.533901,37.23294473,1187.185065,971.263162,62.40773763,18.17541396,96.67135277,0.221585673,1.266666667,0.009119041,3
2771.811731,21.62792525,599.4853691,949.3632099,78.33421577,12.53709346,68.24385994,-0.032870171,0.2,0.004490862,3
1136.327845,32.95914614,374.5239549,912.6111395,66.42297422,9.554298421,83.05196449,0.266422283,0,0.00540441,3
2503.674503,28.53275044,714.367198,892.4831429,71.16064332,12.53707641,88.09655879,0.563235987,1,0.006308331,2
1821.764814,35.01269766,637.8490063,783.7842252,61.94247359,14.67887624,96.52534635,2.334579966,0.533333333,0.013907036,2
8524.082509,5.314764036,453.0348716,1202.227427,94.67235535,16.73136019,227.9890981,-1.099412363,2.266666667,0.00470448,3
3941.066288,24.81986124,978.167184,1006.679421,74.97605773,17.89662418,145.295363,0.25653568,1.4,0.008878559,2
1326.829688,41.0870938,545.1557584,764.8093301,55.94546829,11.23692161,62.86157685,-0.125633209,0.266666667,0.008706724,2
992.0676289,34.23689435,339.653146,833.4857803,63.88441356,9.499471262,47.57665857,-0.202409899,0,0.006542015,3
2394.127758,26.46991345,633.7235454,886.9543871,73.25871343,11.83024728,67.85022299,-0.514450355,0,0.004855518,2
4882.640906,63.14107216,3082.951818,785.3868812,34.41876612,26.11441777,87.25110302,-0.624532422,3.666666667,0.017638542,1
1530.11099,57.00237544,872.199611,781.9077655,41.92432837,11.97091251,51.77434598,-0.007929136,0,0.006405561,2
5860.325547,22.26981214,1305.08349,852.5072938,75.04739538,21.06201872,224.2064464,0.244072073,4.4,0.017694768,3
2173.628525,22.52265738,489.5589055,817.3977443,76.11827609,11.76852269,60.71599618,0.098099612,0,0.007564552,2
1827.963249,15.88148927,290.3077872,814.1807595,83.39285087,8.576446146,101.0852912,2.32361388,0,0.005332403,2
2851.135627,56.32957321,1606.032531,834.2723657,42.33119703,19.68699184,77.15267207,0.571366656,1.266666667,0.012660874,1
1881.1248,22.87918565,430.3860353,1032.640997,77.08268344,10.96346331,78.52844301,0.478782877,0,0.004083569,3
1572.69658,46.43200474,730.2345508,847.0124658,51.67507519,13.93995272,56.06760323,1.818470347,0.266666667,0.009263296,2
4017.490268,30.75504993,1235.581138,946.3741848,69.04317137,17.09262751,141.9232668,-0.681312087,1.266666667,0.006933211,2
2921.992556,30.82123016,900.5940509,876.8565153,68.98397557,13.70680306,85.21573464,-0.474612961,0.2,0.0056299,2
1554.462131,42.69592494,663.6919847,856.974158,54.73775413,14.12314115,50.94757382,-0.142258201,0.2,0.009686555,2
2622.418984,63.28860321,1659.692345,675.2199389,32.26508191,18.41543822,82.23148014,0.213796541,0.933333333,0.016123892,2
4233.503244,70.08022654,2966.848664,760.1796242,26.99823589,24.99043821,86.78117417,-0.571520436,3.133333333,0.017756078,1
740.5798921,38.44711635,284.7316128,820.6443922,58.86854808,8.574693849,47.47143308,-0.783104072,0,0.006379657,3
2063.231648,60.24156364,1242.923006,819.7844773,37.98740494,18.6638078,54.4495835,-0.245849193,0.266666667,0.012773777,2
1564.326425,57.49162975,899.3567562,790.2916806,41.42375991,12.00120058,52.29524247,-0.218823974,0.133333333,0.006747495,2
4553.815879,43.55542313,1983.433775,782.5094727,53.71319298,21.52055664,159.1968784,-1.065487233,3.266666667,0.01630705,3
781.4802424,42.25607525,330.2228793,645.0396406,50.84600944,9.115925482,48.40060661,0.999425551,0,0.009988151,2
2331.714103,15.21213781,354.7035627,825.6827004,83.92470023,9.871555093,75.29575938,2.056931304,0,0.00618974,2
3726.900451,20.97862093,781.852318,1027.173259,78.93837729,15.24507417,143.6948114,-1.037723268,0.666666667,0.005585944,3
6124.200609,12.6645952,775.6052165,996.1267008,86.49808193,17.52660468,294.345912,-0.617873186,2.133333333,0.014326997,2
2099.953171,25.31009906,531.5002277,848.0971952,74.17777385,10.66309732,68.28586664,1.061114153,0,0.005730103,2
5973.659966,30.25092006,1807.087101,759.9859661,67.78157681,19.96689271,169.4720074,0.590583257,2.666666667,0.015461674,3
1237.435601,57.19257805,707.7213221,774.7348396,41.49323603,11.00700686,44.40028703,0.043163411,0,0.006232793,2
4074.044655,70.93313844,2889.847735,759.9207518,26.76510715,23.21849736,84.60584502,-0.654377475,1.8,0.015718806,1
1854.038062,36.60419171,678.6556467,858.347279,61.89587127,13.85567771,60.97575948,0.031415191,0.133333333,0.008884782,2
3767.990186,39.91179389,1503.872477,1005.90689,59.84293926,18.97457402,149.4819835,-0.46416821,0.8,0.008753816,3
2272.547013,42.30118628,961.3143456,672.653306,56.07487548,12.27369413,66.26348768,2.445573028,0.533333333,0.009225678,2
1346.967016,43.97580601,592.3396018,871.0948498,54.73927558,13.94071889,62.15629517,-0.216857782,0,0.009292656,2
792.5704473,58.88504108,466.7054335,679.8310291,37.00413259,8.909334037,41.94190285,1.717056071,0.133333333,0.007260788,2
4035.8471,44.2549481,1786.06204,1014.591113,55.56990209,20.98057126,96.41755738,-0.315301236,1.466666667,0.009356999,2
1242.016324,71.21680238,884.524311,795.4684928,26.96164096,12.89842376,43.16167271,0.319926524,0.4,0.008398397,2
3448.560903,33.17947039,1144.214244,918.2187149,66.27365381,16.70961856,93.41133685,1.116824404,1.533333333,0.009270266,3
4523.391487,49.83811087,2254.372864,1031.604693,50.08450328,22.77470484,94.03342523,-0.400004912,1.933333333,0.009362206,2
1636.77166,27.06166469,442.9376582,772.2364317,72.04275343,9.689347512,57.32348031,-0.462001461,0,0.005866939,1
1872.794177,37.40147484,700.4526428,789.4586087,61.71213563,13.20549711,72.06187606,1.227284196,0.133333333,0.008491339,2
3685.430646,34.38833256,1267.358147,708.0374487,62.18884369,17.0191674,83.26749524,6.374520575,2.066666667,0.015236777,2
4376.178002,33.16261559,1451.255088,640.6077587,63.28767054,16.74354224,119.1928633,1.21531671,2.4,0.016822905,2
803.9608074,36.40204827,292.6582012,827.7328614,60.9896447,9.086625108,48.81763793,-0.681364278,0,0.006548323,3
2351.971759,22.93637963,539.4571715,947.3603259,76.95760667,11.72173126,78.77084838,-0.302596483,0.133333333,0.004603897,3
3432.933523,40.63422343,1394.945878,978.7947564,59.13912759,17.52893253,167.3512065,-1.151398618,0.933333333,0.007775143,2
4486.005299,39.46979246,1770.616981,1006.857117,60.40257031,21.37867544,90.99655029,-0.2231633,2.266666667,0.009382981,2
3839.123978,50.45099182,1936.876124,977.488136,49.04425256,23.46034541,94.33549727,-0.243400511,2.666666667,0.012916587,1
6170.808805,14.77049482,911.4589948,675.9941357,83.45640643,17.10299165,152.2789845,-0.493171247,1.533333333,0.016315748,2
996.0420711,49.66386946,494.6730339,838.337763,48.43945955,10.75879053,83.01328641,-0.370931757,0.2,0.007056498,3
1509.244517,35.6149617,537.5168568,843.0762596,62.46583251,13.12141091,56.45021429,0.03420551,0.266666667,0.009337167,3
1817.942667,35.94467196,653.453528,975.2936596,63.91937638,12.97201401,63.36387542,0.31786124,0.2,0.006141383,2
4000.155125,48.61506473,1944.678003,1007.444746,51.13366795,23.33747401,90.9068467,0.376554211,2.333333333,0.011946275,1
4170.156114,24.45052619,1019.625113,1075.737418,75.52252499,17.15417229,90.7366159,-0.426766089,0.533333333,0.006858285,1
4088.045837,72.62657507,2969.007678,760.3792166,25.01180309,22.98936411,83.90035451,-0.625728687,1.6,0.015447219,1
2911.020399,38.56225497,1122.555109,792.3142342,59.94641819,15.65871153,78.40605504,0.484227816,0.866666667,0.0105673,2
2348.132102,35.18786542,826.257564,862.1619167,63.32588023,15.03856663,72.57664179,1.570373696,0.4,0.009575226,2
3707.976836,68.14412287,2526.768291,732.5123682,29.30882888,21.47426129,79.95353135,-0.572314223,1.066666667,0.015040768,1
784.1038906,44.01407484,345.1160733,724.973876,50.75135301,9.921207933,36.78850303,0.506773523,0,0.008786615,2
9110.721582,6.254889247,569.8655446,1116.954731,93.22609925,18.5431957,385.6512098,-0.677544719,2.533333333,0.015520053,3
1101.553937,54.52563216,600.6292478,699.2493923,42.06831513,10.46077653,42.82396395,0.597594572,0.133333333,0.008500417,2
4949.323087,61.5865977,3048.119698,772.2388942,35.7442065,26.24681674,93.35411679,-0.688483448,4,0.018422726,1
1150.676639,35.72892843,411.124433,783.37164,60.64532754,11.66309646,53.37088079,0.050728462,0,0.009639003,1
1244.990243,71.22503303,886.7447115,795.4853341,26.75897707,12.90282351,43.16995789,0.317852484,0.4,0.008383214,2
2905.375729,24.89595903,723.3211514,886.5691243,74.60474316,13.61146054,91.55731736,-0.223421526,0.066666667,0.007242501,3
3718.31295,68.36603177,2542.063013,726.426188,28.11637793,22.98544038,75.2136962,-0.601626365,2.066666667,0.016807891,2
3843.631724,72.40191822,2782.863098,756.1657221,24.41389572,24.66435921,76.8957313,-0.900948925,3.266666667,0.017758492,1
4285.943371,20.14141328,863.2495672,946.0818332,79.75588542,15.34451883,116.6518346,0.021680084,0.4,0.006347959,2
6142.385523,21.59183595,1326.253806,995.4157562,77.91264243,20.81776608,175.4122158,0.030254717,2.866666667,0.011600564,2
973.2405949,38.29079173,372.6615292,795.3440934,59.27078781,10.68054614,42.91193244,-0.031999639,0.266666667,0.007833702,1
1628.276689,35.64648433,580.4233947,966.4051046,64.17466528,12.31134352,58.51780566,0.400599014,0.2,0.005999231,2
2572.074905,17.76404805,456.9046222,844.6436386,81.71843134,10.8788814,121.3915676,-0.758204632,0,0.006319664,2
2634.994892,19.2095859,506.1716072,957.2532413,80.69661175,11.64482529,64.58947492,-0.158667192,0.2,0.004791627,3
5380.20733,42.76761188,2300.986189,1038.110354,57.17694321,23.48491712,107.6684445,0.120759314,3.4,0.009106243,2
1692.961362,23.27814063,394.0899267,767.0848552,75.14075019,9.538904886,60.91987199,0.307806354,0,0.006846649,1
4217.267947,40.62432042,1713.236444,1064.921494,59.33648664,20.81848208,105.0535334,1.073884285,1.133333333,0.008754391,3
1117.090467,49.75779605,555.8395965,723.608085,43.41644245,12.46756779,69.48578169,-0.291856753,0.066666667,0.012316737,2
1053.270886,33.34114743,351.1725991,830.6357002,64.397987,9.715120344,49.85129977,-0.401990885,0,0.006868112,3
4043.907664,33.79511587,1366.643281,726.8722516,62.91181099,17.86469662,130.9213823,-1.116025067,2.266666667,0.016154332,2
4267.861352,40.79793028,1741.199099,922.2427172,58.92684906,18.96347811,116.5716724,1.083011743,2.6,0.009100794,3
4041.725002,40.76374309,1647.558396,983.3294854,58.98806019,21.99101765,96.48411599,-0.165489249,1.4,0.011239885,1
7588.546637,13.11149307,994.9717664,1131.775513,86.43968537,19.51497247,378.0663513,-0.757658783,2.666666667,0.011363362,2
1284.641629,19.55343576,251.1915757,842.5547962,78.97612483,8.717713491,53.48799809,1.131740925,0,0.005936487,2
819.9368472,44.37176726,363.8204695,724.7220698,50.75403337,10.00890426,38.29310466,0.615896693,0,0.008705677,2
932.9660828,37.87820758,353.3908294,794.296098,59.75416771,10.78748382,44.30196573,0.162762835,0.266666667,0.007883696,1
2844.623735,30.1398255,857.3646298,890.0112126,69.37579646,14.23772574,91.78630303,-0.329274909,0.4,0.007501078,3
3808.924482,65.90026088,2510.09117,729.5584619,31.57739172,21.19559288,83.03631652,-0.620553233,1.066666667,0.015090035,1
1206.050598,37.62484772,453.7747011,816.2984155,60.23535592,10.38051516,52.62077513,-0.390445778,0,0.007256983,3
1881.881013,29.43514834,553.9344676,879.4935761,70.25204403,10.9329538,58.91321344,-0.426310493,0,0.004583878,2
1727.04503,56.18439946,970.3298785,637.1783149,39.84829018,12.70655266,60.46365312,0.72177291,0.533333333,0.010963887,1
1789.824622,23.7973779,425.9313291,735.7504457,74.80914606,9.849970991,79.68814298,1.515668846,0.133333333,0.007534017,1
1734.005368,36.84164667,638.8361309,804.7146124,59.10536371,15.12390395,67.923157,0.065449076,0.066666667,0.012127055,1
4124.935134,21.84651495,901.1545706,927.4184595,77.80614101,15.95162924,99.62648389,0.274137053,1.133333333,0.008229744,3
3214.205618,19.82411394,637.1877838,885.2366904,79.78230329,12.97310029,97.09426843,0.313441595,0,0.007041127,2
2340.961549,68.66217527,1607.355122,830.3773588,29.96106255,18.97981814,59.00693124,0.031841855,0.4,0.011944869,3
1110.824976,38.88754066,431.9725142,739.146489,57.01911919,10.86266511,47.18981407,0.003397452,0,0.009322794,2
3896.234979,17.43632738,679.3602865,736.9048186,80.59776448,14.01498802,119.9954935,6.040884674,0.6,0.01303925,2
925.0583919,32.03378806,296.3312447,764.3764599,64.17088851,9.733939004,44.91779547,-0.099353683,0,0.007977796,1
4419.676888,72.03251532,3183.604432,755.619497,24.57274475,25.94906893,83.51245531,-0.6524137,5,0.018679499,1
4046.076412,71.5022818,2893.036958,761.4513906,25.46138044,24.60509072,79.26186011,-0.764792656,3.266666667,0.017524989,1
2147.67642,34.21120178,734.7459135,684.635425,57.2215705,17.04303748,90.97180154,2.90327104,1.733333333,0.021107057,2
2114.082754,39.094914,826.4988345,809.7615284,58.79394068,14.02890537,80.12793512,0.887601621,0.866666667,0.009730643,1
3374.064565,34.59252126,1167.174002,922.5340008,65.06565475,16.98037566,91.72135276,1.453584731,1.6,0.00929446,3
2091.78805,40.61560106,849.5922895,968.5816653,59.01541298,14.73240451,103.34007,0.885302285,0.6,0.007639748,3
3255.918379,23.69054831,771.3449163,757.2048821,75.44182085,13.098158,149.8315367,1.18036802,0.8,0.010404003,1
3890.0908,24.91247734,969.1179888,929.1840401,74.73494888,15.98150032,98.38608642,0.41919048,1.133333333,0.008335809,3
4782.216847,48.4863341,2318.721638,1043.15074,51.44486616,23.28871225,90.88697438,-0.534199924,3.266666667,0.009450013,2
3304.555373,71.11666127,2350.089451,716.084734,24.62738112,23.07301086,71.92494775,-0.483408974,1.666666667,0.01799474,1
3939.432326,33.63090236,1324.866639,761.2725115,63.83686058,18.34203921,124.1766534,1.817042711,1.4,0.015179516,1
1237.437468,19.22797144,237.934123,832.4710915,79.23125129,8.64718388,56.1155546,1.221019972,0,0.005869274,2
4515.359707,40.6401671,1835.04973,1026.374295,59.23513671,21.22402738,100.0519397,-0.298362894,2.4,0.008932712,2
4253.220213,19.75104431,840.0554088,948.0222754,80.1385155,15.48012046,114.9545276,0.115120356,0.4,0.006444385,2
6575.726806,13.71726492,902.0098663,958.9376341,86.17598281,16.92282946,159.6351842,1.219477482,2.066666667,0.00678192,3
4841.738192,13.01969986,630.3797806,885.2928687,86.67929923,14.23857277,96.18125096,0.168501642,0.333333333,0.007309677,3
829.8614393,42.82786345,355.411924,733.1009517,52.30091116,10.42456613,43.11332842,0.564780541,0,0.009128615,2
1083.987413,52.49922482,569.0849892,785.1850938,42.94022387,12.8222741,47.72561287,-0.447914856,0,0.01015002,2
3886.615262,26.51678951,1030.605588,921.2555963,73.24719944,15.78714453,121.5567889,-0.00493259,0.933333333,0.006649723,2
2752.590621,31.74620961,873.8431884,804.0863117,67.2303199,13.99559636,72.83594629,-0.273504724,0.533333333,0.008486172,2
3710.429899,68.99036557,2559.839151,745.43356,27.72953539,23.45409168,75.09667311,-0.794818491,2.6,0.017432666,1
1300.965343,29.18342866,379.6662929,722.475968,68.29539043,9.497739759,48.32925918,-0.010230282,0,0.007451365,2
1815.644825,34.33175486,623.3427305,904.6824562,65.15658562,12.41998575,152.9765989,0.093016701,0.2,0.006219562,2
2443.141307,26.96742159,658.8522163,885.3666958,72.82671263,12.43078335,68.65070751,-0.522480201,0,0.004931266,2
2608.407203,31.15035755,812.5281701,860.4593958,68.60664146,12.6591674,98.85184113,-0.664149655,0.2,0.005368399,2
2551.757991,34.25295288,874.0524621,799.5141393,64.25661979,14.27348164,63.97450859,-0.042801734,0.6,0.009182696,2
2284.117351,36.70986344,838.4963603,772.0548701,61.8149383,13.55553302,88.77490882,0.315566043,0.6,0.009345854,1
3545.04979,31.99232481,1134.143843,788.1266626,67.36478528,14.11379674,76.23431815,0.605508451,0.2,0.00792002,2
3569.593177,18.80596177,671.2963283,889.6862416,80.85836055,13.56918331,95.656752,-0.16304745,0.133333333,0.006802485,3
1114.743585,29.22705426,325.8067126,661.4294792,67.73846847,8.605571142,48.32065533,3.077788785,0,0.008008451,2
1238.15971,46.41964711,574.7493678,779.3061759,46.32578376,14.97698228,61.63425399,0.066871799,0.066666667,0.013304649,1
3552.541597,42.64348493,1514.92754,918.8341016,56.24767367,19.53751661,97.75309238,-0.297953267,1.533333333,0.011580173,2
1258.685319,28.32841657,356.5656205,763.3778804,70.11152441,8.812260872,48.45609448,0.988744931,0.066666667,0.006203533,1
6667.018024,10.11432878,674.3241225,1064.278641,89.77375224,17.21631564,273.3400212,-0.680092706,1.933333333,0.008147295,2
6899.794575,17.86661138,1232.759483,581.88873,77.85880352,19.13741694,143.4612363,1.707241395,2.466666667,0.023691554,2
9110.419767,20.36841303,1855.647927,757.563102,78.3251274,21.04680046,212.453025,0.972233038,3.266666667,0.016576282,2
1115.890616,31.49879346,351.4920805,830.1021083,66.43455113,9.69959764,49.71899467,-0.388531594,0,0.006885744,3
1114.372014,34.17966625,380.8886352,769.1855955,63.81220274,9.206079142,46.34045575,0.667303599,0.066666667,0.006439124,1
4790.23081,21.13294039,1012.316621,777.2059666,77.88617931,14.87613932,188.7614648,1.785688015,0.666666667,0.009568829,3
4500.667282,16.49628051,742.4426997,825.4915071,82.73518534,15.25320154,116.5000437,5.796397094,1.266666667,0.010710907,3
2503.566308,25.83726714,646.8531149,889.6232035,73.96155301,12.119471,67.59178192,-0.472674433,0,0.004882837,2
1228.042852,44.07764098,541.2923193,793.4258901,49.19888807,14.49877782,64.85450732,-0.341935908,0.066666667,0.012648023,1
3578.149735,27.90185217,998.3700495,1098.975629,72.08213596,17.31450881,101.0322453,0.086364998,0.8,0.006405048,1
1800.9277,36.19168133,651.7860142,765.156762,60.05475993,14.56836408,115.7629005,0.5745117,0.533333333,0.014115415,2
2417.600096,33.67744325,814.1859003,769.9721227,64.68570564,13.07653463,122.3760553,3.105024672,0.133333333,0.009363862,3
1762.979589,35.16244928,619.9068038,735.8958128,58.98660914,15.48407916,135.8520372,-0.629660529,1.066666667,0.018575966,2
2241.673637,68.11357432,1526.884039,833.9956169,30.66376726,18.87904812,59.43476947,0.101715231,0.4,0.011966805,3
3967.202734,17.83236026,707.4458837,712.8669455,79.75526794,14.42819552,226.1293723,0.452560807,1.333333333,0.019713081,2
1077.257418,37.3972733,402.8649006,943.3278341,62.26485729,9.673893558,73.529251,0.28416349,0,0.005074547,3
897.9926698,42.44347681,381.1393105,737.9145639,52.14111392,10.16176319,53.63484337,-0.788216625,0,0.00909403,2
9726.843186,7.792976457,758.0105995,833.7308602,91.44361476,17.50429398,253.7499323,0.069285108,1.866666667,0.014204502,1
811.1166028,36.91933863,299.4588853,770.4529056,59.42354608,9.432801568,43.59384301,-0.251306083,0,0.007604123,1
2650.386276,31.11735322,824.730059,870.9154347,68.30842739,13.3002512,85.15462546,2.027235793,0.266666667,0.007381595,3
2663.461122,63.15198709,1682.028624,666.5405502,32.03456476,18.85333923,77.53412162,0.913952345,1.066666667,0.017053957,2
2120.013757,40.41392412,856.780751,945.8660092,59.14387807,14.65051579,93.63469607,1.325000828,0.6,0.007790763,3
2540.724581,26.3728333,670.0610584,878.5138892,72.90287997,13.47901361,79.78874254,0.072270003,0.466666667,0.008025934,2
2473.406824,42.02430682,1039.432072,880.8310582,57.10302416,16.3385826,80.86165971,1.361547792,0.466666667,0.009601953,2
1167.508598,55.36226867,646.359247,784.1807879,43.26844374,10.88353498,51.99978658,-0.490785734,0,0.006432754,3
1349.41327,41.041236,553.8158848,766.5600077,55.97854744,11.24832032,63.51884108,-0.17650804,0.266666667,0.008684794,2
2024.22292,26.39410907,534.2756052,927.9860331,73.25569875,12.16937615,64.84966114,-0.026291063,0.133333333,0.006169708,2
4530.727764,41.79267248,1893.512215,1040.832718,58.11133933,21.76937901,101.3136861,-0.412440722,2.4,0.008800384,2
2474.455847,22.2247527,549.9416926,876.1323197,77.09322217,13.10664924,74.18455964,0.105442947,0.066666667,0.00790067,3
1882.515864,31.39056997,590.9324594,835.6580794,67.01427573,13.61681979,64.19309573,1.611883143,0.266666667,0.009637449,3
3796.307462,72.65996207,2758.395562,760.8451349,24.34599565,23.31994773,81.38035296,-0.649452107,1.866666667,0.016161958,1
2904.303219,25.98521889,754.6895486,863.3261471,72.26245163,15.44039467,71.33973319,2.38913368,0.733333333,0.010387448,2
6429.175946,11.81332532,759.4994697,971.7481308,87.93015811,16.93944326,238.072754,-0.586017572,1.866666667,0.008939544,3
2991.135534,25.35926399,758.5299566,832.1705186,73.95055692,13.72597823,224.4685385,5.697986363,0.733333333,0.009080697,2
3498.418204,53.1167446,1858.245862,808.5690322,46.31769737,16.80023157,110.3542257,0.276036313,0.6,0.008761662,1
3073.132992,35.06665895,1077.645065,960.4719121,64.54590925,16.87947112,93.81338126,0.256050458,0.466666667,0.008656759,3
2734.636048,57.29771717,1566.884029,853.715836,42.33998261,16.14550775,72.68499203,-0.122340735,0,0.007658625,1
2530.131064,24.17392467,611.6319774,884.3859694,75.6450521,11.90827194,63.77808294,-0.222391053,0,0.004572326,2
3611.392005,32.7876457,1184.090415,1075.591151,67.19088414,17.7495624,88.77644827,-0.006259355,0.933333333,0.006638231,1
1635.586061,57.97081875,948.1626312,815.8385754,39.66491685,17.06562823,51.35308001,-0.326657511,0.066666667,0.012078943,2
2636.973371,21.81968174,575.3791972,787.9175869,76.93947668,12.40558596,70.02700041,-0.166566594,0.133333333,0.008157758,2
3474.391251,44.94418135,1561.536705,988.0680641,54.86461388,20.10969245,103.2333037,0.152735326,0.466666667,0.009835185,1
2669.842469,17.2648918,460.9454136,864.9105693,82.44201816,12.13420653,114.2293246,-0.216156275,0.666666667,0.006288355,2
2832.591606,17.60604139,498.7072506,783.6427988,81.51716596,11.22878808,74.3497957,0.770544586,0,0.007133274,2
4976.291155,15.97729577,795.0767562,859.8421765,83.33608831,14.20819893,244.7706789,-0.429810904,0.666666667,0.008728294,3
3788.814386,3.304183301,125.1893722,1088.421351,96.51813062,10.31947604,544.9843458,-1.792303765,0.4,0.005270719,2
2559.547202,57.77754592,1478.84356,810.000915,40.3225378,18.93866114,69.44216151,-0.124254207,0.4,0.012944376,2
3472.919882,51.01785319,1771.809167,957.4880053,48.42010115,22.4254046,75.91190922,-0.204442751,1.866666667,0.012636963,1
2376.757312,19.99852277,475.3163522,775.6187997,78.64221233,11.43906142,65.83509935,0.592000882,0.2,0.008013139,2
3360.859662,25.54131615,858.4077915,773.2095469,72.99170926,14.49397233,105.5244118,-0.370902597,0.8,0.011958362,2
1128.65312,54.61502858,616.4142238,700.0060317,41.71376037,10.28035711,43.08954047,0.574053076,0.133333333,0.008423211,2
1837.113831,22.54988742,414.2671006,610.0432721,75.5297822,8.746584562,72.02905982,6.666378091,0.2,0.007642162,2
1910.836543,31.83148207,608.2475917,953.1602814,67.97279945,12.40637505,76.63940099,0.041517026,0,0.005720825,2
3508.487226,71.67453003,2514.691731,724.0861446,24.55441042,22.87083331,72.58084425,-0.616683605,1.666666667,0.016975514,2
2678.47017,17.02689973,456.0604302,859.1138365,82.54149162,11.00775155,113.3620323,-0.395504281,0,0.006150403,2
1789.341244,30.0845459,538.315188,875.1416502,68.9279167,11.90228729,87.76491872,0.116116334,0,0.007428216,2
6050.066168,9.10207781,550.6817302,1165.759398,90.85711021,15.98844426,272.1610923,0.162536216,1.333333333,0.005479086,3
1326.412281,55.72196014,739.1029223,781.0870569,43.28466528,11.53411124,50.27715768,-0.370354389,0.133333333,0.006533175,2
2884.695836,20.05586714,578.5507643,762.0800091,79.4072969,11.15314412,115.5089348,6.909458838,0.333333333,0.006585569,2
4177.560033,20.57037435,859.3397376,923.8350504,79.27834207,14.83222266,126.02468,-0.274278877,0.4,0.006332971,2
1198.043442,72.88512782,873.1954943,796.0695779,24.59116834,12.87290546,42.09844801,0.324476578,0.4,0.008478193,2
1047.597779,66.50454445,696.7001306,775.8851918,31.81603139,10.88901056,40.9662399,-0.136303672,0,0.006532934,2
6268.889173,10.69727218,670.6001378,973.4507411,89.20721303,15.64576139,183.8985377,-0.905932064,1,0.0057829,3
1165.831502,36.46801159,425.1555674,782.5411472,59.93357626,11.69898239,52.50467438,0.024511762,0,0.00967042,1
2579.353366,22.71545645,585.9118906,790.8153662,76.74723512,11.51973028,74.99604052,-0.13416602,0,0.00660719,2
3225.833936,32.82169786,1058.773468,788.3596107,66.37094726,13.73511973,72.94512417,0.98154601,0.066666667,0.007945632,2
1542.172756,38.41935017,592.4927513,747.6128884,60.34463052,10.40241986,68.5749689,-0.547875013,0,0.006705077,2
2111.853386,25.23650636,532.9580141,881.1137618,74.51709154,11.47465464,63.36529397,-0.324560547,0,0.004707843,2
4299.51353,15.0347469,646.4209772,824.7233678,84.05271446,15.01888289,116.0891622,5.935618123,1.133333333,0.010993912,3
1438.010448,62.35442243,896.6631097,792.0061806,34.97631332,13.91828961,50.26459438,0.588358939,0.733333333,0.009543825,2
5146.116059,49.45579297,2545.052504,1017.498977,50.46893963,23.9475365,101.7284063,-0.089673393,3.2,0.009892082,2
2270.165928,57.24652128,1299.591021,791.8563636,40.86464058,16.13573917,69.52841471,0.045614347,1.6,0.010682891,2
1314.587541,28.26891216,371.6195971,728.0184003,69.11857504,9.267157318,53.02130854,-0.347078146,0.133333333,0.007447511,2
3753.507142,20.36517457,764.4082819,936.5255539,79.45638417,14.39839376,113.9975103,-0.203346902,0.6,0.005806389,3
2593.013395,30.06391808,779.5614227,806.8666183,68.84835555,13.73149264,107.8326469,0.234017536,0.4,0.008889834,1
2731.085668,11.77735229,321.6495806,686.9477769,87.45740245,8.508162284,229.9074918,0.574149982,0.266666667,0.007039596,2
3861.690275,32.18247767,1242.78761,866.8362561,66.73696609,17.80296068,88.46995778,1.198654164,1.6,0.011139448,1
1691.57544,23.58843458,399.016166,766.7245284,75.20156551,9.661441637,64.78022109,0.385136513,0,0.006285703,1
3537.335306,48.26988107,1707.467545,997.7576724,51.29865747,21.35714794,95.68629708,-0.925343416,1.533333333,0.011103088,1
2215.326206,29.20750037,647.0414097,862.1891519,70.47690873,12.168781,64.76252959,-0.701821515,0.133333333,0.005452738,2
835.6352603,39.82058888,332.7548816,729.5521962,55.42759102,10.07220617,39.54197309,0.594878349,0,0.008697734,2
1086.211498,52.68358236,572.2551293,782.4378976,42.70957281,12.70415828,47.27263694,-0.436882195,0,0.01013541,2
1647.946385,23.7630933,391.6030369,767.6762688,74.97114913,9.542113301,63.35035281,0.588315364,0,0.006275166,1
4919.360779,7.905121313,388.8814374,1135.838842,91.93578169,14.3845011,338.2814071,-1.373306149,0.733333333,0.006995742,2
1655.247401,25.17039658,416.6323352,765.6811253,73.63569056,9.759273057,63.92990057,0.437018788,0,0.00637918,1
1175.991994,51.61415988,606.9783878,726.321053,41.29768715,12.64542105,63.93127934,-0.417687983,0.066666667,0.011984118,2
1285.796569,56.86941052,731.2249294,773.871541,41.92909739,10.99886941,43.88573457,0.113816484,0,0.006257083,2
5315.621536,19.2861156,1025.176914,1106.878188,80.70680732,19.6151985,118.6043284,-0.100179107,0.733333333,0.006275479,3
1908.989962,35.80727077,683.5572048,855.4835776,62.69525704,13.72117007,59.8904635,0.014780823,0.133333333,0.008846588,2
1560.407542,30.23458648,471.7827678,856.0519626,68.96839705,10.56537166,61.47526292,1.633945521,0,0.005836213,2
2222.615227,26.78545799,595.3376678,948.741759,73.08462715,12.30305217,76.62626631,0.097310368,0,0.005405942,2
4100.629765,68.34518153,2802.582857,763.6508782,29.1466481,23.49681739,84.92538895,-0.647929617,2.266666667,0.016133702,1
3370.660481,37.21687573,1254.454522,623.1760717,57.57351976,16.11327293,111.8609777,-0.462126716,2.133333333,0.020872617,2
4293.661436,47.1942174,2026.359913,993.1487799,52.56668751,23.17448386,109.3960235,-0.118840989,2.466666667,0.011831643,1
853.1527987,31.65849462,270.0953329,884.6650136,66.91090488,9.07165776,53.48809202,-0.227338679,0,0.005920102,1
7573.384619,14.82392275,1122.672685,945.5863698,84.70833719,19.07723979,173.1370223,1.261878317,2.466666667,0.010460196,3
4268.843519,68.92278253,2942.205735,756.796533,27.5364405,25.74624676,83.21328495,-0.652934925,4.866666667,0.018663075,1
1856.646623,33.81509823,627.8268792,807.5540745,65.30439305,11.96125387,76.26325526,-0.068457767,0,0.007085183,1
4462.857725,19.74616083,881.2430642,953.4972653,80.14666842,15.66481769,116.7655719,-0.007227043,0.4,0.006449695,2
3488.81511,31.06007141,1083.628465,928.3212245,68.68259077,15.89501328,133.501228,-0.863951775,0.4,0.007661602,2
1673.608196,57.87234277,968.5562719,633.761473,38.23447478,12.78305245,63.74256223,0.614590905,0.533333333,0.011077366,1
3739.847699,69.55328504,2601.18693,747.4993089,27.04481013,23.6392007,75.37003924,-0.820074926,2.8,0.017281947,1
2321.683955,29.04774445,674.3968222,980.084821,70.83225419,13.2514273,77.24563864,0.1962626,0.066666667,0.00602619,2
1114.466219,55.8068938,621.9489791,753.1155576,35.94724098,14.6694343,42.43264863,-0.13045167,0,0.013236991,1
2044.409147,31.67307912,647.5273265,957.2978873,68.14012983,12.63683276,79.99141116,-0.198278874,0,0.005781059,2
682.4271506,38.42795399,262.2427915,729.1191272,55.24459894,10.07056796,35.51254232,0.572550604,0,0.009182643,2
4028.142935,2.81523396,113.4016479,1273.526774,97.06679802,11.47569217,554.0048142,-1.794833566,0.6,0.004872527,2
2673.199579,22.31796763,596.6038168,886.6979011,77.53406828,12.13743727,65.9825797,-0.250360871,0,0.004505419,2
3797.078169,21.31908385,809.5022787,883.3183886,78.21202087,14.71202223,106.8457054,-0.348365523,0,0.007939675,2
2032.46752,58.91645569,1197.457826,829.1865697,40.35414611,14.73961126,61.71823363,-0.239576428,0.133333333,0.007989367,1
2825.050059,62.98972619,1779.491297,672.5997451,32.64812975,18.97760394,77.00017911,0.674793384,1.066666667,0.016962742,2
3117.18655,20.48076607,638.4236854,735.7233438,78.22552077,12.50617317,115.9440966,0.534665346,0.266666667,0.009604579,2
1062.407168,50.23065804,533.6541113,777.4374586,45.16611482,12.55319509,53.36854268,0.206025692,0,0.010188508,2
2749.983786,15.90823555,437.4738982,803.4457534,82.94136091,11.31736067,73.51928278,0.207621854,0,0.00749254,2
5077.68754,13.72603009,696.9649197,1142.661796,86.26929702,17.19858072,105.7956392,-0.671487595,0,0.004909416,3
3496.202574,65.53177163,2291.123486,727.4188071,32.09476722,20.26957645,80.98775346,-0.514019401,0.666666667,0.014184586,1
6214.753868,21.39339249,1329.546687,994.8766385,78.2066115,20.39568198,175.5332195,0.019427361,2.866666667,0.011308159,2
1443.65879,22.92549026,330.9658552,726.3280914,74.92203856,9.077799727,61.62273697,-0.067469946,0,0.007349973,2
2308.573869,24.10814214,556.5542698,861.0920914,74.73732641,13.07385688,73.99260006,-0.237605677,0.066666667,0.008204158,3
6046.383276,23.3561903,1412.204784,1088.572615,76.62479297,20.19437064,152.2721167,0.690373813,2.666666667,0.007282396,1
5209.550632,40.79768458,2125.376035,1023.088924,59.12873001,22.79831184,111.8363097,1.764680856,2.666666667,0.009631588,1
5090.083098,7.739781,393.9612845,1226.342801,92.1363223,15.46642002,329.0122119,-0.958564942,1.4,0.00781139,2
2791.290468,20.58888604,574.6956137,892.5361232,78.87260531,13.68063551,73.49179238,0.396592725,0,0.007604207,3
4649.415122,25.17211498,1170.35612,940.7905404,74.73800072,16.16521315,120.8299296,-0.479729855,0.733333333,0.006338886,2
1225.128468,36.14149704,442.7797691,829.1696386,61.96822136,12.25253208,67.54202118,0.009698772,0,0.008533194,2
2275.813543,27.78954465,632.4382208,774.7450412,70.51941804,11.79641989,59.28877394,0.284486194,0.2,0.008204755,2
1242.295545,31.28996747,388.7138719,731.5789996,66.25046912,9.462378166,51.88968381,0.325218819,0,0.007326465,2
2691.518142,59.00437712,1588.113515,807.8766166,38.79840106,20.23842028,75.3466619,-0.141917546,0.933333333,0.013861089,2
2688.797532,23.36381677,628.2057286,901.6841406,76.53921857,12.2087229,67.2090277,-0.224978406,0,0.004276549,2
4046.790351,16.22306913,656.5135963,712.5529575,81.22522768,14.64306964,225.7158675,0.482832788,1.466666667,0.020251921,2
2934.656173,30.37928456,891.5275496,808.789256,69.05403696,13.39632257,104.1336329,-0.221340591,0,0.007749012,1
1988.880637,23.92936335,475.9264743,776.8308865,75.42749271,9.802221897,82.07272113,-0.867350083,0,0.005851449,2
12827.99203,6.115695368,784.5209146,957.8408141,93.46346399,18.89778354,346.62272,-0.541864108,1.8,0.011760545,1
1887.629153,38.39387043,724.7338911,793.8962421,60.3553755,13.54985598,65.55425848,0.031317889,0.133333333,0.009324551,2
1405.208612,57.82125076,812.5091954,792.1176302,40.9555184,12.0438676,48.69607259,0.019252114,0.266666667,0.007039797,2
2283.221217,39.50899197,902.0776874,806.4122142,58.62622318,14.64298073,77.11549512,1.045081498,0.866666667,0.01017677,1
5637.096796,9.689547041,546.2091458,821.0695513,88.88206227,15.76431979,284.7977891,2.247186855,1.333333333,0.015841861,2
3265.775586,28.74794445,938.8433513,897.8093895,71.15804062,14.08621313,83.11573585,-0.325597275,0.333333333,0.005298319,2
1077.831446,53.11961025,572.5398635,750.4209011,37.75268554,14.5425982,42.99759475,-0.210115676,0.066666667,0.01363789,1
3615.80366,46.71796462,1689.229875,996.6178292,53.0401203,21.56304603,79.14852786,-0.025444528,1.733333333,0.010938458,1
1781.031973,52.60427431,936.8989445,965.5946002,47.04293779,14.85835386,85.46291204,-0.1877466,0.2,0.007153825,2
1653.325563,59.008664,975.6053264,632.8640798,37.20923899,12.49065747,62.27224441,0.678532987,0.533333333,0.010799247,1
4115.324245,24.02840519,988.8467844,933.4110079,75.8681621,15.87006734,106.6378305,-0.416881883,0.6,0.006375066,2
1099.158945,68.79138244,756.1266335,778.7705183,29.66817634,11.02668899,41.62871775,0.048845916,0,0.006684361,2
1045.946502,39.37801909,411.8730132,740.3087143,56.2641552,10.88307355,44.76920151,0.280613085,0,0.009505699,2
2320.637935,26.70607873,619.751394,892.3112206,73.06068901,12.03659069,66.90490858,-0.542544738,0,0.004914474,2
2148.364993,25.38829659,545.4332761,878.7460619,74.37017117,11.62402292,62.36785057,-0.28762458,0,0.004744816,2
2438.082027,29.67618737,723.5297905,805.2864914,69.25220202,13.1740792,66.69897588,-0.189432737,0.266666667,0.008414502,2
9648.555506,7.536812728,727.1935594,950.2318602,91.87897583,18.11014725,341.7236869,0.306710279,2.133333333,0.012626405,1
3484.449182,21.93750644,764.4012636,1061.998716,78.02712482,14.71920417,132.9268547,0.510778648,0.466666667,0.005062517,3
6134.482604,19.91345822,1221.58763,872.0928433,78.64599629,19.33386658,227.9080144,-0.201824324,3.2,0.014685494,3
6412.573723,7.939031013,509.0962166,1025.46187,91.2697619,15.17985517,393.7284045,-0.868660215,1.2,0.01119127,1
1877.667618,27.27445701,512.1236472,929.3060775,72.25260535,12.14800915,65.98031556,-0.042914162,0.133333333,0.006333678,2
4225.663442,18.39489566,777.3063811,568.1742112,74.75502015,17.32760306,131.5939601,1.058857672,1.466666667,0.02540957,1
1284.795253,19.66247171,252.6225033,842.4133417,78.87213504,8.717582049,53.42215196,1.13608647,0,0.005941745,2
3952.511398,45.71184552,1806.765904,760.436501,52.21420969,18.88547855,102.6753264,0.127355739,3.066666667,0.013403257,2
5612.016468,13.74384205,771.3066792,991.9558025,85.77500669,16.60039616,162.8116125,1.076515525,1.466666667,0.008810208,3
4796.919467,22.49453411,1079.044686,1064.501702,77.4766223,17.76131218,99.84323547,-0.290104661,0.733333333,0.007003212,1
6028.700964,15.41508293,929.3292532,995.0746569,84.45044664,16.19201372,205.9044337,2.031005278,1.2,0.009730896,3
3526.276757,31.90656198,1125.113679,785.6725979,67.4728716,13.79629907,74.50259204,0.851498166,0.066666667,0.007851275,2
8403.144108,4.310610947,362.2268498,1126.613034,95.65649521,15.1799527,263.5937533,-0.313257504,0.8,0.004439721,3
2378.937671,14.24310154,338.8345081,730.141339,84.67332136,9.54389162,75.2925892,4.575768284,0,0.007164486,2
678.302298,40.79653947,276.7238647,763.8505,54.09155495,9.726356919,39.39674046,-0.054400473,0,0.008071784,1
3602.745649,17.67058665,636.6262917,737.0899172,79.89587671,14.06682409,116.1557528,7.165523332,0.6,0.013075781,2
3751.17784,27.4108835,1028.230988,1092.113742,72.5717479,17.36559708,106.9670419,0.070925938,0.8,0.00647351,1
4555.21067,37.40332243,1703.800134,905.5981512,62.15569259,18.48020814,118.8350336,0.306369895,2.666666667,0.009198508,3
6546.569943,13.09043479,856.9744692,1151.433461,86.9010005,18.73753156,159.5579634,0.272802593,1.333333333,0.005608554,3
3839.85071,26.71322528,1025.747971,992.6105211,73.04337302,18.25124806,146.9240336,0.429240202,1.4,0.009338287,2
4592.771531,18.82147678,864.4274271,956.5916323,80.92027913,16.01573668,133.5681005,0.620412635,1.133333333,0.007944592,3
2278.894269,30.45725193,694.0885686,858.645456,69.17226373,12.30096968,64.60892164,-0.678828701,0.133333333,0.005442749,2
2968.7091,22.15122397,657.6054018,887.5925163,76.49018109,14.22034807,103.7905331,0.532394861,0.933333333,0.009514859,2
1571.187804,24.28420715,381.5505012,719.5186195,73.43734877,9.715819274,60.42291099,4.635834215,0,0.007691149,2
1834.83371,28.48379793,522.6303262,841.8397243,69.76780427,13.5022287,63.78778197,2.200121909,0.133333333,0.009628687,3
2525.780571,53.23550516,1344.612046,804.4043681,44.40092387,18.16052497,68.68027765,-0.145805816,0.266666667,0.012735766,2
2489.971098,52.36458735,1303.863091,706.3667167,42.81956983,17.39644225,72.23308636,2.846032488,1.8,0.015724451,2
4359.19142,23.07834064,1006.029045,1124.927098,76.88649019,18.25871357,169.9061725,-0.576192643,1.2,0.006809088,1
1148.839279,56.17444689,645.3541106,693.0739433,41.06529953,9.733030049,43.33993866,0.558212274,0,0.00726776,2
4525.878845,10.81289519,489.3785357,1229.042194,89.15377648,15.2193761,285.3306541,-0.625968151,0.933333333,0.00557858,1
2025.127709,47.51268772,962.1926044,864.7773887,50.45772858,16.55872203,65.65997363,1.83815739,0.533333333,0.010968654,2
1634.930845,24.17458736,395.2377855,705.4365534,74.26527691,9.047453977,79.99678375,1.917078726,0,0.007107561,2
2220.222844,55.68310962,1236.28912,802.5033131,43.73720791,14.10399623,75.55260944,0.491475808,0,0.007214795,1
3674.093003,28.90437435,1061.973596,914.5804445,70.74206349,15.80325508,136.3624265,-0.993160272,0.4,0.007710782,2
2511.671548,23.01343487,578.0218959,834.3149934,75.65035203,12.73025714,62.96593454,-0.177177277,0.266666667,0.008227105,3
2147.74181,22.7730826,489.1070165,837.8601571,76.0341166,12.21606781,62.54424614,-0.230277749,0,0.007817216,3
5831.489255,14.2044491,828.3309231,868.9016342,84.57591658,16.26100259,304.2659932,-1.284886341,2,0.014823467,1
1796.375942,30.43908692,546.8004343,955.0824483,69.41173237,11.99880163,55.30657151,0.592561398,0.2,0.005624515,2
1280.836092,31.34026413,401.4174142,740.3905779,66.95399568,9.17052166,50.35304222,-0.46738515,0,0.006483008,1
6751.322128,17.01633869,1148.827839,646.9033477,80.78453459,17.49207162,158.7399199,-0.603562909,1.933333333,0.018746361,2
3791.221823,21.68027527,821.9473274,1023.271982,78.24454175,15.74657758,135.6961011,-0.884019135,1,0.00562017,3
1677.333595,36.07393859,605.0802908,861.9866215,63.2860611,11.80388348,123.2992744,2.875828101,0.2,0.00617189,2
1988.836546,38.71500851,769.9782379,820.2854892,60.46720461,12.98566581,75.06473203,-0.304758428,0,0.007542036,1
5200.382053,37.03601003,1926.014019,1031.136331,62.88359139,22.10378029,103.9480403,-0.119134778,2.666666667,0.008982993,2
1699.668758,34.60923428,588.2423425,893.9053665,64.47868369,12.33737219,94.4051723,0.113834244,0,0.007432112,2
3266.029316,32.72996511,1068.970256,793.537862,66.40538194,14.76011732,89.25705457,-0.553744124,0.8,0.008969842,1
6307.376408,15.67531208,988.7009363,868.3829819,83.30061919,17.393985,198.5239464,-1.108847263,1.6,0.011788031,1
3941.341731,39.58656638,1560.241861,979.3308545,60.21228234,20.34730023,98.87181201,0.235932957,0.933333333,0.01005619,1
1178.428879,49.48990638,583.2033489,730.64948,43.84400592,12.85178145,61.38133436,-0.391717268,0.066666667,0.011900055,2
1918.246444,29.93638744,574.2536875,860.9425857,69.46759974,11.61658252,73.92084563,0.418220565,0,0.006067965,2
1091.813962,33.2968049,363.5391648,828.8439018,64.26901106,9.708880104,49.71174038,-0.398620144,0,0.006895544,3
2207.216618,30.73807415,678.4558806,776.1067616,67.62233596,12.0709239,61.78220416,-0.030123116,0.133333333,0.008310025,2
3081.879405,19.70315864,607.2275883,890.4659946,79.86963992,12.9442833,94.32848279,0.527552549,0,0.006981302,2
1145.154374,49.47366717,566.5498636,684.7077373,47.84364341,9.235126737,47.73957349,1.613555767,0,0.007028489,2
2117.165656,31.18310225,660.1979312,862.2440579,67.66429202,13.68681707,63.14563542,0.337650426,0.533333333,0.008418771,2
754.7747496,34.48873589,260.31227,824.9044031,62.75286804,8.764351955,49.1077634,-0.860713586,0,0.006543647,3
3183.517253,16.27109717,517.9931856,813.7639283,82.75774454,11.86500872,76.04511371,0.037765806,0,0.007492252,2
1997.432042,24.90154669,497.3914727,743.8799394,73.98101788,10.53706216,88.73697734,-0.613053493,0,0.007513973,2
659.7019538,39.56404524,261.0047794,766.9729616,55.02178114,9.456189367,39.00340263,-0.244446177,0,0.007892581,1
1096.488257,34.35915681,376.7441196,811.9390087,63.56977602,9.543139077,53.83589636,-0.576243216,0,0.006780769,3
2049.696802,27.89920321,571.849076,800.2462676,71.28580413,11.33943811,91.88229891,0.840120835,0,0.006920188,1
3765.972884,13.79058486,519.3496862,919.3091356,85.40100179,13.41006484,355.5814179,-0.554492537,1.2,0.009293815,2
3637.698531,20.99305517,763.6640596,947.3046965,78.88859342,14.39472686,103.7960396,-0.061210545,0.6,0.005678852,3
2555.860599,48.5364898,1240.525019,799.1756274,49.59312666,16.25215936,73.00556164,0.323659191,1.466666667,0.010777277,2
1041.740247,33.32002594,347.1081204,903.6752465,65.96072857,9.454003251,79.39506949,0.423324784,0,0.005564391,3
2500.232155,42.53192001,1063.39674,976.1172526,57.27483595,15.56963194,85.65318835,-0.122647297,0.4,0.00725778,2
2074.531635,37.29782186,773.7551138,800.4671795,60.04575937,15.13342883,68.77773529,-0.171459679,0.4,0.011219431,2
9673.482779,4.646216592,449.4509619,1191.360696,95.34643795,17.97412227,227.5297785,-1.041227505,2.466666667,0.004982927,3
1852.323257,51.22941823,948.9344281,970.1674086,48.42954442,15.241609,86.23503275,-0.296450435,0.4,0.00719801,2
2692.216367,17.10621731,460.5363822,777.8850964,81.83377717,11.18063686,69.4668719,1.780908185,0,0.007616692,2
2056.435732,22.23668832,457.2832041,849.9549986,77.1727918,10.55499898,66.67413416,1.240214384,0,0.005775429,2
6168.332063,10.91783557,673.4483523,969.3795463,88.97439075,15.827503,183.2429122,-0.872097691,1,0.005849679,3
2118.656206,62.35784118,1321.148272,802.2486725,35.3087359,18.45695939,67.04126889,0.253166521,0.6,0.012784212,2
2941.279758,65.40567557,1923.763896,699.8553723,30.12521501,20.39129142,66.35806582,-0.252736725,1.066666667,0.016606265,2
4846.834335,35.78150404,1734.270223,1141.192223,64.18022778,22.40100379,157.2773438,0.756910381,3.266666667,0.008192885,1
8116.122988,11.79065247,956.9438553,911.3990366,87.99258809,16.5672849,226.8974622,2.071107024,1.733333333,0.007929268,2
4693.349847,24.72252435,1160.314559,948.1652793,75.15652641,16.76529091,124.9211989,-0.747011832,1.2,0.006876203,2
1149.748242,48.57508758,558.4912157,717.0289034,43.7895631,12.86640473,69.94985661,-0.287707053,0.066666667,0.012810653,2
2369.499536,27.19517857,644.3896301,776.4679529,71.34011666,12.03855811,63.88116464,0.100094885,0.133333333,0.008107473,2
4030.51559,23.84984952,961.2719032,924.9789129,75.77212129,15.93961781,99.41802648,0.262458933,1.133333333,0.008335616,3
785.5216989,40.26247635,316.2704882,638.1048559,53.77438347,9.124377757,49.36562173,0.774976938,0,0.009965642,2
816.1662097,32.9332246,268.7898509,770.7179928,62.52570828,9.469531532,44.30867664,-0.04042205,0,0.007791462,1
386.8528556,51.1699995,197.9526043,794.9549846,43.73352001,7.369439912,30.37781693,-0.213496747,0,0.005908524,2
4313.254985,11.23040313,484.3959228,1229.361642,88.73828373,14.89782645,284.758567,-0.620398458,0.666666667,0.005671141,1
2778.042803,54.53982254,1515.139615,853.3533713,45.08304135,16.06708366,72.70220712,0.046080668,0.2,0.007718456,1
2030.323062,40.63880208,825.0989708,960.9602711,58.98203675,14.57083799,98.43219261,1.160853646,0.6,0.007593917,3
2370.781975,30.19612151,715.884206,985.8600017,69.69589516,13.8035764,76.43266349,0.183419153,0.2,0.006303261,2
3751.686993,29.70229848,1114.337269,915.74026,69.93933053,17.48949957,105.7703846,-0.183083274,1.066666667,0.009349269,2
3069.462033,51.70752834,1587.142951,913.6869423,47.27221649,20.8563194,84.24158993,0.207169013,1.6,0.012480605,1
3481.071958,69.57193308,2421.849053,729.4332754,27.13932499,22.04968814,76.5742961,-0.511697817,1.133333333,0.015937148,1
2869.202145,32.28734533,926.3892047,792.9147125,66.90715453,13.53305409,70.51373361,0.403592158,0,0.008059971,2
2120.442778,33.39840434,708.1940526,960.4922089,66.48544229,13.09521884,72.13573469,0.338685732,0.266666667,0.005855729,1
1208.429739,36.00288312,435.0695464,807.7192817,62.18991563,10.52846675,51.88404695,-0.165816085,0,0.007371279,3
2073.094192,27.4574467,569.2187329,799.6999931,71.73077204,11.34051417,92.45884346,0.809820706,0,0.006917369,1
1340.760962,28.11411558,376.9430865,748.0503047,70.08408698,9.499139923,57.60940747,0.513605474,0,0.006985869,1
1121.778454,52.53848468,589.3654013,809.9234959,42.24180627,14.50444961,53.22988847,0.003750884,0.066666667,0.011760145,1
2221.241892,29.16713575,647.8726381,868.8407642,70.36578016,12.07236577,112.0537913,-0.000827384,0.666666667,0.00641554,2
3348.706926,48.12414252,1611.536494,932.4613878,51.18052553,21.01489962,78.65782121,0.022681642,1.733333333,0.012220282,1
502.3653799,46.5902045,234.0530578,779.9683119,49.96121021,7.364784652,47.17024066,0.67087531,0,0.005715836,2
3179.600497,34.41865987,1094.37588,820.6350182,61.82202525,18.78015436,125.4830522,-0.561687374,2.333333333,0.015897584,2
3090.582825,14.6130502,451.6284196,778.0073069,83.97642013,12.10327838,153.6137869,0.305364682,0,0.009090237,2
2400.721156,32.6847314,784.6692615,668.6388185,65.48122862,11.57124544,92.15582385,2.140662012,0.4,0.009309152,2
830.5875033,41.43090699,344.119936,731.8738181,53.8117982,10.19973823,42.11492968,0.684597802,0,0.009009571,2
838.7006196,45.14839538,378.6598718,738.4416462,49.92945109,10.75748973,44.60892411,0.237754803,0,0.009353361,2
12434.76839,6.459606356,803.2370893,922.6228758,93.0372818,19.30740886,332.437505,0.217964752,2.2,0.012878768,1
1878.882472,28.98709258,544.6334015,799.9093432,69.9819709,11.44156978,70.79128137,0.635473875,0,0.007172364,1
2355.191433,61.46034436,1447.508765,810.0616068,36.39869385,18.89023221,63.38086659,-0.028745426,0.133333333,0.012853418,2
4423.630236,15.7455822,696.5263351,847.3121068,83.53613509,15.60070077,118.6221206,4.808709541,1.133333333,0.010917692,3
4583.648644,25.93013814,1188.546425,888.8373626,73.25557204,17.80394068,111.1978222,1.054821847,2.066666667,0.010501996,3
2892.513146,48.66388671,1407.609321,993.0376456,50.95058096,19.53931859,78.82893746,1.225956794,1.533333333,0.009859379,3
3940.121543,69.43138289,2735.680875,756.7377581,27.20548084,24.20279174,82.26226681,-0.669618161,2.6,0.017584714,1
4892.767377,62.09667001,3038.245612,771.7157177,35.01287234,26.32497108,93.12227957,-0.699162722,4.4,0.018896967,1
3267.452067,54.2651652,1773.088262,801.7094311,45.08736117,16.65866512,107.4423949,0.371583849,0.6,0.008679687,1
3429.286235,69.06114375,2368.304296,723.1217385,27.51744366,21.96776194,73.93325083,-0.488134493,2.266666667,0.016247184,2
664.8513011,43.13895245,286.8098866,716.8121441,50.48192273,9.276503277,34.05503678,0.76727635,0,0.008483324,2
2102.314397,34.503463,725.3712701,770.2507139,64.58800108,11.90252169,77.06603097,0.373635016,0,0.007312267,1
4171.721395,32.29816943,1347.389644,950.7596953,67.49605205,18.01559421,144.0693276,-0.755209521,1.4,0.007426562,2
2510.588819,25.02132914,628.1826919,785.8248722,73.63664876,12.45251204,69.80450954,0.045487958,0.133333333,0.008277549,2
2146.817708,60.09419456,1290.11281,763.5937038,38.75397565,14.10240481,63.08813787,2.903474841,1.066666667,0.008587754,2
1619.208492,26.62343575,431.0889326,738.2833405,72.11327034,9.221169732,59.50243749,0.322244295,0,0.006260243,2
1557.929504,41.70484638,649.7321063,828.5851802,56.57705599,12.82577085,72.8983552,1.814545528,0,0.00854027,2
1153.597538,26.59776297,306.8311387,845.3994343,72.51976018,8.524188042,62.75317115,1.280161323,0,0.005382711,1
1273.895314,57.56630331,733.3344404,774.9689263,41.26625685,11.05356567,44.24945163,0.034758339,0,0.006298058,2
1411.901947,33.63862181,474.9443565,738.4150015,64.74007335,9.667319424,50.86341585,-0.549602248,0,0.006818276,1
6312.868672,15.58455836,983.8327027,893.4887564,83.16125559,17.83901964,274.9371946,-0.847498955,2.466666667,0.015548389,2
8250.765318,14.96133227,1234.424414,800.4230931,84.38275437,17.28509152,241.457138,0.557921465,2.133333333,0.012730714,1
3436.851049,50.81713911,1746.509379,957.855372,48.59452992,22.28473724,80.11430105,-0.112048905,1.933333333,0.012586556,1
4911.444223,8.601559723,422.4608081,1161.805094,91.25126793,15.44326353,327.3562943,-1.155259885,1.266666667,0.007099052,2
2404.85612,26.1091917,627.8884945,936.5030253,73.79789421,12.38842597,77.86248191,-0.376724628,0,0.004665645,1
2084.048825,61.86138253,1289.221416,803.0688159,35.97218917,18.4382016,66.33501396,0.344588626,0.6,0.012675716,2
3964.674542,46.81681348,1856.134285,1005.673134,52.93797874,22.92421314,90.33667121,0.391559727,2.133333333,0.011750584,1
3970.593505,40.86399728,1622.543222,962.9485526,58.78931462,20.85222691,109.2342194,-0.03944028,1.2,0.011233098,1
730.8105808,42.66529476,311.8024884,726.2859097,51.53996205,10.05225296,37.54826439,0.37261835,0,0.008930149,2
2871.380298,46.22954232,1327.42597,907.9355686,53.29984752,17.12135021,79.98075742,0.201537287,0.533333333,0.00871064,1
4001.530105,77.16689664,3087.8566,783.4425106,19.78895541,26.10268818,79.03911093,-0.65753499,3.866666667,0.018134845,1
2766.377971,21.44854225,593.3477478,949.1885101,78.49917464,12.00347163,68.20498081,-0.024003612,0.2,0.00423929,3
10473.82207,13.96359973,1462.522591,1002.865368,85.95751054,22.21894439,189.2282216,0.46847896,4.133333333,0.0087015,1
3720.815925,68.70934662,2556.548311,729.1779882,27.25640417,23.80358672,78.74027502,-0.49836586,2.133333333,0.018312535,1
1592.621959,29.81884498,474.9014731,855.3049444,69.33762908,10.57129387,60.12109441,1.741662302,0,0.00583996,2
4028.893823,25.48232833,1026.655952,1006.263218,74.30401753,17.90425375,145.6355456,0.241300512,1.4,0.008887338,2
2960.086642,52.11468666,1542.639878,940.7338166,47.26900903,20.6808445,69.90077666,0.200148978,1.266666667,0.011956651,1
1809.635033,34.85103386,630.6765182,757.6498647,61.46976097,14.5612849,122.310117,0.269417466,0.533333333,0.014716876,2
1820.688236,33.18766044,604.2438294,813.1952201,63.2559093,14.53643011,62.01398873,-0.259010914,0.066666667,0.011463348,1
2840.348581,46.60598531,1323.772442,933.6938464,52.7643194,19.89014344,67.41700727,0.068207081,0.866666667,0.011463587,1
3724.858164,25.47258644,948.8177157,858.6192088,73.86793575,15.01739024,136.5132527,-0.381786414,0.533333333,0.008212269,2
1585.94468,15.65144879,248.2233194,637.6211647,81.84148651,8.322053364,101.5090385,6.226051654,0,0.00896186,2
3529.743752,30.10539765,1062.643392,884.4929525,69.53171545,16.06381324,93.67674792,-0.543863752,0.2,0.00866531,2
1913.248249,31.54881254,603.6071036,732.7583366,67.65040569,10.47378889,78.20195958,-0.715756275,0,0.006390855,2
4516.692266,14.68776549,663.4011681,880.8864435,85.06835874,12.93859409,174.464497,10.53569973,0.933333333,0.006702422,2
1932.216516,39.11199572,755.7284411,797.8180353,59.64790994,12.51181102,69.99160533,0.223014581,0,0.007948956,1
4884.871094,29.9776976,1464.371885,646.9610596,66.44391752,18.48299702,170.9570995,0.153255875,2.133333333,0.022688038,1
1433.228832,44.72780607,641.0518124,787.968952,52.87966022,13.41534961,60.07157414,-0.132470511,0,0.010137638,2
982.5128535,51.92324545,510.1525605,907.8282504,47.21302677,10.63402461,91.46573064,-1.016452769,0.2,0.005977884,3
3579.521721,23.15424153,828.811105,902.4073323,76.63970968,14.59493059,98.83354808,-0.309443182,0.4,0.00642738,2
2600.552953,57.57900422,1497.372495,812.8424108,40.52825179,19.44402633,65.71274222,0.065343094,0.4,0.013278576,2
3075.268875,39.75979212,1222.720512,647.3716026,57.66261107,14.45704895,90.53834513,1.212772039,1.533333333,0.013835884,2
4305.726373,20.92674868,901.048537,934.3956328,78.9203384,15.45036684,126.544464,-0.3262005,0.4,0.006565985,2
1530.58956,40.23823791,615.8822687,852.9817684,57.69152337,14.30809399,55.5637381,1.061260018,0.533333333,0.010315997,2
2613.532357,18.48287754,483.0559849,813.9336023,80.47999324,11.28755778,83.87763994,0.879957349,0,0.00716384,2
1145.275706,56.03398672,641.7436368,752.1949538,35.169436,14.73659699,43.25560634,-0.159729957,0,0.013425454,1
2867.4829,15.57915015,446.7294667,804.4103658,83.40963343,11.37473119,73.40727861,0.206727195,0,0.007495447,2
3909.226123,26.96706088,1054.203389,935.5079197,72.88654295,16.51233697,129.3490237,-0.585902601,1.066666667,0.006900656,2
1825.95341,22.51966476,411.1985866,728.4045599,76.03209362,9.887029465,61.99032021,-0.122812796,0,0.007379848,2
1822.766211,34.16423349,622.7341044,807.7510226,62.166754,14.59214081,59.71992785,-0.155105584,0.066666667,0.011658383,1
6862.306688,17.58319151,1206.612527,589.92149,78.15934572,18.96613965,149.1733262,1.063621029,2.466666667,0.023570565,2
9811.227812,13.80957035,1354.888407,1074.301154,86.12107832,21.3568375,189.609031,0.545327949,3.6,0.007866187,1
4235.329887,3.769033245,159.6309915,979.1837347,95.96665041,10.18081115,538.5785488,-1.372801293,0.6,0.0057102,2
4238.716918,20.71003686,877.8398359,885.9374005,79.04336258,15.19912729,103.9234988,0.617933839,0.666666667,0.008215623,3
6030.213555,27.916562,1683.428306,760.0893151,70.00593109,20.94911219,168.8801424,0.621221418,3.2,0.016310107,3
4881.080943,63.82750454,3115.47216,786.0848955,33.73984385,26.03625864,86.76911775,-0.61263345,3.666666667,0.017558021,1
2392.294363,49.10074604,1174.63438,827.4722802,50.43954372,14.23992343,68.4637812,0.010561349,0.2,0.007300009,1
3027.694603,46.54423685,1409.217347,801.5300878,51.62462749,18.58122218,67.05568864,-0.502492158,0.2,0.012375315,2
3575.224319,36.60329012,1308.64973,1009.390567,63.27406943,18.63324528,133.3033957,-0.449847437,1.6,0.008671618,1
2997.483263,33.01902496,989.7397469,743.3638174,66.01070368,13.12906377,85.9544791,0.320072823,0.4,0.008506868,2
1945.745872,39.76598247,773.7449623,697.449046,47.68102897,18.3780126,73.74722781,1.314434904,2.2,0.019708653,2
1691.643714,36.2518455,613.2520654,719.7057775,60.73072071,11.66878778,69.97028148,1.822622514,0,0.010066602,2
1129.612061,33.17262398,374.7219616,903.212692,65.92569519,10.25677611,46.50350455,0.293514391,0.066666667,0.006383183,1
1478.650415,25.69713699,379.9708227,725.7302087,72.4561364,9.305229128,60.68888043,0.054349713,0,0.007210797,2
4441.748817,69.89011909,3104.343538,782.9806761,27.36303256,26.26454482,81.6429171,-0.627915141,4.066666667,0.018280811,1
2045.6946,54.66061557,1118.189261,787.1233784,43.77134655,14.59199039,69.72193268,-0.068280042,1,0.009046281,2
1087.043409,48.47672984,526.9630965,740.2143774,46.1146603,12.30688624,73.09419706,-0.340895688,0.066666667,0.011442739,2
1157.564695,18.25536628,211.3176751,850.5890582,80.65688947,8.299381999,62.33633832,2.117928752,0,0.005384886,2
5097.659968,38.10344888,1942.38426,1135.365375,61.87137116,22.85993327,152.2639275,0.786128714,3.066666667,0.008241333,1
3647.511426,65.95366193,2405.667355,731.1027946,29.87491697,23.65888812,81.34730401,-0.617775265,2,0.018305693,1
6606.594196,16.15277805,1067.148497,1043.791048,83.66624139,18.20152514,320.7036194,-0.576772051,2.866666667,0.008546147,1
3810.979351,2.834912513,108.0379305,1263.752187,97.04987899,11.47397481,556.0666517,-1.8164928,0.6,0.004888146,2
2461.519682,41.78966163,1028.660746,977.1718783,58.00860154,15.59583098,85.40072961,-0.112553185,0.4,0.007229622,2
3378.366253,24.90934689,841.5289692,673.7614025,73.64442044,12.43423897,102.0477183,1.824534307,0.533333333,0.010235449,2
3610.30908,21.01177739,758.5901068,931.0907081,78.92798033,13.95260916,79.565653,-0.433676431,0,0.004624988,1
3134.909477,15.74901202,493.7172704,811.29073,83.27742348,11.85336246,75.00699808,0.111192519,0,0.007462511,2
2294.725287,24.91371234,571.7012569,825.8535035,74.15050854,12.27179524,74.9708969,-0.050217131,0,0.007912635,2
3217.729636,69.96411819,2251.256165,718.0396026,25.52572092,22.06541589,69.05091174,-0.376848519,1.8,0.017782375,2
2917.12608,22.57677406,658.5929642,866.9353313,77.13630032,12.37753084,98.50215675,0.945256588,0.133333333,0.005799795,2
4078.845083,20.5042798,836.3378086,768.889794,78.47188476,13.64277053,110.8029433,0.709570928,0.266666667,0.009655864,2
3707.24517,20.3277552,753.5997226,933.7038014,79.59260988,13.63353955,92.65096615,-0.296864092,0,0.00484812,1
2859.142186,55.81025259,1595.694476,833.4493051,42.83484264,19.48785049,79.59236614,0.318890706,1.266666667,0.012396241,1
5242.824842,45.74545664,2398.354165,1020.204972,54.19198216,23.74085418,102.8159624,-0.004275252,3.333333333,0.009793727,2
2208.069471,27.53627205,608.0200167,948.5203367,72.32140518,12.26940457,76.38128779,0.115041547,0,0.005397803,2
1917.437543,21.90572233,420.0285441,749.7104421,77.12463648,9.301100931,86.61399649,-0.879789477,0,0.006516374,2
3365.974885,55.16746723,1856.923092,817.5078586,43.17367747,20.83552875,69.35187856,-0.474343823,0.666666667,0.013579229,2
3009.784103,31.38267704,944.5508249,619.4456468,63.12590082,15.06256168,104.7485991,0.105972889,1.533333333,0.014415126,3
2558.376055,25.76755454,659.2309452,872.7744294,73.90093117,11.98909738,82.12499214,1.395881009,1,0.006228077,2
6800.363166,12.31267465,837.3065914,946.5409834,87.61000044,16.30890296,161.7030267,0.965419691,1.466666667,0.006075189,3
1520.374387,59.21588242,900.3031093,793.9272005,39.77711297,12.14187458,49.3763818,-0.037895248,0.266666667,0.006827027,2
1115.262606,55.14234469,614.9819506,693.4617323,42.21014142,9.985973933,43.17307112,0.616008371,0,0.007491354,2
6169.497081,13.1232894,809.6409564,958.6649084,86.09354215,16.61783199,301.8207949,-1.025020559,1.6,0.013010732,1
1816.286567,43.00434833,781.0822018,768.8497837,52.12230331,16.04457298,64.39484071,-0.435172408,0,0.013671697,1
2454.876051,21.73586753,533.5886065,929.64634,78.02874084,12.26602264,69.20268998,-0.18266616,0.133333333,0.005897324,2
1741.960705,21.56658193,375.6813827,608.6201527,76.65225128,8.659864252,72.09019982,6.83324155,0.2,0.007600094,2
2387.100877,50.02393224,1194.121725,681.6533288,44.71040019,15.18800015,81.0277678,2.822769063,1.6,0.013744987,2
2143.890416,43.81765293,939.4024614,668.0850458,54.50919549,11.8546619,64.50881136,2.825165706,0.466666667,0.009101258,2
1846.395371,56.39670635,1041.306176,814.0692257,41.39246521,17.32687764,53.65937854,0.057732559,0.066666667,0.012225134,2
3153.117538,18.19031611,573.5620473,705.7962056,80.20113997,11.71264335,112.1013012,0.603632333,0.266666667,0.009456471,2
916.1477324,32.84677744,300.9250067,764.2306885,63.31365856,9.570765967,44.08095009,-0.034197581,0,0.007873898,1
2995.681364,25.67458492,769.1287557,896.7946315,74.00155362,13.91582152,106.0798318,-0.033543813,0.466666667,0.006456381,2
1194.027895,59.71705734,713.0383226,782.9225117,39.08788848,10.94054089,47.90345175,-0.419526088,0,0.006309864,2
3569.930107,25.5289864,911.3669715,776.2620124,73.14909257,14.90652315,108.9153134,-0.500254254,1,0.012314821,2
2057.522911,24.25296385,499.0102879,1107.672683,75.74323591,12.17449274,72.88682542,0.673998921,0,0.004104654,3
1998.577598,57.98563271,1158.887865,830.1542844,41.29631012,14.574197,60.6798406,-0.1591235,0.133333333,0.007897256,1
1896.451135,25.22610422,478.4007398,822.629219,73.26729842,11.73425866,60.02704469,-0.323752123,0,0.007761893,2
1475.947266,27.83134312,410.7759478,766.0297637,70.63476463,9.559483215,59.73596943,0.042633937,0,0.006632538,1
2835.608192,18.43807505,522.8315665,898.3749217,81.19667021,12.32066744,91.466065,0.938455443,0,0.006514538,2
4586.33648,29.15590062,1337.187706,889.7027588,69.93060925,17.77218448,109.9420565,1.195775214,2.066666667,0.01050038,3
2486.677168,37.20810295,925.2454008,752.6357917,58.88529679,16.30920446,83.70994015,2.048286316,0.066666667,0.013921558,1
1564.007788,35.18802731,550.3434875,738.5883086,62.55841805,10.76896239,72.65944145,2.349973659,0,0.008798542,2
1556.005089,34.06929764,530.1200051,830.8791406,65.19291975,10.51805507,67.56340828,1.718954588,0.133333333,0.006044344,2
1619.765499,56.47100214,914.6978096,780.3367774,42.64185178,11.80590193,50.40922871,0.033683203,0,0.006316757,2
3686.174453,30.664594,1130.35043,916.2964006,69.03323082,15.83527112,136.5035321,-1.000886351,0.4,0.007726772,2
2552.127427,22.44875582,572.9208544,953.9077639,77.43927142,12.41602731,66.4316704,0.198338644,0.4,0.00492022,3
2080.339873,25.0327594,520.766475,843.6972502,73.35358891,13.49844308,65.39898968,2.008425805,0.133333333,0.00966689,3
3436.088581,68.67901454,2359.871776,724.6454069,27.21837231,22.43979652,69.25826617,-0.063117047,2.4,0.017335802,2
3032.540558,24.92629052,755.8998695,931.036282,74.99758068,13.13412843,82.2049378,-0.455517738,0,0.004821841,1
7798.127619,9.713302827,757.4557504,973.3623121,89.57433704,17.26208282,382.8777516,-0.380670371,1.6,0.012209075,1
2116.752177,47.48865316,1005.2171,970.4611421,52.22213784,15.43531739,87.46930036,-0.222346834,0.4,0.007243467,2
2329.443623,66.82446886,1556.638328,825.4831745,31.74522589,18.7342237,60.16192377,-0.200562823,0.4,0.011575334,3
1993.509936,17.32656883,345.4068712,651.7610421,80.31104957,9.13723699,103.6304576,4.324956624,0,0.009412455,2
6281.66007,12.86480462,808.1232951,971.9972977,85.98022303,18.4525471,260.8659619,-0.463736801,2.933333333,0.014172711,2
2231.258162,24.26968521,541.5193323,836.7691453,74.60290306,12.00430153,62.50287995,-0.02470399,0.2,0.007557991,3
4337.560414,47.83628434,2074.927733,1019.24567,52.01884869,22.36414634,94.78840307,-0.333970214,2.733333333,0.009975684,2
4078.199757,73.59830089,3001.485728,760.2218559,24.03199013,23.22598666,83.602747,-0.699339124,1.733333333,0.015669993,1
7336.552593,19.17929723,1407.099229,1037.043127,80.68786113,21.54779493,226.7603129,1.839066498,3.733333333,0.009729878,3
6569.255421,8.185284878,537.7122706,1029.27515,91.204866,15.27228497,386.3492416,-0.773617313,1.2,0.010771582,1
1271.369684,19.91783836,253.2293585,842.2289393,78.60637254,8.676458125,53.3457058,1.142387313,0,0.005925704,2
2807.62661,24.52353157,688.5291981,737.5205549,74.27779259,11.92580445,86.20172584,0.299870421,0.2,0.008432949,2
6079.67853,19.25987854,1170.938701,1005.034383,80.61318519,17.91213688,154.0574675,-0.100565886,2.266666667,0.007489764,3
3631.36479,29.24218251,1061.890319,875.4963523,70.30224941,15.8026155,93.0296648,-0.600999329,0.2,0.008729276,2
1828.60209,49.3698546,902.7781932,840.6437602,50.19113515,12.96043098,58.80902726,-0.40510713,0,0.006571202,1
3831.508369,52.36531938,2006.381594,1004.890325,47.43050884,22.54588646,99.07175357,1.292696905,2.4,0.011191189,1
3719.129721,20.65042905,768.0162443,931.141852,79.2635421,13.95176052,93.67495579,-0.320996535,0,0.004876225,1
2540.495918,25.54231989,648.9015942,839.7816323,73.47953642,13.1587258,71.82141369,-0.118101585,0.066666667,0.008093511,3
1670.158207,36.56443248,610.6838699,788.2087136,61.98419417,11.83954721,66.11508863,-0.186782889,0,0.007737386,1
9857.825351,8.266003235,814.8481624,1046.897542,91.55570608,19.09926169,252.8466569,-0.212585349,2.8,0.009088378,3
2363.83058,67.0017993,1583.809021,832.0592111,31.56356859,18.44354164,60.77862325,-0.129326348,0.266666667,0.011198007,3
3004.647088,20.55587464,617.6314887,800.96145,78.38971492,12.47214467,85.03059376,-0.033310247,0.133333333,0.007995089,2
9426.478753,8.229999936,775.7991954,919.4421103,91.13979857,18.06215719,313.8205987,-1.065999926,2.733333333,0.013567867,2
3231.461982,38.72408288,1251.354016,973.6926384,60.95401117,18.21163753,94.3237536,0.373244892,1.266666667,0.009101542,3
2402.714217,23.9523749,575.5071171,871.5839362,75.14245592,12.88689996,74.0649191,-0.042849345,0.066666667,0.007903905,3
2283.058414,26.48068467,604.5694994,777.9686328,72.27796927,11.89831965,61.99938532,0.223471932,0.2,0.008014329,2
1451.901852,28.10975863,408.1261062,715.3470833,70.21237038,9.415319654,60.92531497,-0.147428226,0,0.007132678,2
5447.419069,22.51054622,1226.243787,651.7056177,76.17509624,15.56954257,140.2569496,-0.42212307,1.266666667,0.022218466,2
6207.099371,21.35388538,1325.456885,995.4420203,78.22699216,20.74779911,175.3752737,0.031991038,2.866666667,0.011527509,2
1814.905984,29.83759624,541.5243197,875.0240154,69.20064022,11.92555332,87.68973021,0.121041289,0,0.007429057,2
1925.258177,31.02172483,597.2482941,794.2178344,66.07425263,14.39007337,111.7638264,0.563295117,0.8,0.011982381,3
2470.633923,30.64892819,757.2228167,865.5908276,68.78995801,13.16960182,90.84709009,1.405641624,0.4,0.007464907,3
7037.441226,13.85611554,975.1159875,955.8338526,86.04259099,16.82587271,158.982223,1.234510511,2,0.006742611,3
4961.591731,8.39090027,416.3222139,1259.899982,91.56065538,14.61812321,294.4571107,-0.671739802,1.066666667,0.004628489,2
2141.094465,26.85340896,574.9568529,949.8090122,73.00879705,12.10279913,57.04253632,0.268527647,0.2,0.005668723,2
3186.059863,24.52652185,781.4296685,928.6628812,75.39893294,13.21592521,83.15184022,-0.448951447,0,0.004757042,1
1205.212085,34.83249317,419.8054173,743.1668879,61.4896047,10.7509765,48.24390551,-0.234345296,0,0.00906121,2
1224.166071,27.25335684,333.6263476,643.1244282,69.0969387,9.094773941,72.23239671,7.27309575,0,0.009560942,2
5643.479303,16.59969042,936.800093,888.6171534,82.81067591,17.28007776,177.6877483,2.111099048,1.666666667,0.010323126,3
1396.487944,27.75827241,387.6409277,771.5796106,69.85735204,10.28487525,51.90430308,1.660222431,0.066666667,0.007788909,1
4240.978552,42.86051193,1817.705118,980.1259809,56.9024265,22.44374949,105.2283374,-0.038670532,2.2,0.011381631,1
639.9327818,41.51820588,265.6886099,717.9132349,52.10688547,9.277188223,33.75335313,0.56665236,0,0.008398793,2
3277.324714,73.78139957,2418.056042,716.3255456,21.71555875,23.17349986,72.10974285,-0.498232233,1.666666667,0.01817655,1
9151.15812,9.27749629,848.9983551,924.9373287,90.21745493,17.66440256,307.5877279,-1.046260666,2.6,0.011925225,2
712.6634079,55.26891297,393.8813186,564.0301229,39.73522615,7.948642649,41.89171707,1.027308359,0,0.009123642,3
2372.526637,33.98316908,806.2597384,803.8087923,65.33943026,12.82757743,85.27791957,0.087901871,0,0.007404328,1
4566.598282,37.30969652,1703.78396,1017.347592,62.5743102,20.99657298,100.9580387,-0.354429783,1.933333333,0.009157908,2
2489.094582,27.36060137,681.0312464,886.5784328,72.31058416,12.45045741,87.21028627,0.723072677,1,0.006307511,2
7775.501357,14.79983617,1150.761462,960.2625829,85.03377935,16.83505354,217.4177863,1.714106795,1.266666667,0.009910828,3
3054.591292,63.35118386,1935.119745,701.9862357,32.26180052,20.48056964,67.55456982,-0.213364281,1.2,0.016652146,2
2216.662275,62.44543129,1384.204318,810.0515464,35.06120928,19.34642613,62.64626432,-0.194770735,0,0.013752553,2
3320.566063,19.1218943,634.9551328,881.8137214,80.37985391,13.48171874,99.90610203,0.042637095,0,0.007323829,2
2849.199469,29.89962779,851.9000363,902.8833468,69.20040582,14.94102976,114.5951922,-0.691727873,0.733333333,0.008434095,3
2138.371246,30.59642544,654.2651639,774.7699456,67.68877147,12.02721137,62.04519433,-0.074259181,0.133333333,0.008261686,2
1493.309601,33.38971241,498.6117813,840.1778265,64.71875976,12.73999847,59.01571732,-0.06113277,0.133333333,0.008965919,3
5796.224383,17.23771243,999.136491,858.7234558,82.13697354,17.57882503,131.1466373,4.511568775,1.666666667,0.010558896,3
5510.531937,9.41234494,518.6702739,831.9832585,88.87414562,16.05362631,291.0268967,1.677462051,1.4,0.017898509,2
810.3216536,36.50776832,295.830352,731.9622941,58.26301376,9.990759234,40.11660096,0.207647015,0,0.009074834,2
2576.877406,54.90458271,1414.823787,803.7814157,42.7936308,18.47422794,68.81671221,-0.17961265,0.266666667,0.012825895,2
4803.561894,62.58771249,3006.439507,778.2654624,34.9113601,25.99141176,91.58669062,-0.746505414,3.666666667,0.017898231,1
6992.49465,17.87085915,1249.61887,937.9168494,81.91841908,17.02295709,213.5673191,2.135746285,1.333333333,0.010300484,3
2011.747508,22.25580589,447.7306204,616.270268,76.1527875,8.883583404,72.26663487,5.773108942,0.2,0.007407122,2
2210.259459,57.19140584,1264.078457,781.0830338,41.76413421,13.91099951,65.24805205,1.119046362,0.866666667,0.008003648,2
2473.533306,32.67436459,808.2112907,763.5587412,66.39151191,12.08875919,72.64898841,-0.427184207,0.2,0.00737593,1
1039.208705,45.21231063,469.8502679,745.348413,51.35115912,10.54651182,62.16615348,-0.479390996,0,0.008322222,2
4635.891214,35.05951146,1625.320812,741.0261672,61.03074894,20.72319414,150.3693281,-0.434851254,4,0.018058443,3
6147.159626,13.11156188,805.988638,959.4688452,86.53019524,17.15089554,236.0717379,-0.379341528,1.866666667,0.009433818,3
6377.987629,8.593124937,548.0684454,1006.48181,90.7976903,15.79707148,366.2960441,-0.341228528,1.333333333,0.010343614,1
2177.706414,49.90923417,1086.876594,865.3515144,48.63619935,16.78770871,68.43398124,1.898308926,0.8,0.0103936,2
3146.888144,30.68465497,965.6117694,817.549762,65.38011239,17.56933459,121.4914267,-0.429465233,2.066666667,0.015486792,2
1751.851982,27.31124935,478.4526629,731.1285837,71.60823625,9.350066945,59.66282958,0.117446512,0,0.006383819,2
3939.977346,70.37287944,2772.675508,760.660558,26.92379492,23.17756098,82.78958238,-0.699748341,1.8,0.015790984,1
1063.185812,37.8548825,402.46774,950.2909554,61.79633893,9.636121237,64.58095772,-0.104963863,0,0.004919389,3
3230.192546,31.88250685,1029.86636,913.5830091,67.74358204,16.61565995,97.08033804,-0.213698696,0.733333333,0.009220068,2
5501.378741,16.94018152,931.9435449,918.9701736,82.93752582,15.65857824,148.8807871,0.38753018,1,0.006948722,2
3657.184382,65.91290542,2410.556483,733.7631858,31.4426149,21.38735079,80.35522842,-0.590688401,1.066666667,0.014998946,1
8148.767022,4.221136969,343.9706173,1131.176067,95.7474288,14.92695903,266.6006866,-0.401366172,0.666666667,0.004507483,3
2635.319994,28.66145629,755.3210882,666.7500173,69.70650411,11.3195372,89.37499115,2.064054196,0.333333333,0.009251919,2
1973.726167,54.53731066,1076.417171,807.6519142,44.58449249,13.55240064,62.30559826,-0.316456427,0,0.007498022,1
3370.237331,55.1540155,1858.82122,801.2766634,44.23091556,16.76665503,107.6626084,0.331861299,0.6,0.008674635,1
3015.593186,52.24870829,1575.608487,1017.375512,47.62224763,19.76217242,71.08292042,-0.275710694,0.933333333,0.009187781,1
2847.783712,61.44478854,1749.81468,701.7221928,34.60387815,19.4963874,69.43177944,1.0281911,0.4,0.015659218,2
2269.170864,35.13326542,797.2338225,808.6892215,63.09227231,14.03442936,82.74570024,0.527792418,0.866666667,0.009687438,1
1040.012818,53.05484437,551.7771819,889.1353495,46.0337201,11.09708383,101.2990866,-1.342331967,0.2,0.00654321,3
4401.258205,32.17245496,1415.992814,990.096356,67.68749944,18.70354859,150.0590273,-1.08977061,1.533333333,0.007531905,2
2508.573873,30.60840909,767.8345534,775.9875471,67.7249123,13.09301646,98.96944186,2.241400548,0.333333333,0.00928625,2
4714.841186,16.52215661,778.9934448,655.1052233,80.66512233,14.81701699,139.2321323,2.295845239,1.466666667,0.018672106,2
6699.243564,14.9837678,1003.7991,716.1334712,83.434762,16.88291832,175.9827493,-0.558409663,2.4,0.015609474,2
921.6938675,31.42386263,289.6318148,878.2830779,67.44936526,9.064368442,46.15418452,-0.108149201,0,0.005832154,1
6001.657825,15.07969088,905.0314476,674.5119412,82.98428317,17.01250573,152.7456123,-0.516432597,1.533333333,0.016256123,2
806.7080762,35.55312639,286.8099419,730.7165393,59.72565486,9.658189193,42.8899769,-0.108937985,0,0.008611449,2
6406.236745,17.80787719,1140.814772,1019.766961,82.11416946,17.84254293,179.603899,-0.368349371,1.866666667,0.006808262,3
3968.139816,37.20168657,1476.214937,874.6161148,61.91827883,18.62155033,93.48738205,1.08599835,1.866666667,0.011462028,1
1694.646562,62.43039114,1057.974477,814.4997612,36.85372395,13.09191971,54.93589161,-0.418234943,0,0.006935038,1
1479.901621,26.71835944,395.4054344,712.6887515,71.66642976,9.465471016,96.58335348,11.32576827,0.266666667,0.006942934,2
3401.400777,62.42739803,2123.406002,722.6750387,34.40566342,20.7632598,85.51045085,-0.701805697,1.466666667,0.014689103,1
1455.416812,58.78123119,855.5119213,793.7890801,40.32505004,12.13857901,48.81008435,-0.223861912,0.133333333,0.006630198,2
7471.927251,20.73906175,1549.607606,791.2611816,78.26978113,19.30871533,238.7705043,1.50301603,2.866666667,0.013839062,2
7579.922622,13.99576892,1060.868455,941.4983589,85.52341613,19.19646757,170.369356,1.600454375,2.466666667,0.010582071,3
2743.306072,16.50946931,452.9052741,785.6726379,82.58528879,11.19637918,73.39612872,0.822547434,0,0.007322819,2
5371.281083,20.69958593,1111.832943,651.3891908,77.97590057,15.26896427,132.9050513,-0.175142743,1.266666667,0.020505923,2
1479.618975,25.75545285,381.0825674,759.8332865,72.60949646,9.576513259,54.21519998,0.806322781,0.066666667,0.006938391,1
4264.128024,19.67974032,839.1693222,815.2407342,78.96593942,16.3587371,187.918512,19.97171809,0.866666667,0.011310873,2
1380.171176,46.10508217,636.3290547,733.1129197,48.79287298,12.77282638,64.28383556,-0.1944866,0.066666667,0.011487158,2
4051.397882,64.45203142,2611.208236,751.7645134,32.73306606,23.93509562,82.10709006,-0.795647372,3.466666667,0.017200997,1
524.4664763,46.036987,241.4485635,778.1418427,50.90848642,7.471318966,48.92008299,0.221057535,0,0.005745957,2
8153.877515,11.62902796,948.2166958,905.1553395,87.52766189,17.32766231,314.5661114,-0.36858337,1.6,0.012437259,1
2702.146953,49.09063316,1326.501048,833.4276288,49.41737848,19.75374707,69.34290808,0.372971349,0.866666667,0.013443038,1
6612.369878,12.06156405,797.5552279,1155.850234,87.93105677,18.59995773,162.429531,0.063532742,1.333333333,0.005561271,3
4287.726557,25.97471121,1113.724591,1067.102792,73.98796818,17.81023904,97.91817642,-0.182273956,0.733333333,0.007027383,1
1232.192834,44.81688467,552.2304413,784.0682583,47.96298839,14.76826429,61.89071114,-0.099150244,0.066666667,0.012997236,1
4513.738099,47.11062424,2126.450195,1020.199818,52.75807705,22.25124848,95.57973416,-0.362832638,2.733333333,0.009945402,2
9203.587878,9.266619921,852.8615077,924.3618937,90.26938731,17.62997803,308.1985406,-1.049070223,2.6,0.011822948,2
961.5016568,41.84828187,402.3719235,748.9408596,55.41687736,9.802746735,64.66115819,-0.667996959,0,0.007708433,2
4317.771218,24.07477076,1039.493523,902.4609347,75.60762234,16.10161973,108.9233356,-0.58342835,0.866666667,0.008050362,2
2666.588299,16.22358904,432.616327,799.8919624,82.64477397,11.04145243,73.04266542,0.334867718,0,0.007204833,2
4168.339708,25.00883421,1042.453167,1022.269364,74.90083059,16.92410903,164.2551233,-0.669239054,0.866666667,0.007168296,1
4433.507611,20.73030486,919.0796438,654.2918058,76.77283107,15.30721002,139.3755184,2.292815151,1.6,0.019216442,2
771.0978407,58.18815775,448.687628,680.0376479,37.68599026,8.988583806,42.37030409,1.731637326,0.133333333,0.007276765,2
1580.981668,35.38648854,559.4538968,735.5281289,62.3704372,10.86368945,73.47153159,1.975242813,0,0.008956563,2
2932.729422,48.75313995,1429.79768,813.0899389,50.53591033,15.34414758,82.14226139,3.16001646,0.2,0.008560954,2
1029.601382,39.1843983,403.4431065,740.1348787,56.22326065,10.93429368,44.86518202,0.262807094,0,0.009610045,2
2937.863448,50.70320506,1489.590928,1025.757307,49.16190212,19.26791803,72.70529564,-0.317161699,0.533333333,0.0087959,1
2308.575563,25.05127334,578.3275746,960.9200036,74.85942451,12.1036015,65.25420007,0.244002209,0.2,0.005246156,2
2766.593549,25.82257151,714.4055977,716.5473437,70.70152456,14.16779036,65.86661523,12.29941109,0.666666667,0.012279975,2
2207.678775,55.09964329,1216.42313,702.8064351,39.539766,16.75692938,69.64752589,3.241538189,1.466666667,0.0148595,2
1272.865477,41.21002272,524.5481523,782.6789906,54.14500658,13.49303598,53.68875133,0.796702489,0.4,0.011118578,2
2509.259619,14.94616243,375.0380186,726.0822062,83.84970288,9.78762959,72.13757787,6.168247531,0,0.00755652,2
3444.127583,47.73751916,1644.141065,905.8545243,51.88685474,18.11604901,79.66671975,2.728956105,1.2,0.009018164,1
5960.574546,8.583388121,511.6192475,1204.829595,91.30709198,17.20185674,284.5032986,-0.982803668,2,0.006627918,3
1647.848354,24.70235244,407.0573083,887.410803,74.66823798,10.3848882,65.79494666,0.373895765,0,0.005573549,2
3913.998256,24.85232717,972.7196519,914.9452826,74.71381252,16.56958552,105.3384346,0.481540769,1.4,0.008743584,3
1678.52524,27.57982136,462.9342627,856.3479096,71.76161161,10.54870248,61.3377411,1.664336078,0,0.005735905,2
2307.854044,53.01003606,1223.394261,707.0166871,41.27939908,17.44079455,72.63599015,2.784092242,1.8,0.01578066,2
963.361255,53.22193035,512.7194561,692.1414618,43.81417599,9.54092088,41.80368987,0.83131591,0,0.007105999,2
1532.532529,32.21546955,493.7125504,754.201705,66.54916659,9.973496785,69.22126066,0.037979365,0,0.00686794,2
6065.593985,19.71041154,1195.553537,957.1424599,80.17632013,17.38576221,178.3922251,-0.603721156,1.8,0.006963457,3
2615.324573,32.75378559,856.6178031,656.6459671,65.49126407,11.81304365,79.53704273,2.707327525,0.466666667,0.009582918,2
4436.817852,49.00769931,2174.382352,916.7227053,50.46747667,21.07582245,124.0247775,0.396150061,3.466666667,0.010957286,3
4385.6771,39.45992342,1730.584825,1017.62095,60.43643549,21.2581879,88.2437252,-0.352731225,2.4,0.008908451,2
1145.263886,34.94407,400.201814,788.9442081,61.52154496,11.82927235,56.20640148,-0.144298729,0,0.00973566,1
3300.311921,67.24777296,2219.386268,724.1609477,29.24202337,22.03988719,74.51591793,-0.536970748,2,0.016454084,2
761.5350639,46.68324084,355.509248,725.9765128,48.10122455,9.857826965,36.23481053,0.754132547,0,0.008634514,2
827.7750976,32.12769973,265.9450978,768.9685589,64.35663208,9.126525509,44.65806101,-0.170558742,0,0.007403399,1
719.6166852,37.99921398,273.448684,824.4414124,58.90166159,8.780646328,49.71600982,-0.853397826,0,0.006549548,3
1077.53708,54.07461196,582.6739945,895.4525421,45.08795738,10.92945275,98.12139236,-1.294420235,0.2,0.00627173,3
1097.531506,44.21886723,485.3159994,743.3783178,52.07080565,10.54608805,62.32848107,-0.520578666,0,0.008341692,2
817.160864,36.26138539,296.3138501,732.4016205,59.13810534,9.768170425,43.57704377,-0.148504565,0,0.008884918,2
3744.818235,53.22379097,1993.13423,792.1173076,43.64342831,21.29257808,155.9372585,-1.069541847,3.266666667,0.016106563,3
2194.087043,48.20129135,1057.578288,858.8245837,50.24653439,16.68549564,69.06903596,1.481934546,0.8,0.010656401,2
2630.203252,16.58919581,436.3295675,801.9080907,82.25978837,11.20726051,73.65824633,0.218134258,0,0.007401061,2
1586.114328,58.67974886,930.7279041,789.6289561,39.60381445,12.97508146,51.56132716,0.254413347,0.333333333,0.008280746,2
1883.201734,42.38101957,798.1200955,831.6129269,56.05064643,14.26248715,78.57222668,1.340246867,0.4,0.00929111,2
1802.220434,48.55751352,875.1134307,760.5804244,45.92039335,16.26155695,59.8717199,-0.325906414,0.066666667,0.013934517,1
2000.050257,46.55496805,931.1227584,862.5477081,51.46681942,16.31438172,65.09141509,1.905244118,0.533333333,0.010794096,2
2327.899373,21.04344664,489.8702625,751.6980311,78.13021413,10.19057967,169.2216247,3.44560542,0.2,0.006621083,2
690.3366991,48.90331329,337.5975187,725.0251379,45.4671748,9.804507226,34.47719442,0.858561123,0,0.008653763,2
1926.449027,39.64748803,763.7886475,761.4652563,59.25768328,11.82757394,72.41189485,-0.161220859,0.2,0.007624102,1
1603.820972,45.38089696,727.8283426,826.3870488,48.40881918,15.34098173,92.97042548,1.718548668,0.733333333,0.013257872,2
3527.720541,22.20865381,783.4592425,931.6044833,77.72454669,13.97320347,79.4878116,-0.475339278,0,0.00468739,1
8193.952708,10.19983302,835.7694939,755.3967497,88.75275459,16.06187292,208.9518029,0.161780126,1.533333333,0.015203129,1
1581.667258,61.35317216,970.4030357,786.7614254,37.71665118,11.9000406,51.67736518,-0.199485932,0,0.006361319,2
3595.355459,69.3114849,2491.994256,723.1384285,26.81253432,22.53131526,73.19427287,-0.646268826,1.666666667,0.016721821,2
7087.968361,7.879572136,558.50158,1047.002125,91.45693804,16.11538348,380.7210545,-0.749511185,1.466666667,0.010728494,1
3120.133824,24.50855055,764.6995756,831.9926361,74.64500645,13.62088821,130.3289731,1.163917929,1.066666667,0.009629066,2
5008.743846,13.45858872,674.1062345,1143.17507,86.53726802,16.93935963,104.8953553,-0.627404102,0,0.004860826,3
4558.767492,19.58042665,892.6261249,940.967973,80.09929058,15.76317177,121.0312723,1.495246259,1.133333333,0.008058715,3
4135.475708,41.60038466,1720.373802,983.2171358,58.10901667,21.57939076,107.5157412,0.525242886,1.333333333,0.011354593,1
2276.084901,29.003141,660.1361131,775.1279271,69.34614662,12.03089908,62.01462834,-0.067544428,0.133333333,0.008259408,2
1370.034331,47.41305279,649.5751005,733.709175,47.319352,12.77180739,63.12313686,-0.452371091,0.066666667,0.011539549,2
2779.661187,25.57186507,710.811208,871.052889,74.15753334,12.82225167,73.46696991,-0.430543481,0.133333333,0.00537858,2
1043.365597,34.21092597,356.9450321,830.4709348,63.34447617,9.727638689,49.8250101,-0.400205474,0,0.006882218,3
1660.971549,28.8477396,479.1527472,799.0939871,68.50977017,12.14386476,104.8190457,1.711492561,0.6,0.012214251,1
5404.114041,11.26232089,608.6286647,739.655641,88.46439447,11.34849725,242.5449003,-0.875967027,0.933333333,0.006880914,2
3559.980009,70.73244911,2518.061049,726.2124422,25.40671456,22.90432123,73.70126985,-0.419861637,1.6,0.017248762,1
870.5842612,38.69992431,336.9154501,778.6581799,59.93059026,8.19046606,60.10813041,-0.536259677,0,0.005421433,2
6405.295781,12.39358673,793.845888,971.3873146,87.31371468,17.05170858,238.1132809,-0.584206867,1.866666667,0.009175259,3
2636.868931,33.57135509,885.2326318,772.2585442,63.13335941,16.59304403,108.1980026,3.176885404,0.266666667,0.013708364,1
3776.833142,32.59745028,1231.151305,867.7520282,66.3814718,17.71242549,88.50907094,1.235816696,1.6,0.011131137,1
798.6526085,32.72218837,261.3366109,768.1458965,63.53677398,9.255442164,43.72822203,-0.055025843,0,0.007645834,1
8994.064113,8.526752807,766.9016142,816.7670509,90.63418991,17.22516985,257.9250169,0.190113114,1.866666667,0.014105158,1
4618.774415,51.16172657,2363.044737,1026.650442,48.76243302,23.43956876,93.43044417,-0.224002197,3.533333333,0.009567146,2
2796.476855,24.64566139,689.2102164,908.2929905,75.29614516,12.29558009,70.50094699,-0.304325714,0.133333333,0.004318208,2
7763.349944,15.57942706,1209.485442,940.4892712,83.83125768,19.67407305,328.6089826,-0.937472527,2.666666667,0.012643801,2
2391.170701,21.90742202,523.8438567,842.9047262,77.03189954,12.5135039,65.55621269,0.010655557,0.066666667,0.007779194,3
6729.552545,16.27479886,1095.221141,918.2780405,83.62605289,16.77364563,155.78496,0.278910348,1.533333333,0.007489176,2
2973.326735,18.42709905,547.8978625,1071.85476,81.53174927,13.55730348,121.9869492,1.278316454,0.2,0.004728424,3
2223.941996,69.243791,1539.941747,824.7789905,29.31879665,20.78717792,57.39905126,-0.147821804,0.4,0.013877558,2
5878.03358,12.08404526,710.3042379,1039.84911,87.19800392,17.51561614,303.7994755,-0.431773829,2.133333333,0.014037829,2
1936.485711,58.54701558,1133.754591,819.0336588,39.68311559,17.95022614,53.82297548,-0.190776646,0.066666667,0.012320962,2
5207.98089,17.12139317,891.6788843,1128.438308,82.87266243,18.34169652,117.9113381,-0.14951936,0.266666667,0.005365999,3
2215.209598,39.58472694,876.8846706,751.6195582,58.26906627,13.39456923,104.2529782,2.586262685,0.133333333,0.009674913,3
4491.985834,39.29612909,1765.176552,1074.613736,60.68006539,21.09981751,96.15121206,-0.364749575,2.133333333,0.008087335,1
4789.214048,64.78552745,3102.717581,773.9232533,32.44028233,26.28166673,93.87191808,-0.716837136,4.133333333,0.018503222,1
4666.173903,40.95224353,1910.9029,1017.029656,58.96751149,21.69487572,92.81245361,-0.391416417,2.333333333,0.009014997,2
773.9490297,38.62058067,298.9036094,759.6274496,56.83439958,9.783680704,38.89287775,0.161055824,0,0.008212193,1
2455.975181,26.5624509,652.3672017,898.8718153,72.95006335,13.76279774,90.99021756,-0.34079955,0.333333333,0.00767822,3
4452.437762,40.46162633,1801.52873,1031.683494,59.42369409,21.17677106,98.79021091,-0.336353506,2.333333333,0.008949713,2
3567.666451,45.78712599,1633.531933,994.5755486,53.97733544,21.38779943,82.17101675,0.187271702,1.666666667,0.010772721,1
2976.103806,22.50107014,669.6552048,753.0784469,76.15162365,12.28590555,98.11635019,-0.325807803,0.2,0.009133885,2
4734.423845,10.85275077,513.8152201,830.5462564,87.14636371,15.7585234,289.9730552,1.758240487,1.133333333,0.017964075,2
2098.967189,26.24984374,550.9756075,824.815469,71.15891912,14.35733768,95.72348347,1.948063082,0.733333333,0.011468721,3
1594.661067,29.18490968,465.4003919,744.5701607,69.66000416,9.693537353,59.20626821,-0.415245108,0,0.006296578,1
5054.732342,21.45755887,1084.622168,1049.031173,78.491566,17.92223007,170.36498,-0.903393942,1.266666667,0.00687158,1
688.3744826,39.31160718,270.6110726,718.4314407,55.12211868,9.174227791,34.70014312,0.48918889,0,0.008089867,2
5782.844867,12.15727086,703.0361137,1044.731083,87.19315315,17.712279,303.5603655,-0.41293115,2.266666667,0.013968549,2
2095.666374,28.72089355,601.8941086,864.1685947,70.71776571,11.89702536,75.64914108,0.204164241,0,0.006115985,2
4620.92209,66.38690988,3067.687383,771.5504034,30.71323214,26.32057794,91.4339268,-0.659040497,4.333333333,0.01861108,1
2661.690375,49.58606306,1319.827468,804.5679391,48.36676153,18.66101528,62.90682385,-0.577407554,0.266666667,0.012774673,2
1147.06589,51.6338422,592.2741918,804.9210847,43.48657258,14.80997001,48.69397084,0.095555648,0,0.012133554,1
9423.502967,7.743147107,729.6756974,812.1980626,91.49077413,17.33309639,260.1893098,0.165087051,1.933333333,0.014461818,1
1114.55219,53.76907283,599.2843788,751.067471,37.17542624,14.76714438,43.19637817,-0.216041377,0.066666667,0.013757048,1
3003.702418,25.68708776,771.5636761,926.5782213,74.22564451,13.16933323,81.09195384,-0.315285829,0,0.004808837,1
6029.327503,6.768156445,408.074318,1211.229277,93.19049664,16.6014294,295.7242785,-0.98374916,2.266666667,0.006247644,1
2731.784853,37.9164231,1035.795103,797.2427218,61.17810536,13.58187829,69.17152894,2.854666702,0.133333333,0.007859822,2
4264.447686,41.78639679,1781.959031,1001.100203,58.12201567,21.88241688,103.7534413,0.600945143,2.333333333,0.009535922,1
3849.174609,20.3075604,781.6734587,771.6578096,78.58204928,13.4152292,111.9410291,0.646815147,0.266666667,0.009429561,2
4650.450581,41.26286906,1918.909334,1151.132967,58.71544792,23.07391215,148.2090098,1.450501773,3.466666667,0.008387106,1
2394.677251,26.28912033,629.5395841,874.2698818,73.36237196,12.19548303,83.2373313,1.245821824,1,0.006271676,2
627.2710306,42.77169879,268.2944758,706.016484,49.81453716,9.287749209,32.86328706,0.667484467,0,0.009155685,2
1881.749549,27.31256422,513.9540542,840.8423739,71.03663489,13.05646722,60.80043656,2.411014519,0.133333333,0.009368869,3
3150.838345,34.06205342,1073.24024,636.2476648,57.31183055,17.77103288,126.4724396,0.269190721,2.066666667,0.023072522,2
2824.626746,55.18411089,1558.745156,835.3709098,43.58664899,19.31935581,76.37914584,0.708219893,1.266666667,0.012468686,1
3156.3092,37.90851148,1196.509835,966.3777927,61.77210394,17.93080968,100.3043975,0.277101246,1.2,0.008991148,3
5787.833862,12.0465417,697.2338196,1047.222842,87.37872109,17.94921803,301.5400894,-0.374590232,2.4,0.013949276,2
5568.261295,7.834745991,436.2591286,990.8549765,91.57031221,14.31748565,358.9088016,-1.101793609,1.333333333,0.011869803,1
6645.040393,12.49982475,830.6184036,953.6266192,86.14017234,18.14426306,262.8587544,-0.432373863,2.8,0.014155022,2
2396.189198,23.81940421,570.7579906,825.0213596,75.10532509,12.34802072,75.33223585,-0.098468241,0,0.008043354,2
2842.672711,22.38293889,636.2736956,715.7983014,74.22063533,14.03018041,66.50006731,11.88338425,0.666666667,0.012048075,2
3603.314039,50.20919938,1809.19513,971.4093171,49.24048463,22.70489086,90.46209608,0.000359318,2.133333333,0.012508592,1
9996.143497,13.36419489,1335.904099,813.5246831,85.43287649,20.74814105,226.3677931,1.206495836,3.333333333,0.016307854,1
8861.895027,7.975464081,706.7772548,1108.868258,91.82373118,18.88504975,293.9029989,-0.475292808,2.8,0.008982976,3
762.2298526,35.83300717,273.1298777,770.7604502,59.64435243,9.508967958,43.21349384,-0.159917186,0,0.007818281,1
3005.402793,19.17693323,576.3440868,825.9076408,80.30871325,11.70230143,120.3960974,-0.822698963,0.333333333,0.00676442,2
3871.927723,43.58503001,1687.58086,999.29644,56.18603185,20.02779376,135.7039289,-0.270685943,1.133333333,0.008778513,2
2950.449163,52.38181185,1545.49873,839.7392127,45.99449543,19.43520759,72.91026946,0.663235485,1.266666667,0.012792212,1
1752.133679,25.07176169,439.2907803,1078.87557,74.91904411,11.38521353,79.87332667,0.680770993,0,0.003968201,3
2917.828246,15.39891209,449.3138065,735.5800061,82.81161614,12.75450942,115.7650152,7.339484876,0.333333333,0.0102845,2
3595.195718,17.51294855,629.6247765,737.1705088,79.92329107,14.06093238,116.1289389,7.168386558,0.6,0.013075446,2
1307.466117,28.24190902,369.2533914,727.8970988,69.15202656,9.266880457,52.87206535,-0.3429956,0.133333333,0.0074492,2
3126.09775,25.9133426,810.0764201,884.4050981,73.45087524,14.2171578,97.97302584,-0.45868654,0.2,0.00778548,3
3258.965199,51.0372258,1663.285427,1002.631108,48.81050612,19.95388195,87.68511854,1.149206135,0.8,0.009325016,1
3023.061194,15.50759024,468.8039427,804.8533143,83.40311754,11.49083293,74.29312426,0.267052333,0,0.007625164,2
1869.599528,35.91570498,671.4798509,786.6588933,63.1552142,13.08524189,76.64152351,1.82027513,0.133333333,0.008673009,2
1394.480378,26.93117308,375.549924,759.7558413,71.26559308,9.589222945,53.77423519,0.850449125,0.066666667,0.007052426,1
3197.701464,6.180084697,197.6206588,816.6150603,93.28753683,9.972123201,438.1945374,0.739126563,0.4,0.007056871,2
3525.997494,70.34390026,2480.32416,725.1217292,25.64255913,23.02119688,72.5816173,-0.55741216,1.866666667,0.017157275,2
3542.881013,53.72137804,1903.284503,814.3187409,45.69730002,17.1077773,111.2769871,0.328420627,0.6,0.008856704,1
402.5134793,50.25365666,202.2777419,792.7038197,44.50919843,7.496429589,32.06544227,0.557032706,0,0.006180339,2
2690.129599,15.46765856,416.1000612,811.8116627,83.67267873,10.69474661,81.39138004,1.29161418,0,0.006772105,2
810.8939104,34.93761614,283.3070017,728.5981892,59.93430366,9.698907217,43.60193677,-0.083638971,0,0.008880459,2
3440.772997,40.65833304,1398.960945,1035.722865,59.19329346,19.58824486,109.6839757,0.369391569,1.466666667,0.009104478,1
840.881023,56.87852847,478.2807521,694.8692851,39.86596828,9.135150443,37.8872098,0.707749955,0,0.007026518,2
4457.238668,23.94865974,1067.448922,939.8886551,75.94866154,16.15999185,120.4620372,-0.448347763,0.733333333,0.006515971,2
3501.10572,24.34126193,852.2133137,903.0940711,75.44643117,14.76038945,99.48638624,-0.353793337,0.4,0.006456415,2
1208.54617,43.6081766,527.0249483,773.2103156,49.39357913,14.42295363,61.45819979,0.381220409,0.066666667,0.013015717,1
1061.785952,32.19935251,341.8882016,835.2934587,66.0282708,9.619136441,49.12056808,-0.291268322,0,0.006652109,3
3602.491263,21.43539143,772.2081034,934.3340449,78.47810159,13.6500956,92.60328295,-0.284827862,0,0.004854273,1
6061.156569,16.89365631,1023.950959,903.0638625,82.98193955,16.19747298,148.4950158,0.759985021,1.2,0.00729126,2
4389.34744,46.8378421,2055.875623,964.3702812,52.85650413,21.52565362,127.6171278,-0.640705052,1.733333333,0.009612418,2
3240.974975,24.03928124,779.1070889,829.7560946,75.06926179,13.83037913,130.9109257,1.060751789,1.066666667,0.009646917,2
1115.346336,56.9857109,635.5880385,697.3177901,40.28923286,9.692079104,41.06890349,1.045676206,0,0.007346388,2
835.4858117,39.24631302,327.8973769,729.5516191,55.86535671,9.967255944,39.51103432,0.584150793,0,0.008684937,2
2274.264262,28.77826387,654.4937706,815.9713033,70.34672216,12.5381138,91.98905137,0.557125412,0,0.007563284,1
4149.710026,2.636687261,109.4148756,1311.3418,97.25758871,11.59636532,540.2207445,-1.661920099,0.6,0.004607639,2
1806.202243,63.878331,1153.771847,817.5743115,33.80307481,18.22704986,52.45503229,0.032604223,0,0.012655992,2
4635.348159,39.36360951,1824.640349,1139.219947,60.60155795,22.41017057,158.8640946,0.635633497,3.4,0.008173022,1
2119.024538,58.81831058,1246.374434,765.2858176,39.68613976,14.21754101,62.88031979,3.162772417,1.066666667,0.009061646,2
3939.093061,19.28308094,759.578503,656.473176,78.6845186,12.94262624,131.2619248,3.429998836,0.733333333,0.015435842,2
6893.502516,18.14852624,1251.069113,914.3829742,81.75262203,16.71764373,155.1875364,0.346632911,1.533333333,0.007442787,2
1506.999097,40.05078813,603.5650156,858.7183268,56.74915711,13.82201922,55.06799226,-0.114517048,0,0.009939183,3
4401.67716,25.30240357,1113.730119,851.3030471,70.85116368,20.61396604,220.7418191,0.399653414,4,0.017716096,3
2819.438181,20.71785363,584.1270754,888.9704411,78.78147116,13.77085959,77.32093965,0.50413276,0,0.007473014,3
5593.155568,13.54525663,757.6072753,1028.066946,86.13689914,16.81528305,196.6169041,0.629381,1.333333333,0.008770439,3
2431.46487,27.55100648,669.8930439,857.910192,70.60990648,14.94698091,65.583656,3.894330084,0.666666667,0.010477143,2
1788.685272,54.95834335,983.0317932,815.4955862,42.93851429,17.39774244,52.95870918,-0.071680126,0.066666667,0.012244906,2
5635.641435,46.44158434,2617.28117,1013.225676,53.4992526,23.76757846,104.5638727,0.03257679,3.6,0.009667038,2
3585.029551,30.54157787,1094.924592,1089.288536,69.43777959,17.91274935,90.39698125,0.112203917,1.333333333,0.006608644,1
651.3805567,43.6262636,284.1729987,716.586162,49.98976896,9.292628958,33.87878283,0.816335103,0,0.00854172,2
1202.384484,50.37342731,605.682274,789.6894605,45.94456674,13.16221459,51.49019423,-0.351065847,0,0.010366506,2
1511.415474,28.34321898,428.3837974,752.078015,70.33591963,9.590123448,57.7793914,-0.370778775,0,0.006314734,1
9097.019096,7.809437266,710.4259994,1107.563371,92.00638878,18.87796467,293.588134,-0.472135285,2.8,0.008983927,3
3204.308105,30.73334442,984.7910462,789.9248488,68.47581654,13.63639995,72.4704485,1.052643083,0.066666667,0.007955637,2
1731.811429,40.97961467,709.6896504,827.2715994,53.38870118,15.38441843,94.90593965,1.513484765,0.733333333,0.013207311,2
2086.516575,35.2716049,735.9478827,861.3749809,63.53238417,14.23741021,63.24079451,0.091621066,0.533333333,0.009016336,2
3445.127394,47.16449546,1624.876954,760.2736301,51.27188163,17.76119925,107.6254615,2.359463959,1.333333333,0.013468561,2
3173.541261,21.01574256,666.9432613,733.6476509,77.73366912,12.53055425,117.0677858,0.439687584,0.266666667,0.009627634,2
1807.66039,36.0556103,651.7629858,976.9967361,63.81695477,12.9068235,62.62451813,0.446922448,0.2,0.006007591,2
4161.767625,35.20412605,1465.113921,628.3290293,60.73647543,16.65201595,99.18535922,0.07827239,2.4,0.016862697,2
3051.581022,39.84647659,1215.947518,646.6135948,57.54532443,14.4639332,90.73061565,1.196324489,1.533333333,0.013845661,2
6344.180003,12.45472364,790.1500868,983.4059064,87.45062666,16.34025297,172.3054002,0.915682796,2.066666667,0.006658125,3
3259.015483,53.06189665,1729.295427,795.3977117,46.35023056,16.48528853,103.5613804,0.481876337,0.6,0.00866769,1
8550.324523,11.06064366,945.7209273,913.0602717,88.13781887,17.8778938,335.6406261,-0.113468531,1.733333333,0.013421119,1
1301.177084,37.63663262,489.7192387,967.3889609,62.23073272,10.48382296,81.726618,-0.341192477,0,0.004768393,2
3055.435489,36.85739276,1126.153859,910.0609554,62.40781804,16.45412345,176.5530109,-1.338084381,0.6,0.008930347,3
1507.687751,61.3201765,924.5167903,789.0757764,37.58174084,12.08267448,50.94810987,-0.241287656,0,0.006510379,2
8402.075295,17.9457664,1507.816805,922.3400498,81.79964733,18.96932873,258.7275566,0.382116072,3.066666667,0.009527981,1
3321.428505,15.25982176,506.8440697,759.8529049,84.1238105,10.66914988,190.1371585,1.348535228,0.2,0.008536461,2
4832.095268,36.22811493,1750.577027,1011.88727,63.64178215,21.13792572,99.66688343,-0.398551903,2,0.009317118,2
2051.505018,33.47403323,686.7214716,858.0668949,66.03094397,11.81895866,119.1209111,3.293728608,0.2,0.006210116,2
611.4343515,43.11854798,263.6416142,714.2050477,49.70077526,9.223229236,33.4159482,0.824312799,0,0.008764855,2
2939.298131,35.88271968,1054.700109,964.1941135,63.89161793,16.94624872,93.70376618,0.399839242,0.466666667,0.008672144,3
4762.258888,37.46052465,1783.967165,1020.318811,62.44194652,21.30862667,127.0828084,-0.504624329,2.333333333,0.008875901,1
2359.252083,22.13423306,522.2023547,861.338022,77.46150912,11.16529878,85.94189793,1.642706272,0,0.005668817,2
3127.94968,41.30329898,1291.946408,659.9705003,56.73056333,14.06512075,85.92284119,1.818280261,1.266666667,0.011172826,2
2021.472231,39.64054883,801.3226867,699.3829485,49.84925683,18.66234087,74.69589546,1.280757911,2.466666667,0.019913501,2
768.5872095,47.1641647,362.4977374,787.7178033,48.99904096,11.12462798,49.19404379,0.295625532,0,0.008984615,1
7213.849947,17.1784569,1239.228104,997.8675546,82.71708161,18.76517428,176.6846907,-0.311483119,2.666666667,0.007693794,3
1309.478294,57.77978407,756.6137308,779.4928883,41.11075664,10.92406608,48.76755055,-0.410090667,0,0.0062523,2
5007.961048,34.16727485,1711.083816,1046.922757,65.77720531,21.47078581,110.6318943,-0.20511329,2.533333333,0.008373922,1
1261.489852,24.23446873,305.7153638,798.3874085,73.86365697,9.230036438,107.2980351,2.071257839,0,0.007184824,2
4500.452515,39.2923141,1768.331938,893.5282614,60.23525455,18.40024315,126.8325343,-0.176228173,2.666666667,0.009293456,3
4302.786608,46.28619754,1991.596309,953.2707684,53.3681403,21.00472108,128.5865644,-0.587524909,1.466666667,0.009600842,2
4399.911623,48.46618137,2132.469147,1005.338137,51.33343712,23.58795849,101.0322387,1.10102141,2.8,0.011699188,1
2051.996587,57.87624797,1187.618633,828.070671,41.3759688,14.75693061,61.44935054,-0.244111619,0.133333333,0.00796003,1
800.7368554,33.31555281,266.76991,729.5626174,61.79275874,9.647831958,43.14160549,-0.02927235,0,0.008856643,2
982.382591,44.63569684,438.4933151,749.496739,52.22387105,10.12537904,63.62241486,-0.558824416,0,0.007837876,2
3174.513715,44.58636777,1415.40036,1033.764495,55.2984244,18.79151622,76.50983151,-0.111845782,0.533333333,0.008398189,1
3963.942092,29.68657402,1176.758604,1067.37907,70.29015831,17.6673521,90.2273636,-0.261088997,0.733333333,0.006613264,1
5023.979822,25.79727885,1296.050084,824.3822416,71.94287154,20.22203762,260.4034768,1.364112176,3.733333333,0.017607816,2
2429.859127,28.34135292,688.6549506,882.3458841,71.23295581,12.14591912,104.1130768,0.385737617,0.666666667,0.006307896,2
2575.217471,64.43103176,1659.239187,675.356091,31.22077188,18.40794382,66.47775441,0.303271855,0.466666667,0.015245125,2
746.3853045,43.22779925,322.645941,729.5030915,50.73802756,10.17354309,39.515908,1.060257324,0,0.009521241,2
2167.565744,26.3945708,572.1196749,805.2099364,72.76624321,11.73369376,84.70206985,0.860655767,0,0.007084733,1
4041.706862,35.48683758,1434.27395,719.9755563,60.76355227,18.55838284,131.1010108,-1.041336739,2.466666667,0.017623221,2
1254.350444,54.20569195,679.9293379,788.0679752,44.60106983,11.0057941,52.75541604,-0.506882837,0,0.006545181,3
2424.139106,67.91369445,1646.322426,824.3002402,30.85026913,20.77591243,58.85747608,-0.189641164,0.466666667,0.013645613,2
1782.476729,64.19709631,1144.298302,817.3637185,33.52374474,18.19522174,52.42092445,0.034653431,0,0.012650922,2
6344.822672,11.44440296,726.1270737,1027.100058,88.15186499,16.90440574,195.7188195,0.692844073,1.333333333,0.008777136,3
3062.870148,62.7014349,1920.463532,678.9584329,33.83495836,19.26358905,76.74340741,0.467970957,1.066666667,0.016490836,2
6832.743619,17.88566044,1222.081322,1023.772581,82.00831737,18.83808245,164.5413996,-0.368798746,2.666666667,0.00772803,3
3884.294293,36.31113625,1410.431393,862.1679294,62.5289231,19.66587809,91.05659375,0.793509813,2.933333333,0.013104799,1
2004.850129,17.67971844,354.4518579,655.5896241,79.94192855,9.272317109,103.1146722,4.161724061,0,0.009449915,2
2101.131948,25.69157894,539.8139731,951.7600223,74.17175476,12.21092575,56.6805279,0.342561722,0.2,0.005825136,2
923.6829239,47.90254126,442.4675937,563.1830923,48.23234366,8.199109673,43.72020468,3.259641238,0,0.00924479,3
4081.544889,44.69588582,1824.282643,1004.035508,55.08290343,22.59334478,90.46722222,0.357554477,2.066666667,0.011437415,1
2779.036975,15.76313124,438.0632455,803.6425265,83.12432802,11.32455325,73.46106504,0.212457072,0,0.007498087,2
5029.082026,17.71527978,890.9159515,650.3203935,80.37762414,14.78181699,137.8264128,2.590298187,1.466666667,0.018711708,2
2632.736925,29.61128997,779.5873651,666.4006954,68.67274516,11.32705792,89.25957459,2.081620211,0.333333333,0.009258776,2
2791.85323,32.4649607,906.374054,775.7517925,66.87782265,12.89408547,81.36662922,-0.452578594,0.2,0.007439267,1
3017.757134,15.29424564,461.5431888,755.8098426,84.09253941,11.34542213,194.521847,1.203719918,0.333333333,0.009992634,2
2288.18101,38.7922918,887.6378542,977.3926648,60.88294456,14.78095337,103.1478697,1.211470021,0.6,0.007527708,3
1134.443132,31.78769624,360.6133367,811.5383167,66.3007656,9.562812975,53.39635988,-0.530578197,0,0.006838629,3
3018.388708,24.11104362,727.765018,933.3323882,75.81700387,13.05235324,81.41503594,-0.434728954,0,0.004805946,1
2060.170044,33.34180205,686.8978181,858.5862507,65.40901117,13.68664423,61.06629403,0.163792038,0.4,0.008489408,2
2717.455599,37.07105982,1007.389591,844.3911887,62.0429173,15.19251171,114.2119386,0.034158606,1.333333333,0.009338918,2
3913.292792,71.96400534,2816.162234,779.6756038,24.90813088,25.46972793,78.60927249,-0.674740792,3.6,0.017838471,1
3528.451275,29.52615269,1041.815911,887.7424458,70.08894608,15.83095758,92.57326104,-0.455894737,0.2,0.008585199,2
2742.580084,16.69731483,457.9372311,725.8426295,82.49305199,10.17391509,125.4400722,7.244013686,0.333333333,0.006934744,2
6922.008348,13.44136988,930.4127451,936.3586419,85.38710421,18.13878696,260.416503,-0.237571775,2.8,0.014201354,2
5129.526864,32.75323207,1680.085838,1133.404724,67.213134,21.68612036,163.1043212,0.238317585,2.866666667,0.007821197,1
1827.307407,43.40054644,793.0613996,769.5615914,51.53003545,15.93235416,64.99251007,-0.43335849,0,0.01359329,1
3451.970734,28.11749695,970.6077659,893.2979329,71.46426951,15.1837391,100.5660552,-0.423571584,0.133333333,0.008084409,2
4062.43162,35.99562063,1462.297474,796.7926343,62.95754699,16.23816819,130.7860567,0.283270896,2.133333333,0.011276519,2
3013.141508,47.24604777,1423.590276,780.2271194,51.63853651,16.68706245,98.09969829,4.383071433,0.866666667,0.01147868,2
2219.202069,24.66446094,547.3542275,905.0002755,74.99903679,11.53884179,78.3684354,0.247749747,0,0.005841048,2
3554.617576,49.8130352,1770.662904,782.5854311,48.00462238,19.19583342,116.2179018,-0.116279136,3.066666667,0.013399686,2
4911.814071,32.43828248,1593.308123,645.1116205,64.09731127,17.60563027,122.7028144,1.016043981,2.733333333,0.017284153,2
1540.167163,55.8189644,859.7053606,779.0488038,43.09194011,11.79727774,50.48564791,0.06631129,0,0.006405644,2
1426.095828,31.34070673,446.9485112,739.0437762,67.04736542,9.52879443,51.11728218,-0.55252585,0,0.00674014,1
4561.880011,21.11503526,963.2425729,575.4667487,73.7217923,19.15592862,131.9689953,1.181654452,2.466666667,0.025796329,1
3367.94447,48.39021506,1629.755572,951.1918385,51.05560338,21.74245533,77.07424563,-0.148409071,1.733333333,0.012327354,1
4061.382283,29.03211096,1179.105011,916.2583275,70.18318719,17.49804744,115.7002082,0.685939112,1.666666667,0.01044623,2
1752.485777,38.44157299,673.6830992,976.6227079,61.41444745,12.89812172,62.72279568,0.425838464,0.2,0.006015299,2
2350.745485,58.24028733,1369.080925,796.9347921,38.93860588,19.13922315,68.95919284,-0.097351248,0.733333333,0.013473291,2
1085.874245,31.82522142,345.5818827,782.5610875,65.129052,10.89113704,57.65514251,0.326089727,0.066666667,0.008721226,1
1935.810948,21.30783827,412.4794661,1051.513259,78.65213416,11.25992448,81.17382307,0.947990256,0,0.004099819,3
5122.479371,37.68577405,1930.446001,1029.883141,62.25491244,21.76019413,106.5789646,-0.168567206,2.333333333,0.008634057,2
736.4681346,42.57148047,313.5253881,726.639804,51.57320433,10.07335105,37.52611555,0.38884604,0,0.008997864,2
5211.818285,20.4493133,1065.78105,652.3770971,78.1166873,14.30592165,128.402603,0.029509318,0.933333333,0.020306389,2
2174.988151,31.45916166,684.2330384,803.1510421,67.01134994,12.90822736,81.83034005,0.271189534,0.466666667,0.008776777,1
3173.365914,68.05466171,2159.623437,717.3093713,27.18796098,22.0645372,69.38327044,-0.390331587,1.733333333,0.017976234,2
1593.355074,27.20760149,433.5136988,762.4133721,71.94809182,9.401322622,62.11073653,-0.088298951,0,0.005766286,1
3627.780103,20.2542439,734.7794302,1059.382202,79.70574514,14.69631551,135.6437997,0.343870282,0.466666667,0.005050901,3
2210.429915,72.02535608,1592.070017,819.4547727,26.27720386,20.64031497,56.27854645,-0.070153998,0.533333333,0.013928113,2
4100.091147,34.09162795,1397.787819,870.2826362,64.97923614,18.43293949,92.14623986,1.055457072,1.866666667,0.011301206,1
1701.344762,35.861338,610.1249957,819.0007995,60.48311211,14.75259579,57.37691297,0.024944567,0.066666667,0.011690999,1
2964.330713,46.6209405,1381.998858,907.7827459,52.91955896,17.09716999,79.83808575,0.213488938,0.533333333,0.00870155,1
2229.059467,68.69415273,1531.233515,823.9957956,29.81152276,20.68927653,57.23850328,-0.350293231,0.4,0.01383453,2
8381.302103,11.16274951,935.5837597,911.7341916,88.66278866,16.54252135,226.7446676,2.078048062,1.733333333,0.007909013,2
818.4942075,32.45647736,265.6543871,771.5847617,63.02133275,9.376562879,44.94669277,-0.05771397,0,0.007727494,1
3401.645501,35.19594463,1197.241267,750.2559495,63.24916851,14.60822306,121.016883,3.223972429,0.6,0.010090417,3
1491.362574,60.74007539,905.8547518,794.1943207,38.23427551,12.13528089,48.6643224,0.075735278,0.266666667,0.006914078,2
1828.391701,26.91785813,492.163884,1096.349369,73.07783916,11.6504165,71.44219866,0.823304965,0,0.003995623,3
482.4495957,48.87519918,235.7982008,780.291469,47.8710321,7.364086293,47.43644319,0.641734951,0,0.005681397,2
1611.390276,27.29521566,439.832451,770.0496013,71.73544231,9.542614335,56.60158342,-0.395585971,0,0.005847768,1
2674.159468,15.5836355,416.7312641,811.8117581,83.54940861,10.6784862,81.39140336,1.291608204,0,0.006777234,2
2451.23681,22.95284203,562.6285128,846.2255719,76.02217161,12.66977279,68.83307459,0.010246274,0.066666667,0.0078207,3
3668.123817,69.51559848,2549.918225,731.7625826,26.79980622,23.04760345,78.65882131,-0.632072274,2.066666667,0.017374822,1
2567.749297,64.83060008,1664.687277,842.2156179,34.07501444,19.54628562,61.75981848,-0.465216624,0.2,0.011973651,3
2143.598505,62.70035077,1344.043782,805.1768268,34.93902914,18.64105098,68.72962535,0.123950183,0.6,0.012827817,2
10729.99445,11.21105352,1202.94542,1028.941658,88.72320336,21.20748491,210.7987955,0.076206617,4.266666667,0.008036966,1
4196.080343,29.76616866,1249.012352,742.4841989,67.83089075,17.51373748,130.2664224,-1.188966148,2.133333333,0.015328753,2
2574.517767,56.75445591,1461.153551,813.5409992,41.18192073,19.18903696,67.82215762,0.118596903,0.4,0.013108317,2
7986.169644,11.62386483,928.3015648,930.0126485,87.60658999,17.1996344,340.0725424,-0.175840245,1.6,0.012214073,1
1216.813048,72.52573285,882.5025802,796.2233298,25.17517217,12.95642974,42.46005072,0.284214586,0.4,0.008490846,2
4209.39583,42.51495158,1789.622599,974.2714713,57.23638468,21.60855905,103.3419582,-0.114144589,1.533333333,0.011013533,1
6528.640351,17.22873966,1124.802449,1021.465621,82.69746832,17.7826206,179.798408,-0.37298767,1.866666667,0.006774625,3
6883.423773,13.41397972,923.3410693,935.6446991,85.28261273,18.1386695,260.2931307,-0.226474046,2.8,0.01420139,2
2205.413334,38.70698266,853.6489567,933.847793,60.81697867,14.96981336,86.59596343,1.726407271,0.6,0.008021606,3
2188.192897,31.46736438,688.5666323,754.4809829,67.45823549,11.52047553,72.46988768,-0.284277663,0.2,0.00740834,1
4467.226486,36.76080553,1642.188441,1028.366375,63.14466012,21.00449236,98.69626785,-0.346860331,1.6,0.008802736,2
4606.322821,39.6061091,1824.385242,1022.289173,60.31701844,22.36639263,107.4580813,1.83836577,2.4,0.009660579,1
2680.971653,49.83405384,1336.036857,744.1700432,47.65048689,16.29678475,94.2186401,4.263437192,1.266666667,0.013470911,2
6472.780553,8.217453352,531.8977225,1007.290584,90.9623349,15.31291859,395.1175029,-0.799502072,1.2,0.011410931,1
4408.109531,29.05928996,1280.96533,890.3608296,70.06916467,17.80494658,110.4607914,1.12115543,2.133333333,0.010497621,3
2955.69306,27.21149685,804.2883238,902.4775562,72.17240613,14.25497921,113.1782767,-0.694068676,0.333333333,0.007585655,3
2897.378793,35.29814326,1022.720917,818.6129394,60.57498589,18.59193816,123.9153427,-0.526368078,2.2,0.015859059,2
4473.876951,31.54997722,1411.507159,982.9076005,68.35489356,18.83903356,131.1086082,-0.315741542,1.733333333,0.008070324,1
613.2128165,27.74658103,170.145591,788.5321072,68.97448983,7.16810141,60.90356437,1.143804407,0,0.005874877,2
7835.331551,18.02787757,1412.54398,803.3372344,81.09097211,19.39332215,274.9849563,2.58672359,3.133333333,0.013858401,2
5703.610712,10.2284665,583.391911,1162.238761,89.71122203,15.0478714,300.4048166,-0.861042143,1.533333333,0.005521757,1
2595.539974,28.10484313,729.4724381,883.9445828,71.5629894,12.40309397,87.24794806,0.745855308,1,0.006321662,2
1642.565298,33.48335647,549.9859941,933.4855629,66.00191582,12.37691122,65.50754512,-0.082028832,0,0.006524056,2
5895.904412,12.36208286,728.8565888,1010.562819,86.80541198,17.51613853,300.0196777,-0.500061692,2.133333333,0.014289874,2
2600.669791,50.88824054,1323.435099,850.0178538,48.72622536,15.33934105,69.16475283,0.266965903,0.2,0.007552492,1
3374.080806,15.76417369,531.8959586,741.8708361,83.30413142,12.44686007,207.018117,0.82822424,0.533333333,0.015879697,2
2995.712737,17.95663224,537.9291192,829.8017872,81.47164997,11.94386083,121.8983839,-0.777954655,0.533333333,0.007036883,2
3918.487724,39.38588817,1543.331193,976.6142266,60.41232553,20.38122914,96.80790631,0.239347095,0.933333333,0.010057488,1
3184.265889,32.47986659,1034.245313,638.3489466,62.4872864,15.09956972,122.9647474,0.166817571,1.533333333,0.014321698,3
6150.347466,16.06691279,988.1709636,866.4416033,82.70926663,18.25147532,271.8139982,-0.758801338,2.533333333,0.015994138,2
2601.553826,16.7406179,435.5161854,777.5521645,82.08679487,11.30847924,70.21892243,1.673504169,0,0.007635254,2
2048.528157,34.57263137,708.2300883,863.1498079,64.29424937,14.12169318,62.10729342,0.224501933,0.533333333,0.008928829,2
2873.775065,28.30237026,813.3464593,748.1824495,70.77772436,12.59430767,91.15533257,0.065282119,0.2,0.00816936,2
1693.79343,20.39186093,345.3960007,659.1515928,77.09011689,9.427146194,102.4446564,4.060449882,0,0.009536101,2
3134.113586,18.86728976,591.3222915,713.6239342,77.98977012,14.77318754,225.9190763,0.452613285,1.466666667,0.020312549,2
2513.852032,14.0899474,354.200429,732.8428833,84.61915156,9.811050501,73.6689906,5.030398236,0,0.007741125,2
2030.128563,41.1394,835.1827101,746.6066299,56.40220519,13.17479786,103.9114227,2.868382924,0,0.009971222,3
1546.245827,58.41882973,903.2987168,791.9248871,39.68269335,13.06769006,50.31027819,0.396082628,0.333333333,0.00825914,2
3256.850315,56.62056761,1844.047135,709.429575,40.01078901,19.85113593,77.48718293,1.209709663,1,0.015636283,2
2743.539548,35.24543191,966.9723634,754.2817697,63.8004238,13.3542155,82.10439907,0.78270579,0.4,0.00811613,2
1781.050558,62.22966846,1108.341857,817.305386,35.6408021,18.15282553,52.61469522,0.059578189,0.066666667,0.01264504,2
1466.044086,28.07260989,411.5568371,764.7971164,70.36698821,9.49656165,56.32337601,0.296324871,0,0.006683347,1
1206.383577,46.42990588,560.1227593,741.553234,48.44166809,12.31835999,72.90434374,-0.298279585,0.066666667,0.011222269,2
3715.917998,15.36873811,571.0897053,834.8563211,84.10306923,12.83586824,108.3766839,1.181247846,0.933333333,0.007893913,2
2000.740015,28.39599412,568.1300171,730.2213446,70.80917221,10.42014638,77.57179322,-0.656980946,0,0.006416107,2
2347.622755,25.22277252,592.135547,889.9774951,74.19443855,12.84533379,82.45573523,-0.227353507,0,0.007106273,3
7616.542289,7.801521572,594.2061897,1034.670981,91.55894077,16.38737025,385.4602471,-0.774953556,1.533333333,0.011282743,1
1594.364108,39.01401057,622.0253815,967.3530103,60.79623414,12.40453803,53.57797539,0.198728948,0.2,0.006179873,2
1568.535941,62.25987109,976.5684552,792.23469,36.75711555,12.13165566,50.40327006,-0.2531075,0,0.006528563,2
2635.252972,50.21893627,1323.39601,807.5795305,48.87782774,14.54383271,77.82556744,3.994180609,0.133333333,0.00830487,2
1896.28865,38.27396771,725.7849055,793.8833285,60.48492201,13.55584441,65.56391327,0.02997581,0.133333333,0.009321351,2
844.9658926,38.7232347,327.1981257,829.8993874,58.70664446,9.223097242,47.07221284,-0.544017033,0,0.00662638,3
1325.805293,34.08539814,451.9060127,808.1672531,64.18632222,10.58141843,52.07315045,-0.195958878,0,0.007444946,3
2398.472639,26.27331843,630.1583537,888.9557746,73.45814039,12.10079706,67.46618315,-0.507435295,0,0.005023564,2
5134.913772,23.2127684,1191.955641,939.9267858,75.9174087,18.20644112,193.6064253,-0.93659888,1.733333333,0.011278495,1
1802.87903,16.41035404,295.8588317,814.2561439,82.93083884,8.60560084,101.0457646,2.327482602,0,0.005351961,2
2327.105447,65.56091464,1525.671615,832.1649138,33.0529829,18.4527509,60.86848711,-0.141206031,0.266666667,0.011209806,3
1330.701434,50.57293796,672.9748106,610.1223239,44.59913046,10.70440121,47.71873769,7.079857823,0.6,0.010326381,2
6317.318927,5.789568514,365.7455075,1188.869172,93.67383308,16.10960641,358.7653901,-0.317843324,1.4,0.011038761,3
2036.624897,64.75220336,1318.759495,820.5769819,32.96325076,19.59779765,55.62115041,-0.173177502,0,0.013778195,2
1148.501109,48.54324285,557.5196824,686.4520738,49.03156471,9.860396747,50.30894086,3.037290917,0.133333333,0.007115239,2
4083.018889,67.29535247,2747.681953,754.1793163,29.99494803,23.97665018,81.44302031,-0.735558648,2.466666667,0.01683823,1
709.3676075,38.9403636,276.2303256,729.6473833,54.92046072,9.998081967,37.20113975,0.472791622,0,0.009195927,2
5269.120522,49.4443137,2605.28048,1020.167553,50.48650091,24.07063446,102.683446,-0.117022228,3.2,0.009834861,2
3362.777463,48.5738216,1633.429526,951.1573568,50.86599606,21.74426263,77.08805486,-0.149643636,1.733333333,0.012351431,1
1528.457575,28.08976689,429.3401699,763.8588414,70.48824865,9.558923665,59.25242011,0.049574581,0,0.006610618,1
2965.201012,37.66180981,1116.748366,924.1905835,61.96708644,16.77167552,91.07338625,1.565553721,1.533333333,0.0090038,3
4408.293372,19.03678621,839.1973847,649.3229929,79.58343694,13.81267269,126.0778246,0.154525016,0.733333333,0.020208096,2
3219.607629,54.95827725,1769.440887,817.8915426,44.42036142,17.01894169,109.5379122,0.589621641,0.6,0.009018661,1
5441.604601,37.71406485,2052.250288,1108.200787,62.25975433,23.08745531,148.3110263,0.558432973,3.066666667,0.008441887,1
1806.070535,27.9893017,505.5065309,862.2048779,71.35553906,11.11686849,68.64197263,1.030928532,0,0.005984572,2
8850.762006,15.40029151,1363.04315,1089.688037,84.55695348,21.41855693,182.7586897,1.007052493,3.6,0.007762589,1
2426.202817,41.48792315,1006.58116,804.4616734,57.21912022,13.90392231,64.09621984,0.203297397,0.466666667,0.00861858,2
3035.462771,41.00430289,1244.670349,784.2387028,58.1140598,14.16266306,76.61184021,0.699515407,0.2,0.00850932,2
404.011943,45.90135071,185.4469389,782.9502507,49.07739955,7.368661141,44.85371259,1.371962521,0,0.006217788,2
3481.298878,16.34196895,568.9127817,736.781621,81.0129054,13.89241344,115.1069754,7.478563795,0.6,0.01324438,2
4430.057724,41.21376227,1825.793459,1028.673627,58.67088101,21.34019319,99.85620902,-0.276308484,2.4,0.00893127,2
7343.92188,13.39849295,983.9748551,990.5123307,86.17338903,17.92922306,223.1504341,1.439008225,2.066666667,0.011617908,3
3140.622126,34.62728993,1087.512329,823.8013616,64.02007254,15.65328686,86.68351456,0.032614788,0.866666667,0.009610832,2
2457.430286,13.9160188,341.9764605,735.0125987,84.68734741,9.700013524,71.32351339,5.662489163,0,0.007696326,2
4621.881699,44.97064863,2078.490179,1014.120577,54.89834096,22.18466817,95.44881949,-0.394051188,2.6,0.009901874,2
3248.082817,51.5700763,1675.038787,916.9751418,47.38564152,21.49427652,87.6300766,0.055997635,1.666666667,0.012852896,1
5803.176309,16.98056022,985.4118477,1106.495546,83.01259472,18.62313665,127.6857072,0.714513764,0.733333333,0.005751979,3
5729.959792,6.951326059,398.3081882,1189.679003,93.00477218,14.853336,318.4368532,-1.153797886,1.6,0.005399394,1
8039.608234,11.66966428,938.1952906,925.2569072,88.12341492,16.46011219,214.8216171,2.742156307,1.733333333,0.007823183,2
1587.224675,43.78982115,695.0428465,856.739043,53.73999968,14.10095135,50.86423055,-0.131084977,0.2,0.009693147,2
5904.240236,13.99962609,826.5715566,927.9595261,85.23511779,16.54077492,307.5309071,-0.96189334,1.533333333,0.013039687,1
3354.009598,30.28281518,1015.688527,834.4523113,69.37613132,14.73583087,117.3590751,-0.873327391,0.133333333,0.007712383,1
6486.190729,13.61098065,882.8341651,1179.611653,86.26577864,17.74322221,318.9042094,-1.087548896,2.733333333,0.007635881,1
1369.379225,29.23293509,400.3097401,761.2774084,69.32839671,9.508023053,56.60305969,-0.323589184,0,0.006111175,1
1659.641049,26.48453694,439.5482467,889.6943363,72.88314319,10.58506233,66.87266279,0.292966741,0,0.005651304,2
2168.903957,25.42310038,551.40263,821.8278109,71.853761,14.42027681,100.4217937,1.776498122,0.733333333,0.01174004,3
4854.943738,12.13136692,588.9710384,955.1304969,87.23400179,16.86897611,327.7269102,0.208626016,1.2,0.009965456,2
2476.462569,28.09457087,695.7515316,901.7837991,71.4266909,13.6356158,89.10466422,-0.323751485,0.333333333,0.007591588,3
2637.887389,54.29441469,1432.225518,807.6355032,43.70591454,18.69143295,69.89868222,-0.213761512,0.4,0.012804443,2
1539.64351,61.1956287,942.1945259,787.232196,37.70751885,12.07660077,51.2002485,-0.20783595,0,0.006536584,2
701.5883859,41.31947584,289.8926436,729.8505069,52.72016162,10.08719446,36.89829992,0.425417953,0,0.009099391,2
2324.107333,40.17509623,933.7123575,799.0486724,58.51527956,13.9361193,73.30391347,2.059792579,0.6,0.009035513,2
8977.257856,16.46386964,1478.004031,881.5323999,82.40501684,21.40035993,322.432233,-0.957223783,4,0.015677317,2
3006.936915,25.58097005,769.2036318,876.3018024,74.1753383,13.51501976,77.10696713,-0.200111244,0.266666667,0.00582942,2
3510.414782,29.52031312,1036.285435,887.4130753,70.10204082,15.91704446,92.33561996,-0.446847798,0.2,0.008636388,2
2541.860581,68.91466998,1751.71483,828.1466391,29.50050318,18.56320331,61.878423,-0.190846681,0.266666667,0.011271422,3
4504.920413,20.36760847,917.5445516,951.7269343,79.52645356,15.79842086,118.8069487,-0.121595417,0.4,0.006476356,2
3457.48678,57.31782995,1981.756393,832.5967102,41.49223731,21.6778724,86.57881048,0.530933079,1.2,0.013973228,1
2436.87546,33.08407675,806.2177474,776.1668711,65.52216489,13.47290149,90.92117549,0.256625402,0.6,0.009308675,1
2441.452229,36.92921801,901.6092163,639.0366055,57.47640011,14.55128447,114.4025195,-0.217532437,1.266666667,0.020630389,2
1365.525196,29.65732757,404.9782803,761.9160061,68.812485,9.424339658,56.58998941,-0.312289634,0,0.006135512,1
3306.468828,28.95608824,957.4240315,746.9066825,70.03585928,13.83272224,95.69424228,-0.113740706,0.6,0.008969772,2
3066.431853,24.61865914,754.9144055,878.1933649,74.75514625,14.00425078,105.2078989,0.318118602,0.6,0.008117017,3
3742.347474,2.587067062,96.81703886,1302.628396,97.30640656,10.8999422,544.8200364,-1.675045829,0.4,0.004405374,2
1633.206794,27.22442876,444.6312202,666.0722471,70.35457926,9.633230693,50.10352251,3.812923697,0.2,0.008713522,2
3437.368389,28.21158242,969.7360158,896.0533692,71.69595854,14.07664636,83.87222604,-0.399277288,0.333333333,0.005312699,2
3920.915558,70.0779942,2747.698977,748.1202248,26.64829689,24.35947904,79.10323042,-0.660953229,3.533333333,0.017615172,1
2020.435363,49.94635444,1009.133808,862.7651882,48.61701512,16.34191966,67.24100705,2.033627719,0.666666667,0.010240079,2
3308.406966,51.38254558,1699.943717,916.4572889,47.56052028,21.37232192,87.27428338,0.086897699,1.6,0.012769003,1
3263.536173,33.47883086,1092.593755,908.9529174,66.10060599,16.50386355,101.1685142,-0.417487543,0.733333333,0.009271044,2
3361.371059,14.84690199,499.0594667,757.4403468,84.18716373,11.01954281,133.713767,1.655242859,0.333333333,0.008389552,1
2140.861221,60.11531295,1286.985423,830.362662,39.19303125,15.04584797,62.04448438,-0.25182859,0.133333333,0.008038064,1
1244.058129,26.21010687,326.068965,721.9085214,71.62091606,8.808857911,53.25865621,-0.125976746,0,0.007031623,2
4191.010406,20.15258543,844.5969524,572.5704527,74.21571357,19.15482041,129.3308514,1.422897066,2.466666667,0.025805029,1
6405.66144,13.42079476,859.690675,929.9070315,85.17618521,18.2225518,259.4683875,-0.141099206,2.8,0.014245039,2
4528.982721,13.3644737,605.2747048,1153.762362,86.63281458,16.09550895,100.0592866,-0.540976468,0,0.00434084,3
1878.010567,25.8023347,484.5705722,1107.495432,74.19396087,12.03196491,72.83932433,0.590326686,0,0.004025671,3
754.8779359,41.13409406,310.5122002,771.4849005,54.95629756,8.87628622,59.11086985,-0.735856842,0,0.007180304,2
3768.508377,29.86523568,1125.473909,840.9728996,69.33786079,15.49488843,129.9015723,1.542599742,2,0.010455101,2
4181.250113,41.73468162,1745.031422,1004.618902,58.11486888,21.34668865,94.46645412,-0.258569755,2,0.009536991,2
2013.064188,44.79004155,901.652286,735.9988646,52.03138267,15.26477394,85.25858448,6.330307686,1.2,0.01348768,2
1334.321288,30.00534858,400.3677538,722.9531672,67.4498533,9.477779222,48.1261488,0.027717934,0,0.007439599,2
3616.346317,33.6902808,1218.357229,783.8974392,63.43467591,18.0894561,153.0141836,-1.35317882,2.266666667,0.015363944,2
1537.620543,59.35842314,912.7073084,787.2713083,39.64315551,11.99376867,52.01076223,-0.263045775,0,0.006396329,2
3921.875221,40.94648873,1605.870195,998.669491,58.84358783,21.39292873,90.45725812,0.060328239,1.133333333,0.010706793,1
6446.458556,14.55084959,938.0144885,1136.509609,85.30616169,18.27815312,315.1642652,-0.919443759,2.933333333,0.008148174,1
2253.623974,31.66530503,713.6169057,807.7886069,67.46982231,12.49346173,100.2753454,0.19030055,0,0.007628007,1
3191.434435,44.04479478,1405.660748,805.3010291,54.43546447,17.08635792,88.8260793,-0.038508053,1.666666667,0.011082922,2
753.8337997,37.6208261,283.5985029,771.5864786,58.63355732,8.719789268,58.60006516,-0.802385985,0,0.007118704,2
1141.478815,55.50632866,633.5929823,702.355973,41.64142359,10.02244905,41.81907719,0.719891627,0,0.007517334,2
4570.489658,21.9714983,1004.205057,890.6856236,77.66368372,15.89279203,107.5687516,-0.513298913,0.866666667,0.008137221,2
12625.83399,5.891302058,743.826018,971.2359279,93.69729947,18.91827208,346.8056564,-0.654034834,1.8,0.011746815,1
2330.150004,36.80973855,857.7221242,936.7142103,62.78563614,14.94377397,86.74829702,1.838397879,0.6,0.008057175,3
2633.122312,22.21256528,584.8840125,953.2547318,77.73452839,12.10530728,67.09351663,0.115744061,0.2,0.004373032,3
3504.488048,69.40886985,2432.425548,724.9741904,26.42947538,22.7383376,71.96757325,-0.364692938,2.133333333,0.017717602,2
1115.883209,52.21738721,582.6850562,698.1211772,45.09531363,10.09052128,46.80308024,0.405905509,0,0.007550119,2
2826.180586,36.86422395,1041.84954,795.2163612,62.22361092,13.65186486,70.83371581,2.404684364,0.133333333,0.00789213,2
7224.129419,9.014867317,651.245682,817.8901291,90.2692032,15.57227232,252.6873596,0.383908871,1.533333333,0.011396399,1
1035.289759,48.09289508,497.9008176,731.195205,48.10190842,10.66124733,66.45326265,-0.291139229,0,0.008667937,2
4405.998178,13.9393098,614.1657359,953.7618526,85.24366084,15.92950219,320.6417727,0.43496437,0.733333333,0.009991246,2
4151.434809,43.31303273,1798.112318,867.1322934,55.1589776,20.33412845,160.4351483,-0.896320266,2.533333333,0.013534939,3
2163.778164,24.95205595,539.9071381,833.7273071,73.83482386,12.05967182,61.21716621,0.009586261,0.2,0.007701383,3
5473.478699,9.728275842,532.475106,1160.757556,89.65545992,16.63060255,374.1710213,-1.326983612,1.866666667,0.010210446,2
4945.824229,13.30165204,657.8763293,895.6903981,86.47508216,13.59220922,186.2768477,7.574993644,0.933333333,0.006669193,2
2428.324993,24.31523001,590.4528076,837.6802765,74.44324782,12.79229459,64.04834133,-0.201307584,0.266666667,0.008246687,3
1931.806744,16.78893871,324.3298504,798.7885526,82.56187696,8.952919835,107.6378892,1.991013014,0,0.005449035,2
5105.667567,19.82732472,1012.317288,1119.710771,80.16511033,18.46900843,114.0962647,0.014709917,0.266666667,0.00552971,3
3725.471771,41.7903492,1556.887663,982.3009095,58.01586853,20.3368324,100.0623387,0.215370392,0.866666667,0.010023671,1
5381.165844,10.61276325,571.0903913,825.271353,88.0649558,15.74499477,282.5645499,2.300166,1.333333333,0.015775484,2
1897.513861,17.92544307,340.1377669,646.5165564,79.80221151,8.829519703,103.3912835,4.829864188,0,0.009007547,2
3331.365584,30.17712169,1005.310246,915.3908768,69.41044816,17.32298835,100.9457923,-0.346287442,1,0.009566417,2
3200.106817,34.12207992,1091.943006,847.4829228,63.86856142,16.67047733,140.5899984,-0.720388526,1.4,0.013095169,2
1295.491541,29.98366908,388.4358968,725.2979354,67.58995225,9.573093196,49.00711926,-0.056157789,0,0.00736758,2
3757.269539,73.86856207,2775.440982,758.3248433,23.23577652,23.19270361,81.87583236,-0.712196383,1.866666667,0.016144299,1
1858.495089,49.31717577,916.5572897,840.8684428,50.22841103,12.99243617,58.62012326,-0.391556144,0,0.006556113,1
3151.769283,24.82801254,782.5216728,867.5606374,74.51105436,14.04824868,77.84381282,0.249573863,0.333333333,0.007978843,1
2122.41813,35.01287371,743.1195792,863.0829149,63.74378258,14.21441041,62.28699315,0.17062359,0.533333333,0.009001563,2
8836.772525,12.06654747,1066.293351,901.3643426,87.01038195,19.14162857,323.3277316,-1.100366426,2.866666667,0.013051553,2
654.4530727,44.2961109,289.8972588,716.0591646,49.15935286,9.414296193,34.39257908,0.726749859,0,0.008588028,2
6427.9982,11.70751103,752.5585984,927.2073842,88.2178327,15.3916796,149.4045939,1.439963986,1.066666667,0.005870247,3
2206.305582,33.20511674,732.6063442,772.2116391,65.63155183,13.36341065,86.98630842,0.53556767,0.6,0.009026943,1
12853.01735,6.261636715,804.8092537,938.8840062,93.24063468,18.92548561,341.0418705,-0.218999148,1.8,0.011793514,1
2041.521709,30.82159825,629.2296196,801.6549247,67.66192616,13.10836438,82.76571861,0.162758026,0.533333333,0.008952722,1
1042.670325,52.7429224,549.9348006,786.9423537,42.41365923,12.86182323,47.28506698,-0.407111207,0,0.010127112,2
3736.679908,22.91775415,856.3631147,907.7303068,76.91840633,14.87436609,113.9374326,0.368843512,0.8,0.006055968,2
2280.33217,22.36089686,509.9027245,913.0135923,77.41001915,12.0606882,82.27121246,0.001068597,0.133333333,0.005997467,2
2521.263802,37.88680685,955.2263471,830.606816,61.51705042,13.96019798,86.09304431,-0.391688671,0,0.007666118,1
1103.767217,49.0854877,541.7895216,734.9033272,44.13593727,12.31194382,74.51406173,-0.477094057,0.066666667,0.011876919,2
4018.904506,20.3013738,815.8928266,1022.77604,79.56951964,14.8111129,140.5038956,-0.404378086,0.466666667,0.005573977,3
8204.48424,11.31142013,928.0436821,1061.53987,88.25516093,19.47276997,369.2517379,-1.090919616,2.666666667,0.011921987,2
3262.292833,68.12766319,2222.523874,720.0635297,28.12014796,21.72700649,71.78462127,-0.532722671,1.533333333,0.016463836,2
3922.903485,20.22144281,793.2676849,881.5019249,78.98939954,15.87411616,110.8919332,0.493040161,1.533333333,0.010015042,2
1700.7114,60.1851172,1023.575149,816.0363947,39.08137366,12.88460742,55.12617064,-0.294923194,0,0.006804766,1
3370.186074,61.79370546,2082.562856,713.2161131,33.77320561,21.42058489,75.56784212,0.528552144,1.533333333,0.017422597,2
1196.951619,32.31611428,386.8082531,723.5746863,65.32756537,9.160059553,55.74302805,0.310848952,0,0.007231469,2
2228.187061,29.41917496,655.51425,860.8986483,70.27959499,12.04745294,65.42564127,-0.723504659,0.133333333,0.005378933,2
3930.565886,40.96388926,1610.112657,983.6451712,58.85519823,20.55228827,94.52025414,0.544045909,1.2,0.009936054,1
1666.795588,23.14260633,385.7399413,731.6006734,75.24336391,9.611385266,56.66286581,-0.330568065,0,0.006781177,2
4482.14374,20.53000129,920.1841678,1062.369448,79.41222547,16.56370868,157.9847199,-0.814615574,0.933333333,0.005889076,3
6712.604099,18.12715809,1216.804357,637.4976115,79.39211133,17.34193,158.2217369,-0.497525366,1.933333333,0.018618226,2
1322.107143,55.8097949,737.8652851,778.6738991,43.175183,10.87979619,48.73531094,-0.24326831,0,0.006066431,2
759.4878858,31.99836699,243.0237209,870.9797461,66.52741271,8.618438329,46.12957445,-0.143043927,0,0.005850522,1
2778.047428,54.16444679,1504.714021,853.1982446,45.5040173,16.07444764,72.53587732,0.062159834,0.2,0.007725637,1
1411.125792,60.28080382,850.6379706,791.0514587,38.51722148,11.8910825,51.22983193,-0.163988866,0.133333333,0.00670379,2
4326.467505,24.76056445,1071.257775,1062.346336,75.16250283,17.4615386,163.089932,-0.934581613,0.533333333,0.006508695,3
2532.191401,30.00307842,759.7353716,788.4059673,68.75317719,13.10002157,88.66080602,2.085341034,0.333333333,0.008930154,2
3456.493837,42.63668315,1473.734326,751.0709902,55.42957619,16.44307834,101.5422863,-0.020391736,2.133333333,0.01150886,2
3934.434164,30.21943858,1188.963916,1069.101995,69.75808239,17.63802087,90.3481233,-0.251400735,0.733333333,0.00649414,1
2358.334874,21.25573594,501.2814333,709.876074,73.36299671,13.54404672,137.6234934,4.445110319,1.4,0.013531231,2
3620.980107,20.64008623,747.3734163,725.3034173,77.43429108,15.20659592,104.108775,1.229156328,0.2,0.012493631,2
1845.93973,44.98239353,830.3478737,849.9596749,53.58670786,14.60856649,85.55710883,1.202704601,0.4,0.009283041,2
2093.359492,26.9809324,564.8079095,705.4197742,71.92819108,9.907594812,66.54993543,-0.458258557,0,0.00702944,2
6749.985635,12.15071999,820.1718539,1154.557966,87.84176066,18.64486244,161.0592242,0.144209333,1.333333333,0.005566007,3
2142.223042,43.44174764,930.6191277,698.3032763,44.51948393,18.58502937,73.57864715,1.341923767,2.466666667,0.019681764,2
4359.224265,70.78215985,3085.553087,783.2590918,26.44911133,26.17634356,81.53744502,-0.620456477,3.933333333,0.018084872,1
2451.893789,55.031376,1349.31089,707.4623879,39.72776685,17.5052701,72.88061743,2.744505283,1.8,0.01582838,2
2532.066482,15.29720779,387.3354712,727.691834,83.40178396,9.868415817,73.6604684,5.450374178,0,0.00776946,2
3835.390771,20.57475137,789.1221152,934.1010522,79.28614037,14.34028867,111.4089047,-0.056631359,0.6,0.005724721,3
1770.636243,40.91365893,724.4320731,786.7199789,57.79121165,12.22353753,64.94034741,-0.183033708,0,0.007847514,1
2290.038059,25.17127027,576.4316691,956.0116056,74.72683554,12.04445661,61.40082626,0.098657192,0.2,0.005335541,2
662.6505291,47.29139837,313.3767015,720.6482968,46.70691466,9.788374043,37.66412818,0.695797884,0,0.008897912,2
2373.915093,69.04376032,1639.040247,822.7339627,29.5286207,18.80949645,59.65797586,-0.140087678,0.4,0.011702712,3
6117.805868,14.82150803,906.7510882,811.9416659,83.69825914,17.22453779,239.3556141,0.841907504,1.6,0.016341622,1
2565.866483,64.08359118,1644.299387,677.1045553,31.6808497,18.08284221,61.74404842,0.131341292,0.266666667,0.01526224,2
4059.443274,44.94217515,1824.402107,763.0284868,53.22781292,18.95599593,104.8598875,0.046957648,3.066666667,0.013470198,2
4001.378688,46.18163075,1847.901931,1007.780626,53.59807927,22.59209172,89.07348629,0.514508515,2,0.011348793,1
3941.758913,69.53115791,2740.750614,761.0939141,27.80325742,23.34199596,82.65321607,-0.693222853,1.866666667,0.015898484,1
4143.183359,66.98921652,2775.486071,762.3724837,30.47554687,23.79147733,85.71520344,-0.654817933,2.466666667,0.016398217,1
4551.430134,19.71222533,897.1881638,782.2812963,78.93404482,14.87508264,203.3846574,1.561016488,1.066666667,0.011823738,1
1432.326267,34.05997926,487.8500297,957.6946545,65.81637287,10.62240849,76.88687935,0.058690434,0,0.004819294,2
3966.68423,18.707923,742.0842313,896.3594946,81.08538483,13.84752901,94.27111324,0.109239438,0.133333333,0.006538161,3
5282.404821,10.41813794,550.328221,839.6112023,88.36479485,15.71398948,272.6578939,2.632790237,1.333333333,0.015454713,2
2586.667991,59.94494353,1550.576666,807.7256101,37.89079667,20.02722062,74.09061002,-0.084556845,0.933333333,0.013829104,2
4039.945236,34.69966399,1401.847422,805.2000092,64.35730806,15.97992921,134.7990073,0.21113351,2.066666667,0.011023367,2
814.4581156,35.6295077,290.187417,884.1679717,62.75941986,9.031564081,53.79731352,-0.257149047,0,0.005933481,1
3177.434081,39.17944515,1244.901043,813.9546428,59.88070764,15.85176479,109.5348405,-0.471941536,2,0.009807396,2
782.3397543,35.95486409,281.2891954,730.305807,58.47202892,9.766695268,42.80415617,-0.111535394,0,0.00890451,2
4115.991011,17.85722491,735.0017721,998.8574354,82.03404824,14.93983222,142.0326793,-0.550093284,0.466666667,0.005778565,3
6082.778885,22.95244357,1396.146391,1086.577313,77.02494801,20.19269846,150.7149377,0.760408526,2.666666667,0.007287249,1
1172.372968,55.18028308,646.9187227,749.041038,35.59829704,14.76280516,43.49574125,-0.310124977,0.066666667,0.013847517,1
4247.106009,18.12433869,769.7598775,1005.152412,81.76372186,14.98276601,143.0035077,-0.529437102,0.466666667,0.005742124,3
2328.519086,36.24914518,844.0682642,802.2743175,62.28253019,13.78967566,65.17780227,0.005966342,0.533333333,0.00886101,2
3703.170008,73.06921328,2705.877191,759.1583889,23.95637364,23.1807343,81.83173088,-0.721693233,1.933333333,0.01609978,1
2362.525731,23.08795518,545.4588819,944.3614321,76.80368642,11.84885526,78.57675884,-0.357184277,0.133333333,0.004627908,3
1918.227169,25.3244112,485.779736,711.2018228,73.41342055,9.485945156,84.92907366,1.366854639,0,0.007100759,2
4103.626821,29.32350213,1203.327098,935.4351679,70.5394302,16.55200815,131.3283923,-0.665646967,1.066666667,0.006809612,2
5663.48987,13.56982976,768.5259337,970.4921183,86.31334872,16.37015604,182.891081,-0.848010871,1,0.006391574,3
3184.767906,19.95481261,635.5144678,704.2449154,78.5075132,11.76685638,112.1820366,0.593576249,0.266666667,0.009440996,2
2966.743547,32.28563169,957.8318949,780.8135558,66.92688375,13.59031933,81.95655063,-0.327297683,0.533333333,0.008042644,1
1031.253345,52.09232151,537.2038082,685.5153441,44.92068962,9.254670763,46.05686838,2.133517605,0,0.007165343,2
2230.6069,59.11372201,1318.594762,800.6547186,38.08559006,18.68668503,69.51279983,-0.077683413,0.533333333,0.013135476,2
5060.590913,17.47431998,884.3038489,1136.940718,82.52033825,18.4815491,119.9709834,-0.166490647,0.266666667,0.005320172,3
4082.155014,20.43132874,834.0385108,769.8547784,78.52257359,13.61344985,111.3317238,0.676863803,0.266666667,0.009618381,2
3477.01014,73.77166289,2565.048199,724.0568848,21.79372061,23.44728984,78.62479985,-0.388558634,2.133333333,0.018073986,1
3802.232479,57.97164589,2204.216749,893.6023998,41.01658107,22.47755997,94.3830665,-0.331681761,1.666666667,0.012942185,1
2481.273172,13.51461552,335.3345292,729.6785768,85.35260921,9.439313334,74.39449618,4.941649451,0,0.00723538,2
3988.020143,2.813127612,112.1880958,1320.907744,97.09074892,12.65526309,531.5469534,-1.619839954,1,0.004826841,2
4264.694242,40.48840274,1726.70658,898.5643645,59.04124002,18.44100909,125.7637545,-0.046551771,2.533333333,0.009248991,3
2710.412241,17.37833555,471.024534,860.8630279,82.14803483,10.99709878,112.8419925,-0.341486711,0,0.006167366,2
1154.250294,53.31363156,615.3727489,756.6093245,38.50162836,14.46525428,44.75237721,-0.152356281,0,0.013068004,1
1748.862497,32.86530328,574.7689635,930.1761475,66.62463831,12.35196839,64.98806566,-0.040107696,0,0.006529223,2
5499.282392,2.47050611,135.8601075,1318.813528,97.46350934,12.79607635,534.5297863,-1.613284738,1,0.00469367,2
1025.560542,39.03626726,400.3405541,957.0221683,60.64477479,9.610332057,60.65070571,0.396805794,0,0.004815957,3
1070.683761,62.75436761,671.9008236,784.2159818,35.70594728,10.94627823,43.72766021,0.010438371,0,0.006617185,2
3067.4925,13.66810393,419.2680631,727.9464914,85.61064455,9.944148142,125.4517822,7.111476485,0.333333333,0.006932634,2
4752.795697,13.60293832,646.5198673,929.9549114,85.77271867,14.15626924,369.7624692,-0.866531797,1.266666667,0.008900357,2
2325.533559,59.76682898,1389.897665,774.3683552,39.08392388,15.11326477,69.8165941,2.060475694,1.333333333,0.009008369,2
4189.629749,23.35964997,978.6828442,927.7516711,76.53066467,15.68256716,101.0472617,-0.452218484,0.6,0.006368275,2
2319.820725,70.01303061,1624.176795,814.9580002,28.35577528,20.78260815,58.32750119,-0.155845324,0.533333333,0.013967236,2
1058.825391,41.19659134,436.1999694,803.5743,56.62624513,10.21120865,47.57345251,-0.181258245,0,0.007118173,3
1357.189064,24.98576547,339.1040765,725.1700245,72.74594332,9.144346702,61.26667382,-0.00649486,0,0.0073683,2
2696.241679,19.91366773,536.9206093,768.2504655,79.2350024,10.30574472,177.3933344,1.971384942,0.2,0.006532344,2
8430.482029,7.168087392,604.3043194,1167.254487,92.39983002,18.27434651,403.7246625,-0.555853196,2.733333333,0.0155953,3
4984.612862,35.41905628,1765.502835,1021.477679,64.48036101,21.2219274,127.3657263,-0.522683253,2.4,0.008690601,1
4278.478446,45.15054352,1931.756272,987.2470285,54.65279401,22.65703733,114.2007901,-0.339129563,2.333333333,0.011352378,1
1584.39394,15.97244579,253.0664632,637.7330122,82.81634287,6.76560196,173.8661027,4.553660279,0.266666667,0.006625903,2
3925.001748,30.86878841,1211.600484,919.421425,68.73279751,18.48878432,118.0194715,-0.458131966,0.8,0.010187092,1
6374.083426,22.21820957,1416.207214,995.9499462,77.35550959,20.69476245,174.9692911,0.052303662,2.866666667,0.011503727,2
1055.387187,35.52659111,374.9430906,784.9916017,61.77727066,11.08364434,54.94719071,0.905419233,0.266666667,0.008764608,1
2440.743497,67.2472825,1641.333674,826.1326195,31.56187028,20.76463221,57.87238858,-0.089792593,0.466666667,0.013762544,2
2283.680686,25.99290874,593.5950365,774.7787893,72.44532354,11.91681393,59.42984178,0.309570212,0.2,0.008243816,2
7716.60052,15.99376055,1234.17461,960.9651446,83.38917882,19.66270253,337.4562185,-1.051302351,2.666666667,0.012613883,2
2042.467929,33.69799381,688.2707163,863.7309438,65.2053794,14.02630733,61.54180258,0.329084407,0.533333333,0.008782218,2
2464.749271,20.48103266,504.8061032,901.3797464,79.23091762,11.62371971,74.64022556,2.188568463,0.133333333,0.005418234,2
1690.305354,25.30067459,427.6586573,771.6747936,73.79296965,9.717192785,56.80992105,-0.429486925,0,0.005963933,1
1910.805193,39.82304947,760.9408972,792.1514671,59.09590479,12.57525368,65.44665464,0.078611235,0,0.007847124,1
6544.707496,17.93098821,1173.530729,668.6865943,80.22588994,17.2230455,155.0225516,-0.596607616,1.666666667,0.017257575,2
2244.043837,54.02956773,1212.447185,791.1477313,45.11972159,13.60659066,64.22104959,1.020198371,0.666666667,0.007515121,2
1701.572887,22.64666353,385.3494864,764.1644688,76.22507318,9.621179021,66.18948196,0.144438596,0,0.006323983,1
3981.043506,67.83511074,2700.545271,759.2126887,29.71174246,23.2414188,84.37360903,-0.637547264,1.8,0.0158135,1
6816.005419,16.74611838,1141.416336,590.0754656,78.93832865,19.12438274,151.8958967,0.962712964,2.466666667,0.023665669,2
3693.407789,72.95044719,2694.357499,758.4030071,24.11152396,23.18854924,81.55116569,-0.706886996,1.866666667,0.016099611,1
5596.093833,22.97068758,1285.461231,971.7068886,76.93142701,18.4516612,137.0106201,0.156983785,0.866666667,0.007889142,3
2372.917926,54.79219355,1300.173783,803.4004817,42.6948503,18.56351873,68.44356166,-0.145086698,0.266666667,0.013278076,2
5317.640751,41.81312594,2223.471824,1039.963863,58.1287078,23.54643493,108.498635,0.103917171,3.4,0.009152062,2
3351.982051,14.49126925,485.7447444,734.5879403,83.91213193,12.26587599,124.6991713,6.185947106,0.133333333,0.009723183,2
2130.89596,34.30772175,731.0618567,684.082022,57.15499355,17.04293158,91.2219711,2.830096916,1.733333333,0.021107047,2
1337.364175,39.09080447,522.7864147,749.4642766,57.8038524,11.29948502,58.34555762,0.243009344,0.266666667,0.009040747,2
2154.51199,52.4711317,1130.496824,703.3939138,42.01376964,16.70464852,69.5898991,3.305321168,1.466666667,0.014821159,2
2821.68185,23.45086574,661.7088222,739.5449692,75.369608,12.04511351,86.79770109,0.260447039,0.2,0.008525012,2
2099.766158,51.47022522,1080.754371,790.6436459,47.55612228,13.26011137,62.97886842,0.098510232,0.4,0.007762836,2
3325.349873,71.24158481,2369.03195,721.3777531,24.44328587,22.36123505,68.84993876,-0.44353294,1.866666667,0.017764713,2
1863.011684,25.77292059,480.1525219,820.5556465,72.70583318,11.62254556,60.00407682,-0.336041236,0,0.007622681,2
1862.585611,51.82749144,965.3313982,831.215325,47.5587098,13.38592718,62.61580411,-0.170702093,0.133333333,0.006985399,1
3518.150164,41.14447475,1447.524406,642.5014409,53.83123129,16.62381334,116.2719063,-0.287820682,2.333333333,0.018377419,2
1580.609977,56.94580052,900.0910047,789.4333833,42.02743879,11.97330275,52.22762224,-0.243426611,0.133333333,0.006684431,2
4457.189344,24.41376199,1088.167598,940.2906923,75.4715633,16.14695404,120.3266485,-0.445875044,0.733333333,0.00651187,2
3192.79882,41.67234084,1330.514007,907.0603147,57.7385597,18.83961496,101.7058266,-0.552872219,1.533333333,0.01135544,2
3913.504493,30.65069404,1199.516288,1071.624461,69.31993344,17.73519466,92.80548815,-0.442548234,0.666666667,0.007004334,1
838.8082589,47.36590871,397.3091541,788.514766,49.53736393,11.00469852,48.43226,0.149210612,0.2,0.008373074,1
2257.544384,32.23578171,727.7370798,738.387076,64.30789004,15.21175004,78.8751909,2.273485157,0.133333333,0.012847472,2
2007.857596,35.88294095,720.4783556,857.0511605,63.03427905,13.95338748,62.33800165,0.094113794,0.4,0.008631591,2
496.282316,47.20687398,234.2793675,780.6278522,49.15584465,7.405098624,47.71100582,0.611857624,0,0.005780792,2
1895.948334,21.95900864,416.3314584,749.5495139,77.08300789,9.296367893,86.58705495,-0.875338491,0,0.006515101,2
4783.519832,48.63340934,2326.388781,986.4762762,51.13595393,22.53383404,126.7529655,-0.74119662,1.8,0.009667367,2
2174.88814,39.90999528,867.9977539,830.3324036,59.36410667,13.79227214,81.4894866,-0.131603051,0,0.007840486,1
1313.580326,56.34430451,740.1276989,771.7720816,42.59824117,11.02420127,44.83024126,-0.025532893,0,0.006324541,2
7561.140329,18.69547003,1413.590724,952.1357673,81.08878061,18.50467017,270.823802,-0.067799676,2.866666667,0.008864001,1
4379.429295,48.24308888,2112.771967,1010.301228,51.55251173,24.06960875,100.6306711,1.198501816,3.266666667,0.011889324,1
1218.309497,51.16285537,623.3219261,619.2097718,43.81892144,10.65253488,45.99898156,6.869295827,0.6,0.010169203,2
2508.061722,42.34556956,1062.053021,886.3432451,56.71619419,16.66708928,77.71765822,1.053603505,0.466666667,0.009976269,2
1241.607813,26.4414805,328.2994877,722.6478534,71.29425952,8.835580473,54.28931286,-0.063298318,0,0.007030195,2
3794.31348,71.97376063,2730.910102,759.9132985,24.98986615,23.23752247,82.05296388,-0.652108396,1.933333333,0.016108351,1
4034.859856,22.39475288,903.5968938,879.0469755,77.24426584,15.05378216,103.8122908,0.330073288,0.666666667,0.008047172,3
2375.691346,24.02304395,570.7133763,834.5626,74.5760687,12.56416657,61.3014479,-0.097939393,0.266666667,0.008219388,3
1894.732296,55.61543798,1053.763665,812.0782204,42.17538269,17.43982302,53.3891787,0.057703113,0.066666667,0.012374424,2
3800.417393,51.34558148,1951.346409,977.7103819,48.20850754,23.21156823,93.81141492,-0.213445556,2.466666667,0.012824927,1
1433.709511,27.87114468,399.591252,723.9808143,70.28994483,9.274499343,50.08594452,-0.247237504,0,0.006819621,2
5992.90401,10.91677092,654.231602,1033.457087,88.90035962,16.12369224,215.346794,-0.814142983,1.866666667,0.007767563,3
1113.129432,56.33368384,627.066815,697.4525754,40.90998986,9.704192293,41.19150448,1.008841575,0,0.007358247,2
1717.051329,37.97076963,651.9776046,740.4149363,56.88502062,15.63059264,133.6521094,-0.448992063,1.066666667,0.018624331,2
4156.875283,42.1962497,1754.045474,976.8153478,57.56566315,21.98111758,103.4327947,-0.05351401,1.8,0.011232046,1
1164.568864,33.68162262,392.2456898,780.4213197,63.36920587,11.32679399,57.43468304,0.341325043,0.266666667,0.008916662,1
5098.679492,15.39767417,785.0780552,908.6913629,84.41166455,15.24003015,102.2299239,-0.11229033,0.333333333,0.007309454,3
3321.382315,31.99764811,1062.764226,978.4769379,67.64125887,17.92127324,148.6178433,0.606124799,1.4,0.009643311,2
1443.650222,39.88838221,575.8487184,808.7657968,56.65815511,13.58624432,53.01519419,0.296925298,0,0.010310787,1
2368.86772,52.358734,1240.309148,795.7274981,46.8844689,14.25719687,86.9939902,1.140153861,0,0.007848063,1
3854.2027,28.75001539,1108.083869,750.6743568,68.98158664,16.78185623,120.8557419,-0.967287935,1.933333333,0.01478854,2
2201.707309,27.12663593,597.2491259,891.0264519,72.63674405,11.93546007,66.51260488,-0.520351846,0,0.004880752,2
2828.721569,27.56143006,779.6361169,905.1101122,71.77929664,14.25621195,113.6599773,-0.727529262,0.333333333,0.007625739,3
1219.07991,49.53864927,603.9157211,803.2908771,46.1549838,13.91769189,50.44774887,0.122642574,0,0.01105724,1
6145.373066,10.80461804,663.9840872,1148.916751,89.14412582,17.71736047,270.769701,0.473946378,2.2,0.006882507,3
3277.748479,7.460281362,244.5292588,790.1481418,91.96952653,10.2024498,407.0665689,1.516366578,0.4,0.007091447,2
2792.809812,15.88924248,443.7563229,814.4580782,83.22017056,10.90736879,81.46579879,1.247931092,0,0.007007513,2
2022.72257,39.7749872,804.5376435,697.0817214,49.21948793,18.27301961,73.73597652,1.299183689,2.133333333,0.019567928,2
2995.364764,42.78494961,1281.565305,928.5789896,56.41169883,18.07652756,92.10747499,-0.124239484,1,0.0104792,2
2599.931112,30.66699168,797.3206577,666.3014935,56.84978863,19.70671386,95.33370056,1.492458064,2.933333333,0.024772307,2
5424.037143,10.9193598,592.2701311,817.9488208,87.72006292,16.1605677,286.3738557,2.214727682,1.533333333,0.017603107,2
3715.214361,19.71042593,732.2845749,947.8051699,80.1321859,14.09817135,120.6133256,-0.236133749,0.466666667,0.005781085,3
1840.647437,23.65695924,435.4412139,771.798011,72.9645345,13.29681181,115.8215537,2.114159666,0.466666667,0.013773007,2
6530.578563,14.26638711,931.6776182,811.8490747,83.22243398,18.45956309,339.6726711,-0.70096606,3.266666667,0.019314197,2
4422.165167,32.49912734,1437.165089,1003.811853,67.38627977,19.13087575,126.2280347,-0.587219842,1.6,0.008093591,1
3276.094941,18.86813211,618.1379215,864.395809,80.57967018,13.60429642,268.5841513,2.889739493,0.733333333,0.008841084,2
1086.053454,49.04685543,532.6750676,750.3593647,41.9259048,14.6025444,46.37220643,-0.429325144,0.133333333,0.013804652,1
5265.487923,46.80715018,2464.624839,1020.591656,53.1325179,23.8692613,103.7787318,-0.027506677,3.666666667,0.009703073,2
2332.700894,16.78946607,391.6480252,819.7226265,82.32884388,10.2869298,79.32527687,1.531063512,0,0.006475359,2
2840.165658,21.89595567,621.8814135,792.1151891,77.48649131,12.26121171,88.0224542,-0.190458276,0.2,0.007097314,2
2032.181987,27.36476344,556.1017935,827.4412502,71.32010254,12.06757375,68.17730108,0.467278151,0,0.007659016,2
1649.250735,62.81398305,1035.960077,814.7840525,36.42516015,13.0820499,55.00964272,-0.43335039,0,0.006923525,1
1841.306251,23.44521264,431.6981661,710.9621283,75.2125949,9.378708966,84.14321103,1.504294937,0,0.007042438,2
1663.170876,24.57856342,408.7835085,742.70333,74.19931935,9.215305533,84.07888812,-0.765533204,0,0.006618624,2
3493.550359,38.41173631,1341.933352,757.2395072,59.79893727,16.48370456,100.4093231,0.184459173,2.133333333,0.011537174,2
4625.370091,43.82698197,2027.160116,778.9501193,53.45915809,21.48633023,158.0817646,-1.031793796,3.266666667,0.016314917,3
1689.215014,21.08885943,356.2361798,901.9410959,78.49900254,10.01752048,58.07007737,-0.078511888,0,0.005164878,2
3994.945106,16.78830385,670.6835229,772.0087897,82.24371577,13.53965734,161.3625102,0.097031409,0.6,0.010026017,2
701.1013234,38.60217925,270.6403896,769.8195822,56.7328346,9.346282567,42.07166565,-0.292458826,0,0.007758457,1
2307.593511,20.58138631,474.9347349,953.0531036,79.31206732,11.57964895,65.64519243,-0.177280842,0.2,0.004891847,3
1879.093338,25.06509235,470.9964804,1105.302285,74.93119525,11.88801574,72.1450512,0.666736214,0,0.004037164,3
4418.662806,20.58938848,909.7756509,953.6579792,79.30537089,15.80444609,117.079448,-0.028884356,0.4,0.006484289,2
1534.493828,26.74433619,410.3901881,708.3843724,71.60976437,8.963779516,78.18973603,2.399984391,0,0.007030813,2
3557.163138,36.32223504,1292.041156,937.2245364,63.2170884,17.42741506,174.9283593,-1.370652994,0.6,0.008888377,3
4425.709609,23.74989465,1051.101369,876.6036892,75.4202314,16.7626016,116.4038565,0.181799145,1.933333333,0.010192506,2
1665.856933,37.14096434,618.7153294,966.4694705,62.67370843,12.31955132,58.47892978,0.408727156,0.2,0.005996332,2
3663.275951,27.97857434,1024.932385,929.9600091,71.80236521,15.74783034,127.3584331,-0.431885469,0.6,0.006906153,2
3080.564818,18.40330676,566.9257934,895.5924885,81.18823102,12.55958073,92.96263638,0.738683438,0,0.006657013,2
1231.310212,69.90928326,860.800144,789.6530382,28.20197127,12.78310739,44.78724955,0.241424238,0.4,0.008386001,2
999.0315765,40.81507022,407.7554395,752.1748255,55.85222485,9.910573044,64.76621079,-0.615153906,0,0.007705938,2
1673.565346,27.58272567,461.6149382,860.5099707,71.71646399,10.88731308,68.16107262,1.138463658,0,0.005921126,2
3350.07125,39.47502233,1322.441374,915.7301381,59.92697615,17.95808873,97.27238902,-0.404409192,1,0.009959939,2
5021.251434,38.59526975,1937.965536,1036.099557,61.34466943,21.88136827,101.8623774,0.03034104,2.333333333,0.008664943,2
4665.165822,35.78946231,1669.637764,884.5918185,63.74804306,18.1053224,121.1678991,0.232797588,2.533333333,0.009238083,3
3500.747841,65.67888866,2299.252277,728.1098704,30.00288223,23.24936138,79.57531909,-0.598033859,1.666666667,0.018189387,1
2022.202721,26.53815383,536.655269,845.3789139,71.90217857,13.77778441,65.32817185,2.048617947,0.133333333,0.009957944,3
2054.315403,46.66256129,958.5961839,866.6327445,51.27504317,16.67617181,67.69014181,1.515185134,0.533333333,0.011127183,2
1422.159425,34.40842117,489.3426046,837.7617325,63.48488181,12.42820524,58.89966374,-0.087135642,0.133333333,0.008783787,3
4111.108789,25.68784825,1056.055387,922.3271086,73.5189288,16.88049297,131.3608145,1.373245601,1.666666667,0.010167487,2
1317.089138,64.54897882,850.1675889,786.4744987,33.61824655,12.62741584,46.302578,0.343939811,0.4,0.008333077,2
6852.797566,16.68688539,1143.518476,634.3984595,81.05351589,17.29864662,158.3549996,-0.469555461,1.933333333,0.018626922,2
1973.986782,22.77423553,449.5603991,895.5703221,76.69030362,11.18218709,73.87356619,0.346036456,0,0.005812989,2
4587.256961,13.3357095,611.7432625,958.934547,85.89138371,16.94875008,324.4045584,0.240289204,1.2,0.010028512,2
2005.779291,24.26449266,486.6921688,735.9742926,74.48191403,10.27294397,60.84738859,-0.045764215,0,0.007264194,2
9830.428955,5.609169157,551.405389,1135.5675,94.29395971,18.39592276,289.1218661,-0.68695506,2.4,0.007543976,2
3846.465896,46.36542339,1783.430198,996.6963235,53.4756563,21.14244853,106.4774732,0.202797937,1.6,0.010094234,1
4234.062782,19.21202908,813.449373,1006.101785,80.65861013,14.99637495,143.2253182,-0.533714115,0.466666667,0.005736672,3
4607.484686,39.87746837,1837.348248,1015.661104,60.03952204,21.53031375,92.0598677,-0.385930404,2.533333333,0.009060468,2
2893.767287,30.36059559,878.5649836,771.0494954,68.90109448,12.73774161,81.02659365,-0.459286561,0.2,0.007453109,1
2586.310776,20.94837834,541.7901664,926.8664111,78.82575639,12.33280597,75.16459035,0.376791467,0.133333333,0.00593686,2
1566.348859,40.115979,628.3561792,864.5485042,57.25662377,13.77612633,56.60476651,0.422404479,0,0.009579933,3
2572.771736,34.70977862,893.003374,657.4940197,63.35787314,12.09760488,79.88614848,2.665075989,0.533333333,0.009696686,2
1011.497004,44.89377055,454.0991441,900.9414424,54.12438089,10.27802193,79.88304857,0.291194005,0,0.006043375,3
5518.843641,16.62081678,917.2768898,913.044992,83.25591875,16.81988781,153.6066449,0.262236023,1.6,0.009081358,2
5667.000913,10.48237408,594.0362347,804.0515513,87.86456433,16.43635503,294.7004314,1.995870761,1.666666667,0.018339888,2
3515.010258,53.52736977,1881.492538,807.2606315,45.85758666,16.77502587,109.6153937,0.314625577,0.6,0.008778522,1
1755.16528,26.76554615,469.7795729,728.2496996,72.13759643,9.355904297,61.01307139,-0.069981853,0,0.006392336,2
3679.034304,67.49272676,2483.08057,725.1864952,29.18736267,22.631124,73.78591092,-0.667591324,1.733333333,0.016758438,2
4446.682781,39.91683371,1774.974971,1012.632453,59.98180492,21.43542669,90.24389657,-0.373468625,2.466666667,0.009198342,2
3108.314584,25.62108079,796.3837907,982.1375822,74.12427889,14.75901736,102.311862,0.406591892,0.4,0.007211456,3
3174.94841,28.04450387,890.3985298,749.5140069,71.07216156,13.78411331,97.1013759,-0.163725593,0.6,0.008870909,2
3745.151453,22.05674993,826.0586904,768.0470355,76.66935579,13.68869424,110.5369779,0.719075238,0.266666667,0.009681589,2
2706.423935,26.34144241,712.9111024,856.9860162,72.00685764,15.06697592,68.77984643,3.03649804,0.733333333,0.010387498,2
3319.956316,23.88618015,793.0107467,963.9097301,75.88353687,14.8167593,98.18589798,0.317239899,0.4,0.007239518,3
3597.054414,27.86007459,1002.142043,1093.270077,72.12307492,17.24146046,106.0531237,0.138503925,0.8,0.006432652,1
2470.777076,21.48293118,530.7953388,899.8353423,78.22853257,11.81550377,74.77319803,2.09353165,0.133333333,0.005502653,2
650.6581254,39.78646852,258.8738902,647.660143,53.96612147,9.083250693,48.07837401,1.120856198,0,0.00997532,2
1483.356159,37.61052795,557.8980827,865.5813251,59.6842644,13.66416069,56.52956341,0.447149785,0,0.009417117,3
1218.20275,48.71231845,593.4148028,803.6186184,47.2221281,13.92300767,50.11415628,0.158833201,0,0.011066844,1
3182.611663,29.47567104,938.0961443,751.5689629,69.7311562,13.16365717,97.45144577,-0.132135847,0.333333333,0.008096978,2
2116.888284,26.9666238,570.8533,805.3390211,72.22282022,11.53886563,89.80483144,0.923683971,0,0.006932837,1
4483.628829,64.49012798,2891.49797,758.1884781,33.29865978,24.68327956,84.79169859,-0.914560327,3.866666667,0.017390491,1
1756.49242,19.12724943,335.9686863,904.6797966,80.47042973,10.02623173,56.14056283,-0.226444866,0,0.005038763,2
4337.745112,11.88264254,515.4387459,1108.142329,87.83050652,14.88097088,353.1187199,-1.188607707,1.266666667,0.010840929,2
2346.085108,32.91402327,772.1909984,778.2921539,65.80766666,13.53139989,91.85088868,0.214091537,0.6,0.009312324,1
2524.624914,23.23998973,586.7225708,959.2070526,76.66892099,12.13155561,64.31244672,0.231158573,0.4,0.004858794,3
3937.152358,70.75837296,2785.864949,748.2687455,25.892924,24.2829528,79.13061106,-0.664991782,3.533333333,0.017597997,1
7123.497941,12.96440512,923.5191316,965.0166812,86.85717297,17.45430089,159.5789325,2.035207871,1.666666667,0.007977131,3
2274.078469,43.16138657,981.5237987,742.3217292,54.6871333,13.95769082,107.4708078,2.508879146,0.4,0.009998568,3
2052.372766,33.8142248,693.9939407,858.7642761,64.93529336,13.67917997,60.95264562,0.182603252,0.4,0.008482949,2
1728.169599,22.88098371,395.4222045,732.4024114,75.56391534,9.641995314,57.02355503,-0.343081042,0,0.006899312,2
5794.044967,21.48313198,1244.742327,747.8158487,75.70454836,18.9785164,252.7151875,0.771832258,2.866666667,0.019400901,2
2194.82741,40.55191264,890.0444937,810.4325368,57.43001161,14.77598459,77.34396152,1.177743657,0.866666667,0.010280648,1
2447.387045,31.53016699,771.6652222,776.3415684,66.75896778,13.06257215,99.02821636,2.249518097,0.333333333,0.009253908,2
7291.764021,9.476145624,690.9781772,818.7256769,89.78872925,15.33990898,251.8850728,0.403612231,1.533333333,0.011219485,1
1550.503109,32.99369122,511.5682081,744.0646796,65.75712326,9.956018826,72.5414859,-0.064566809,0,0.006770448,2
6060.909948,17.78614211,1078.002057,1063.250063,81.86213115,20.24163488,220.2020253,0.004981758,3.333333333,0.010510364,2
1936.218101,35.55497093,688.4217831,794.3919842,63.36229018,13.2979932,65.95628179,0.077342758,0.133333333,0.008888549,2
2956.154127,54.8706502,1622.06099,833.6695584,43.84396166,19.75618548,77.88397838,0.475292955,1.266666667,0.01263608,1
973.8433405,43.23981041,421.0880141,791.7246879,54.38866495,10.91786295,45.43155487,-0.089792816,0.2,0.008134689,1
2284.60345,44.1465772,1008.574226,972.4965157,55.61105575,15.59690631,87.06458992,-0.205234579,0.4,0.007343533,2
6176.272338,17.0764281,1054.686705,905.8140557,82.16976317,17.25347988,193.64352,-1.075952251,1.466666667,0.010948394,1
779.6104246,34.3932671,268.1334957,729.9554872,60.20092727,9.497453743,42.42595172,-0.03746336,0,0.00851689,2
3189.690968,35.02149499,1117.077462,770.9954818,61.70124698,17.79724007,111.9326146,2.73717448,1.133333333,0.014384346,1
2129.775917,71.30132834,1518.55852,837.7858712,27.462689,19.13949753,57.51711355,-0.588775395,0.266666667,0.012059825,3
1729.570393,20.34385961,351.8613726,732.4952682,78.00049734,9.991880583,60.65398809,-0.147414838,0,0.007471304,2
4438.745057,17.93286151,795.9940036,872.5528785,80.83950806,16.46763231,267.9496849,4.770804094,0.866666667,0.011148758,2
1214.175298,35.72673351,433.7851731,784.5935724,60.77003108,11.87464211,54.56374759,-0.103120682,0,0.009671517,1
3071.307021,39.63992464,1217.463788,973.8279995,60.12364411,17.1516657,170.701423,-1.186003208,0.8,0.007519779,2
12737.54474,6.506876171,828.8162637,982.502867,93.17767496,18.98184509,348.3273618,-0.673189309,2,0.011204655,1
3165.859625,15.51923359,491.3171503,814.0330724,83.51897015,11.82164579,75.61755706,0.091892848,0,0.007604335,2
4672.606645,39.27155367,1835.005227,1016.920828,60.64250391,21.46382569,92.69890654,-0.40145414,2.333333333,0.00892117,2
5095.596029,14.41223636,734.3893436,898.5369489,85.38203767,14.83349412,100.5268331,-0.076510816,0.333333333,0.007260137,3
749.9438388,32.59111646,244.4150699,869.9928695,65.64194414,8.643714142,45.97184388,-0.096106819,0,0.005957564,1
1894.387596,22.36302366,423.6423465,608.8210235,75.97376436,8.641139635,72.38636816,6.655007354,0.2,0.007481184,2
3826.797235,69.86032522,2673.412994,760.3882725,26.98016171,23.18893476,83.36011346,-0.768157732,2.066666667,0.016345341,1
4957.999769,23.29581223,1155.006316,844.3875009,73.53898179,20.7431615,227.7002605,0.161763148,4.333333333,0.017512639,3
4455.540486,41.15309184,1833.592668,1033.478755,58.76990367,21.85230553,94.3949947,-0.450134664,1.8,0.009325607,1
2812.335937,29.69060567,834.9995733,1009.314434,70.08436557,14.7153137,88.0969952,1.630895982,0.4,0.006893757,3
1373.458388,24.72972612,339.6524978,722.1660426,73.2665245,8.793071596,54.52146429,0.006913804,0,0.006928944,2
7921.786887,23.97741719,1899.43989,716.4059348,74.16381551,20.21340726,179.0877714,3.159737737,3.066666667,0.016243267,2
1877.225438,41.5153854,779.3373755,772.1654969,53.81113873,15.94898023,67.6375063,-0.421620533,0,0.013608759,1
1425.82265,24.76246306,353.0688069,719.7040506,73.57225877,9.04813714,52.22321014,-0.088943318,0,0.006791333,2
1696.994153,37.31408687,633.2178725,738.1049002,61.59326463,10.3490004,73.59373793,-0.810283321,0,0.006588027,2
3950.789838,46.09146737,1820.977009,1012.219453,53.69819505,22.50294674,81.25323827,-0.394442963,2,0.011304198,1
2594.913543,13.72897839,356.2551195,731.2582312,84.94533065,9.846649622,73.78205664,5.107161126,0,0.007772893,2
3673.99697,3.882220207,142.6326528,989.1680328,95.86541883,10.42146928,538.9194157,-1.429236039,0.6,0.005663096,2
9016.033576,6.876920009,620.025417,1084.537985,93.0029661,17.72901082,277.9260226,-0.656388277,2.133333333,0.007422432,2
1585.018878,57.18123217,906.3333247,780.5866202,41.90553216,11.81413367,50.25680627,0.053315283,0,0.006309246,2
2403.637728,36.8955289,886.8348525,800.3209745,61.56691875,13.96903441,65.31504643,-0.086112339,0.533333333,0.008944642,2
5707.989987,19.03809608,1086.692618,998.7921176,80.77397498,20.80680553,171.8908443,0.071808744,2.866666667,0.011466441,2
4112.779055,21.1609232,870.3020173,882.4988727,78.37442344,14.98416718,105.3684458,0.397165026,0.666666667,0.008083291,3
9287.691664,8.329785199,773.6447656,1065.680147,91.44262972,19.01129409,265.0138549,-0.308213787,2.8,0.009016174,3
4722.021964,22.72844102,1073.241977,1036.996923,77.19555545,17.62985235,173.9674679,-0.943589331,0.866666667,0.00724135,1
3239.642599,70.43170555,2281.735536,712.9823135,25.31243505,22.17367909,72.46747061,-0.409767093,1.266666667,0.017201761,1
1649.349424,42.59562232,702.5506516,856.4577057,56.78610876,11.65698414,53.90382503,0.960788574,0,0.00620865,3
692.0870108,41.73332666,288.830933,714.176045,51.70323786,9.504467315,36.14085208,0.649534525,0,0.008908441,2
4666.5705,15.57112432,726.6374939,814.3578961,83.98159754,13.7930423,130.4919689,0.767206131,1.2,0.008207865,2
832.9358045,39.38820113,328.07843,728.5061941,55.40587978,10.15183393,39.44266112,0.588760675,0,0.008914109,2
8333.854593,7.862082123,655.2144922,1070.469124,92.00427935,17.73375158,302.8281647,-1.082496212,2.2,0.007813952,2
1928.628454,37.4513618,722.2976202,793.9785221,61.46139089,13.44847578,65.47234771,0.150669645,0.133333333,0.009046908,2
6579.20912,15.70061304,1032.976165,991.052502,84.10862441,16.19190039,208.1578803,1.850649779,1.2,0.009828745,3
2098.927103,40.70832271,854.4380184,699.8183306,48.64643746,18.69462881,73.51334047,1.435380757,2.466666667,0.019828269,2
1865.088712,22.56875839,420.9273653,765.9528902,76.39792743,9.720085121,65.73677858,0.267799289,0,0.006249073,1
8232.779665,6.686786042,550.5083615,1155.404309,92.74000535,18.50192916,391.2327322,-0.521890014,2.733333333,0.015616963,3
9239.614028,7.905339852,730.4228899,807.7199971,91.10923841,17.64025949,263.2925492,0.108608264,1.933333333,0.014674281,1
2661.049575,63.90530602,1700.551874,666.3959948,31.35201924,18.84019885,77.62216363,0.906193594,1.066666667,0.017070851,2
1372.109236,60.05347752,823.9993117,791.5162961,38.69051639,12.05394882,48.38386697,0.08758299,0.266666667,0.007039918,2
2714.216698,11.63291632,315.7425572,692.231302,87.60717915,10.05586327,232.6554564,0.33274408,0.6,0.007165049,2
3120.421525,33.06500112,1031.767412,756.55836,65.89303866,14.1335883,86.57256346,1.028176456,0.6,0.00898027,2
3103.505054,37.99623249,1179.214996,828.4555989,59.69326684,17.26318363,110.7558099,-0.284854998,1.733333333,0.012807625,2
3392.281861,34.76799779,1179.428482,794.442608,61.67208721,18.54883382,129.0230102,-0.957343823,2.266666667,0.015823577,2
2041.13191,36.35463776,742.0461121,856.8719729,62.32545354,14.26732032,63.00230248,0.271990239,0.466666667,0.009297318,2
1975.955163,28.53338672,563.8069281,772.2974339,69.64275704,11.59859536,58.3822242,0.320579649,0.2,0.008158307,2
1104.07434,55.03161634,607.5899551,700.160384,41.68661021,10.42908807,42.66671171,0.583793623,0.133333333,0.008370829,2
3769.857152,20.73289389,781.6004832,930.5168144,79.20318789,13.91589933,79.98637692,-0.461961032,0,0.004641802,1
4771.60305,16.18585285,772.3246484,841.5153015,83.15304081,14.42572563,103.1965573,8.12203221,1,0.008669424,3
1750.335847,30.46178544,533.1835502,956.1235197,69.37928047,11.82512668,52.20539562,0.374440291,0.2,0.005635723,2
1607.718984,54.80120921,881.0494439,799.4888562,44.10894386,12.58085237,53.2192335,-0.216805625,0,0.00709875,1
4772.056575,29.85502679,1424.698769,645.435578,66.56033504,18.52466478,170.7055919,0.198605066,2.133333333,0.02274611,1
1453.956893,27.46340943,399.3061345,705.9046595,70.91139048,8.708118712,78.39671009,2.18173964,0,0.006834365,2
3408.173952,22.21542416,757.1402995,1120.215492,77.62985324,16.07234038,291.5817021,0.037575501,0.8,0.007758743,1
2873.132543,38.14243616,1095.882746,780.6508987,60.79441398,14.09111108,77.25241711,0.545617998,0.2,0.008556676,2
1044.943718,43.14444786,450.8351976,898.5272046,55.88560272,10.39038,80.29540909,0.206601392,0,0.006070974,3
4036.158447,22.90635743,924.5368803,931.7983368,76.75565964,16.02904246,97.93342391,0.518566684,1.133333333,0.008334787,3
3015.699444,30.87805808,931.1894256,876.0079718,68.92306403,13.72792742,84.96778004,-0.449886975,0.2,0.00564683,2
2345.831342,35.46112082,831.8580864,796.6923605,63.08516436,14.22655823,63.83052885,0.141265436,0.6,0.009112237,2
1458.907997,47.34618966,690.7373473,846.7054396,51.19084511,13.61325461,51.57073861,2.301993622,0.266666667,0.008863193,2
2441.921973,34.39162417,839.8166272,852.3827118,64.12884252,14.94614793,71.18763713,1.376727906,0.533333333,0.009473653,2
660.9249006,42.33175812,279.7811303,723.8987464,52.07751687,8.940968831,39.84719224,0.29689671,0,0.007725669,2
2521.976336,25.99745614,655.6496918,868.7239126,73.51215295,12.33239863,83.09273979,0.811083034,0.133333333,0.00619411,2
8245.504748,7.527700389,620.696893,1079.597243,92.35298421,17.59471897,278.8103506,-0.682079737,2.133333333,0.00743855,2
1401.596069,30.50327627,427.5327211,720.156155,67.15862761,9.542695396,50.50224263,-0.102696353,0,0.007470412,2
3099.372003,30.17275439,935.165902,810.6856651,65.56706818,17.5839033,116.9652612,-0.345920732,2.066666667,0.01561903,2
1553.77934,44.71752498,694.8116645,915.996519,54.49150333,13.12432406,97.05565293,0.405250327,0,0.007427074,2
1251.036123,53.50537522,669.3715715,787.5954075,45.20572592,10.95959839,52.89913741,-0.52653623,0,0.006510325,3
8231.210166,4.716619227,388.2348413,1221.243792,95.27191659,16.89160921,302.2410526,-1.110485733,2.533333333,0.004513941,3
639.7873038,44.01506065,281.6027698,716.5533136,49.44502734,9.302044598,33.89326956,0.809166216,0,0.008556194,2
1705.528346,36.16478841,616.8007176,789.0804965,62.34678616,11.84488132,65.67299243,-0.183894135,0,0.007725784,1
2838.03696,46.02382181,1306.173073,663.2006839,52.15349428,14.09417047,83.5620224,2.234334235,1.266666667,0.011353375,2
4257.468876,40.48750303,1723.74284,987.4118751,59.23548131,19.81050816,141.2412056,-0.437688247,1.133333333,0.00903741,2
5973.86735,19.93574646,1190.935049,745.5046731,77.4709407,18.29934189,258.0083062,1.091132376,2.666666667,0.019427348,2
3746.548215,72.46713765,2715.016252,758.6998619,24.37823226,23.10939842,81.59671693,-0.714985161,2,0.016224142,1
1877.841517,34.77148162,652.9533179,786.0620933,61.47514539,14.74334768,70.32005429,-0.431114587,0,0.012170405,1
3214.873439,24.1200673,775.4296371,921.7730711,75.80007077,13.59238937,80.61698677,-0.528326906,0,0.004808537,1
3929.920962,31.66622393,1244.457572,615.1253664,62.84539512,17.17361169,110.9727846,-0.474257694,2.6,0.021772531,2
2214.85759,30.96772713,685.8910547,865.5022692,68.66395111,11.94767989,65.06405322,-0.615043546,0,0.005444974,2
4291.677025,48.85257793,2096.594863,1057.787071,51.08862427,21.75293759,112.6953106,1.259842347,1.8,0.008698107,2
2227.10355,27.87186014,620.7351868,778.0746973,70.91924669,11.85999786,62.011896,0.22071399,0.2,0.007936673,2
1629.234332,37.3603165,608.6871029,802.4524108,59.11657407,14.13841739,52.04414764,0.055113189,0,0.011101678,1
2947.483401,24.89510776,733.7791689,895.2305106,74.87633767,12.86054877,92.49667642,0.218497901,1,0.006334241,2
3004.095312,28.0837181,843.6616589,882.5268076,70.43007706,15.55344526,83.89703936,0.813990794,0.933333333,0.009928318,3
4217.871919,42.26681953,1782.760312,980.1032173,57.50353795,22.39711713,105.2234606,-0.03851512,2.2,0.011380396,1
2898.521853,16.33620936,473.5085984,746.7194557,83.13495102,10.01354323,108.9532074,10.88462232,0.333333333,0.006128841,2
5819.968914,12.46196462,725.2824672,927.7733251,87.36115169,14.59587936,196.3146924,4.681310521,1.2,0.006898736,2
4463.382088,19.80819732,884.1155312,723.4679873,78.50020753,15.7377766,106.6862639,0.988944654,0.533333333,0.012474426,2
422.2391057,47.62814432,201.1046506,790.2987081,47.33100291,7.561104823,34.76956468,1.033247216,0,0.006299581,2
1440.30373,27.88959932,401.6949395,773.5131411,69.84207395,10.2873059,51.61524003,1.735625464,0.066666667,0.007817961,1
3157.109116,14.40551651,454.7978749,731.25783,83.88379791,12.26612212,118.7758553,7.418687896,0.133333333,0.009723176,2
2995.405926,65.88773937,1973.60525,697.46325,29.81251304,20.03679493,70.25316136,-0.341698968,1.066666667,0.016292154,2
691.9624997,41.26749552,285.5555935,763.7073926,53.77047719,9.725536821,39.42195495,-0.064535304,0,0.008066558,1
1215.921037,45.14822747,548.9667958,775.3924878,47.92089625,14.80268968,61.25850353,0.302956139,0.066666667,0.013183752,1
1115.681668,20.71080547,231.06666,845.0428569,78.21147997,8.22326766,56.52046302,0.102672546,0,0.005414536,2
1324.764784,41.30631329,547.2114922,764.8390165,55.71941949,11.23827892,62.86236928,-0.125659562,0.266666667,0.008706646,2
1033.900518,50.29334926,519.9831987,684.2263666,46.84131443,9.042960672,44.94189821,2.496448527,0,0.007054939,2
1502.217052,23.07368693,346.6168596,768.6086541,75.64180154,9.005109062,52.85648044,0.354609797,0,0.006171745,1
3289.903741,29.28286259,963.377992,746.4330873,69.66554756,13.83971951,95.4119259,-0.105722708,0.6,0.008974724,2
1536.20935,56.45766793,867.3079734,790.9562432,41.69292808,13.03592706,50.83376926,0.351916935,0.333333333,0.008283938,2
6115.610701,30.89074247,1889.157552,717.4415116,65.4976516,21.04899928,198.5586444,3.668268558,3.533333333,0.018926788,2
1195.674654,29.42181103,351.7891371,764.0809412,68.88264901,8.827044945,48.8617942,0.920931749,0.066666667,0.006194804,1
2765.378224,56.97323065,1575.525314,848.3692143,41.84783208,19.16630998,65.70452084,0.271832483,1.266666667,0.012170802,1
2209.57421,43.07590294,951.7940421,738.943791,54.69886618,13.65487654,105.8677256,2.929893712,0.2,0.010273678,3
3034.472797,23.96432307,727.1908644,863.1616034,75.35783893,13.87277306,80.97876198,0.042168006,0.333333333,0.007849345,1
694.8569166,38.67919194,268.7650405,822.6212017,58.71633496,8.254533654,47.34187071,-0.760739095,0,0.006059442,3
2670.974663,24.45054264,653.0677987,845.149492,74.67105902,13.07122822,70.76389727,-0.062829482,0.066666667,0.007819418,3
1935.726641,24.94465698,482.8603707,850.9028146,73.98712323,11.49541101,80.20030119,-0.058484405,0,0.007528528,2
3783.066929,68.59317423,2594.92569,726.6260081,28.02723337,23.08270397,75.43348772,-0.619616125,2.133333333,0.016954646,2
1865.978833,32.73964122,610.9147752,853.5894378,65.20184371,14.28394772,84.58270949,4.593425148,0.333333333,0.011227889,3
4194.923608,19.80382827,830.7554674,697.2319761,76.94461293,15.7138052,134.1717706,1.114927122,1.333333333,0.016786369,1
4422.028632,26.19699376,1158.438565,705.9171493,71.06933458,17.0706596,170.0323702,-0.331303027,2.6,0.01622878,2
1057.364831,54.67761929,578.1419168,867.5785393,43.94734824,10.89576172,93.29108475,-1.11612766,0.2,0.006769586,3
1964.872814,22.12805527,434.7881422,811.4803995,76.33682951,11.40671805,58.50051836,0.125629687,0,0.007553669,2
2330.469131,26.01258906,606.215358,730.9665673,69.79913851,14.36720811,128.0533461,0.3779111,0.933333333,0.017282655,2
6231.334624,11.20488898,698.2141265,1080.173509,87.8569656,17.44814229,401.6948219,-1.484115042,2.066666667,0.01169753,2
2258.709494,66.86841994,1510.36335,840.8658969,32.04961948,19.28873092,59.2406111,-0.568271795,0.266666667,0.011947456,3
3556.922912,65.48337592,2329.193202,723.6691031,30.57863195,22.48919806,69.38315957,-0.079722026,2.533333333,0.017550958,2
1717.675365,38.79643664,666.3968345,784.6246809,59.75492093,11.9181989,64.06430868,-0.185608692,0,0.007813037,1
603.9889753,41.58321813,251.1580531,759.1346179,54.88662806,8.082540505,64.43359599,-0.443972497,0,0.006644981,2
3863.74325,38.68236111,1494.587116,864.4601069,60.40527696,19.30197594,89.16810914,1.01943863,2.466666667,0.012546596,1
2914.730689,15.12798963,440.9401564,729.1302209,84.09658815,10.07144548,126.1507718,6.839434667,0.333333333,0.006890886,2
3313.914156,25.55407384,846.8400704,941.968317,74.07783028,14.61703896,98.7325785,0.101120015,0.466666667,0.007341878,3
1245.223471,55.63287331,692.7535958,779.7072665,43.16199996,10.92701042,48.7649211,-0.409985342,0,0.006252042,2
3001.366021,28.53017195,856.2948868,993.6814346,71.37953019,14.9871742,81.38319223,0.230162428,0.466666667,0.00652584,2
1068.95247,39.03831098,417.3009894,784.1516985,57.44369523,11.58387712,53.3846883,-0.196165878,0,0.009464236,1
5910.690654,21.91995168,1295.620536,856.178708,77.11307609,19.35897123,302.7869132,-0.140599838,2.733333333,0.013593686,2
953.5255372,31.30431303,298.4946189,887.1042306,67.64159084,9.142244819,45.5023537,-0.030057244,0,0.005726858,1
1280.327313,39.62327173,507.3075702,779.4537844,55.54159573,13.40148709,51.82684382,0.976643465,0.4,0.011159613,2
2677.675317,41.56027064,1112.849109,878.8584162,57.41660044,16.3335725,80.64489027,1.307160918,0.4,0.009770993,2
2912.060824,29.92240913,871.358754,882.4010968,69.64661605,14.29557822,93.43029155,1.609357774,0.533333333,0.007482923,3
3817.585639,41.59593112,1587.960293,999.672135,58.19428533,21.22544457,96.70499375,0.819702411,1.133333333,0.010487782,1
1942.526309,49.90586403,969.4345383,779.9690142,48.81091857,13.73705296,66.76633267,-0.158575642,0.6,0.008336503,2
4128.906617,40.89136206,1688.366154,1030.327793,59.05057006,20.56591422,116.0048255,1.12028644,0.933333333,0.008653672,3
1247.15635,41.79390418,521.23533,782.1985714,54.78197881,13.54735557,55.60969961,0.429833312,0.2,0.010131647,2
1319.190683,50.45200811,665.5581905,575.5036212,46.59367903,9.004048511,51.83693393,2.014263806,0.133333333,0.008796974,3
1509.916035,60.13790615,908.031888,793.5149152,38.87599263,11.99463892,50.98663593,-0.118406689,0.133333333,0.006691317,2
649.7784467,40.58649494,263.7222964,718.0714999,53.33280556,9.301106141,34.8603603,0.438685895,0,0.008363342,2
3583.352456,26.46015436,948.1605911,940.6656402,73.41544888,14.85980963,108.4453764,-0.577358502,0.133333333,0.006075975,2
2461.253416,19.96762701,491.4539019,955.7676068,79.93019743,11.51874785,64.30323422,-0.1432903,0.2,0.00483027,3
1811.981133,22.69086012,411.1541043,767.7422974,75.82871209,9.680313155,60.7341297,0.352202751,0,0.006999566,1
1505.91345,25.77022878,388.0773414,664.6608056,71.58704208,9.225043591,46.83490538,5.260401614,0.2,0.008620995,2
3362.686573,22.92022101,770.7351943,885.7624125,76.6323038,14.25168635,103.4008351,-0.182745984,0,0.007699738,2
2135.384741,57.73003617,1232.758383,809.3723729,39.72737045,18.68473273,64.62902294,-0.254999471,0.266666667,0.013333021,2
3653.77007,22.64776385,827.4972169,797.927133,76.99535432,13.29533231,116.513872,-0.889631714,0.133333333,0.007500942,1
2626.825818,58.43148291,1534.893279,842.1734648,40.31540876,19.23107064,71.07567841,0.759899031,1.266666667,0.012247893,1
593.1032554,42.40938486,251.5314422,759.7023411,54.33451072,7.993744449,63.6784945,-0.347456076,0,0.006588921,2
2091.228343,39.60853479,828.3049056,964.5395165,60.18358776,14.48288059,71.12278853,0.456254287,0.933333333,0.006995014,1
4877.498321,35.50689452,1731.848184,899.018138,64.1183178,18.53233043,125.873529,-0.097890641,2.666666667,0.009292681,3
4390.204518,13.17778323,578.5316348,927.4274653,86.16716956,13.9833093,371.199047,-0.872928207,1.133333333,0.009142596,2
4762.126966,12.32802163,587.0760423,793.7327425,86.80394741,12.77606656,423.0884928,1.635494957,1.2,0.009575185,2
2994.112445,29.92496661,895.9871494,812.1970967,69.54741036,13.31541919,104.7249107,-0.281647005,0,0.007519742,1
5816.904754,9.215117715,536.0346205,1060.286363,90.43456924,15.55206242,284.2781563,-0.725220198,1.4,0.010294273,1
3388.082252,22.16752445,751.0539618,671.7050947,76.30530863,12.35035755,102.4858685,1.755420847,0.533333333,0.010114241,2
3239.226921,49.16592277,1592.595806,989.4359802,50.42535658,20.81945047,83.48090341,0.901880251,2,0.010777948,3
2591.80297,58.61528809,1519.192778,805.0665247,39.13806554,19.99556932,74.75159129,-0.185498063,0.933333333,0.013792486,2
1922.98314,26.4446074,508.5253416,920.4694643,73.0474055,11.95416983,63.18243087,0.152590885,0.133333333,0.006299072,2
5169.870633,15.16407297,783.9629551,825.4960516,84.07276077,15.17302996,116.5005551,5.796130749,1.266666667,0.010633638,3
939.4583085,37.00918466,347.6858602,831.3618216,60.80303858,9.59199624,49.30599615,-0.256794926,0,0.00663985,3
1676.076674,35.95253973,602.5921322,789.4158831,62.57155697,11.82011251,65.70875875,-0.174619169,0,0.007732272,1
3032.40153,35.4454757,1074.849147,959.4122354,64.15662282,17.21096086,93.51298565,0.254201241,0.666666667,0.008925896,3
2975.461886,60.33951495,1795.37927,703.6715947,34.87336773,20.4487777,73.52661815,1.213851063,1.2,0.017002706,2
1468.857359,58.55325659,860.0638181,791.5927658,40.31649733,12.10493914,51.03145054,-0.05197792,0.266666667,0.006884067,2
1857.273529,22.29592148,414.0962478,612.9462106,75.74740534,8.741796802,71.58899386,6.497581642,0.2,0.007622446,2
1784.528752,27.59017078,492.3545303,843.064105,70.46740988,14.11275613,61.59932975,2.759046274,0.4,0.010540582,3
5064.501326,14.47551548,733.1126734,903.8666368,85.32942657,14.97727845,99.29056859,-4.61e-05,0.333333333,0.007175867,3
3739.72145,28.63642674,1070.922593,894.9096836,71.01447694,15.49431066,136.951407,-0.86864658,0.4,0.007642845,2
4731.280372,3.395825364,160.6660189,1199.115391,96.58557174,13.32154248,285.6227434,-0.661071907,1.066666667,0.003493372,1
2442.350634,68.18059914,1665.209296,824.7199558,30.61230804,20.84463139,58.65688459,-0.154844808,0.466666667,0.013729836,2
7106.810088,7.110187979,505.3075566,996.8102145,92.19880682,15.51243089,394.059755,-0.713087995,1.2,0.011411268,1
2938.68643,48.20704751,1416.653964,911.7369962,51.40762017,18.18343279,79.74860939,3.037308197,1.133333333,0.008993949,1
1790.418479,27.35750053,489.8137447,836.2412267,70.39507765,14.10784377,62.33952638,2.3980868,0.4,0.010585558,3
1712.302233,40.97854426,701.6765286,825.109342,53.72529168,15.39678636,94.39080145,1.477596514,0.733333333,0.01324638,2
6856.97078,15.21627847,1043.375769,828.2926094,83.42521435,17.79849872,192.1415127,-0.47607112,1.8,0.012780693,1
1546.923049,43.07716533,666.3705995,857.6436193,54.51593188,13.9060044,51.04364508,-0.139863953,0.2,0.009411328,2
4175.970887,2.721110747,113.6327926,1275.790671,97.1615556,11.47321685,553.5369177,-1.789440227,0.6,0.00487137,2
3420.4126,32.69003103,1118.13394,914.0207879,66.83027663,16.43923461,98.08662053,0.82649493,1.4,0.009095238,3
1962.343651,57.8040248,1134.313611,829.9466731,41.46565759,14.46977531,60.726885,-0.145850441,0.133333333,0.007817449,1
1533.579388,42.9147297,658.1314491,832.1623283,55.05260653,13.14297657,75.79150495,1.618805407,0.133333333,0.008707926,2
1445.708718,24.26230331,350.762234,758.5934367,74.05254077,9.254358565,54.21636071,0.754745271,0,0.006756384,1
1252.571531,56.47308368,707.3657687,774.6518631,42.24113902,10.98544503,44.27315333,-0.027014876,0,0.006269672,2
2958.002822,62.01558724,1834.42282,701.797983,33.41984681,20.43359317,72.21422797,1.379781321,1.2,0.017019808,2
1282.492879,42.20746566,541.3077414,774.2401739,50.51627712,14.55790758,60.92640897,0.393954092,0.066666667,0.013034895,1
1241.467133,50.16524763,622.7850617,819.3191871,48.18221745,11.40959826,68.31084342,1.096972889,0.2,0.007486624,3
2479.056967,37.28687624,924.362903,919.0607312,62.3627176,14.4253083,158.9813011,-0.504696363,0.466666667,0.006903713,2
1406.712934,33.39149646,469.7224994,839.5646462,64.4970515,12.98946629,72.12282585,11.95486546,0.6,0.008676058,3
4550.533849,43.15106575,1963.603853,982.152688,56.62417445,22.75162231,106.2420705,-0.064213812,2.466666667,0.011471781,1
3147.110507,46.0434711,1449.038917,802.0930969,51.4898003,18.49269706,98.52048257,-0.104835976,2.733333333,0.013147071,2
584.0683785,32.74607873,191.2594911,779.845547,63.57634706,7.323794225,51.11080409,2.146925853,0,0.006078884,2
722.5470143,39.19618407,283.2108577,824.3973213,58.16708896,9.04147471,49.91141539,-0.811281779,0,0.006782289,3
1286.969148,37.99873715,489.0320238,769.3736197,58.55960484,12.41529192,54.04494673,0.423543652,0.4,0.009892011,2
3809.643081,20.61244359,785.2605311,1042.071912,79.25876854,14.86554369,143.6078541,-0.30311552,0.466666667,0.00561216,3
1883.872527,48.01131873,904.4720433,763.3824901,47.38882833,16.49554104,61.7126333,-0.421939752,0.066666667,0.013900613,1
1167.602189,47.63202504,556.152567,741.5803931,47.49771873,12.28472407,72.87983127,-0.294379823,0.066666667,0.01120125,2
1365.188265,38.95809948,531.8514024,763.8018967,57.52938239,12.72009217,57.57308531,0.097700679,0.466666667,0.010384191,2
4468.23169,70.92065582,3168.899218,757.3386888,25.46340703,25.87637189,84.18055695,-0.604127805,4.933333333,0.018645875,1
2571.244421,22.75642296,585.1232558,953.164716,77.18583903,12.04127672,66.53584935,0.194503345,0.2,0.004361917,3
2644.92661,25.52296194,675.0636119,878.4964908,73.79044231,13.46622345,79.77408059,0.073351407,0.466666667,0.008019259,2
2827.03411,29.54803182,835.3329383,908.0335038,69.85719359,14.45154426,113.8825276,-0.714521465,0.333333333,0.00766088,3
4557.681343,17.48932849,797.1078615,1031.956634,82.43490267,15.73335244,152.2322634,-0.90376752,0.666666667,0.005567507,3
2341.840601,23.45010996,549.1641959,854.0622989,75.35977789,13.12455776,72.81333358,-0.33583511,0.066666667,0.008401215,3
2301.300865,59.86987203,1377.785883,798.1748051,37.48162524,18.67156618,68.90657101,-0.081825069,0.533333333,0.013125286,2
2757.204394,27.16674244,749.0426164,884.6595008,72.52959176,12.40616284,87.21999377,0.739530488,1,0.006328221,2
3237.821264,53.14224212,1720.650815,823.4931988,45.47594903,19.44217173,87.75904363,0.319177235,1.466666667,0.012273125,1
3074.58766,47.14748595,1449.590785,744.9393713,50.85022755,16.63479671,97.56617603,3.484535634,1.266666667,0.013265216,2
3115.987969,19.56942707,609.780993,682.759281,78.5890178,11.74251608,101.8496769,1.417883818,0.266666667,0.009762281,2
2279.92378,58.97010606,1344.473471,802.2804007,38.37761927,18.68469381,69.11190737,0.005764658,0.533333333,0.013061087,2
2911.542001,50.06456945,1457.650967,1026.933433,49.81783777,18.64171908,72.5050521,-0.309868534,0.4,0.008427831,1
3956.613209,51.5189857,2038.406993,999.9474909,48.25159049,22.87141883,98.11336762,1.314156962,2.533333333,0.011648915,1
11517.16441,7.795928463,897.8698983,884.9352818,91.42321542,18.89596232,292.2897849,0.98531621,2.4,0.012717906,1
3569.414764,23.6413207,843.8567916,841.356762,75.62245719,14.11672066,124.7093482,0.273532711,0.466666667,0.008044263,2
731.1771511,40.90136351,299.0614245,729.9390816,52.25533454,10.15770412,39.73824798,1.053691004,0,0.009541745,2
1313.171998,34.04149701,447.0234063,734.1416807,62.77484971,10.30376492,71.33668125,2.324986525,0,0.009014697,2
3379.813042,54.76233621,1850.864581,817.3078413,43.55557362,20.7588296,69.29026858,-0.449107499,0.666666667,0.013479166,2
1654.674114,28.26272952,467.6560693,738.0483968,70.69415152,9.326766256,59.82616542,0.271542466,0,0.006271267,2
3542.812257,44.11742851,1562.997665,1040.003223,55.68397646,20.18767437,95.55317467,-0.762710508,1.533333333,0.00981827,1
4453.340555,27.51182197,1225.195125,707.4205217,69.78605481,17.02689196,170.7063808,-0.397589091,2.933333333,0.016370566,2
1139.362352,38.02247597,433.2137765,806.0361872,59.90095897,10.19230091,50.255001,-0.256964278,0,0.007089049,3
1932.00102,27.9668219,540.3192845,796.4346573,71.07050218,11.34710046,74.51596199,0.610816228,0,0.007116509,1
3376.06943,47.54330911,1605.095125,933.1527487,51.81485317,21.06442567,78.59390444,0.021769059,1.733333333,0.012248769,1
1648.956722,16.05594446,264.7555755,657.8154882,82.8263733,6.850482269,200.3897645,2.663398312,0.266666667,0.006570413,2
4393.122191,13.64898985,599.616802,1155.147924,86.34840293,15.81829753,97.62553788,-0.486651548,0,0.004271483,3
2556.033059,30.58057416,781.6495853,767.9670917,68.62269756,12.20355782,75.76859068,-0.316664523,0.2,0.007431784,1
1593.348557,44.29038046,705.7001378,859.5416285,53.53578643,13.91462563,50.9045232,-0.117701652,0.2,0.009414197,2
4431.992655,10.43598292,462.5219965,1213.550915,89.51631491,14.53163705,296.2731531,-0.733999639,0.6,0.005806166,1
3309.998849,23.2570719,769.8088123,974.1413174,76.51817629,14.82434648,101.4654956,0.300340888,0.4,0.007192651,3
1977.255931,28.41533725,561.8439411,835.6353681,69.49523039,14.11921458,61.89826075,2.50244118,0.4,0.010623817,3
3353.394121,47.83073122,1603.952929,932.7974691,51.44824681,21.06204642,78.77482275,0.007517127,1.733333333,0.012215259,1
3315.692247,50.21556096,1664.993462,994.3608744,49.4561884,21.2442074,95.14489454,1.120894747,1.133333333,0.011132436,1
3194.592807,30.49057903,974.0498444,788.9240905,68.67447768,13.80417791,72.88674337,0.994743518,0.066666667,0.008110878,2
2457.648287,24.48060667,601.6472105,952.9540827,75.4443073,11.84860825,64.74851319,0.375323788,0.2,0.004380535,3
1994.718386,56.99010095,1136.792022,809.1488416,42.22737129,13.89358228,63.73361095,-0.285727047,0,0.007416623,1
3112.164621,25.15972886,783.0121801,870.1528259,74.14998566,13.90005242,76.66119211,0.426429919,0.333333333,0.007933566,1
3390.818205,23.12802812,784.2293879,931.9924609,76.80008225,13.62612033,77.44075889,-0.527162974,0,0.004658423,1
2711.635527,33.43439798,906.6190139,751.7550863,63.24872801,16.26313043,81.80760981,1.884609908,0.066666667,0.013938085,1
1922.146148,56.65867801,1089.062597,808.3531467,42.49551948,13.83321585,64.10760267,-0.345702404,0,0.007420636,1
3353.681667,37.1081063,1244.487758,757.0899723,60.96220823,15.8969405,102.6887263,-0.026015211,1.8,0.011171809,2
2993.780885,24.07358538,720.7103974,859.4793751,75.19931822,13.84896225,81.62577837,-0.017592516,0.333333333,0.007915436,1
2826.847943,44.29401268,1252.124387,796.8157909,54.07752293,16.42899302,77.84826953,0.635605773,1.466666667,0.011364544,2
2548.097067,22.98654382,585.7194489,788.2225388,75.70226224,12.34467851,69.41605249,-0.158819089,0.133333333,0.00811595,2
1512.395367,57.58667467,870.9381999,790.5594597,41.45329806,12.18660693,51.30852538,-0.08864497,0.266666667,0.00690308,2
1449.61589,28.99905546,420.3749158,737.3315963,69.60983294,9.164136002,52.71858857,-0.6208925,0,0.006208831,1
1797.565263,21.62278589,388.683688,728.4511609,76.89749369,9.825804763,61.91900545,-0.117001074,0,0.00741429,2
3783.693809,65.00820912,2459.711584,729.0993123,32.35471869,21.17891505,82.86892765,-0.604390553,1.066666667,0.015031099,1
2950.310602,22.23900243,656.1196464,889.5841828,77.60752456,12.70235735,69.96526021,-0.434286553,0,0.004573198,2
5297.915107,9.851114427,521.9036795,832.8757754,88.47417097,16.16765024,290.9759668,1.66445502,1.4,0.017978778,2
576.1237289,44.01827835,253.5997466,760.9474889,52.62627746,7.795484733,63.63080438,-0.288086073,0,0.006449346,2
1518.46421,58.65844123,890.7074361,779.2619295,40.42848676,11.71847718,49.38489155,0.147032625,0,0.006336015,2
1722.891247,40.72498196,701.6471497,913.6788955,58.41224657,13.07481833,96.04367645,0.437289494,0,0.007415407,2
1337.161036,56.68783285,758.0076132,780.4145737,42.40655516,11.13135031,49.44638323,-0.301924066,0,0.006193494,2
2082.933192,25.34425015,527.9037986,758.3873486,73.5345619,10.69161705,80.2374721,-0.017606701,0,0.007447082,2
1949.148649,68.70100447,1339.0847,812.9932556,28.98698863,19.09422639,55.30002539,-0.153262762,0.266666667,0.013109651,2
5829.678091,13.9117997,811.0131394,877.1189889,85.13306688,15.59830207,290.6807126,-0.179535698,1,0.013026122,1
2686.712508,48.25248962,1296.405674,805.7627434,50.84028255,14.68401553,78.44921345,3.70738617,0.133333333,0.008441336,2
1000.245043,39.35021012,393.598526,741.1465029,55.9493862,10.93900218,46.17955968,0.06756309,0,0.009465101,2
1787.390037,39.53232332,706.5968082,785.6936269,59.10921061,12.15984311,65.70314086,-0.215683061,0,0.007864534,1
4540.112991,40.72321755,1848.88009,1005.278046,59.16219763,21.32550989,93.17940543,-0.473652293,2.4,0.009113249,2
2704.769918,65.88563081,1782.054723,691.2229419,29.74339,18.99750225,67.18099554,-0.317932865,0.6,0.015476275,2
2576.547885,55.00215404,1417.156837,846.6866846,43.64505918,20.18890779,66.38306334,0.173198201,1.866666667,0.01302636,1
3802.262364,32.72081736,1244.131324,867.9600297,66.2348417,18.28424754,90.70996333,1.133977163,1.866666667,0.011250789,1
3781.377394,48.84719397,1847.09675,951.6579244,50.52652142,21.96381274,102.5303335,-0.413017473,1.866666667,0.012079302,1
1338.593884,56.60426856,757.7012769,780.4128699,42.4743866,11.12782086,49.44206069,-0.301158903,0,0.006204896,2
3363.095241,49.82361546,1675.61564,993.9362678,49.85739693,20.96086212,95.02726119,1.112751549,0.933333333,0.010885872,1
3907.382463,46.56829653,1819.601452,1007.856274,53.21954533,22.36676348,86.06538223,-0.11879311,2,0.011207352,1
2888.730365,50.39073132,1455.652357,912.7387704,49.1860892,17.42983797,74.37144072,0.812447886,0.533333333,0.008946223,1
2085.055398,30.48139402,635.5539514,773.5245974,67.78715141,11.97814102,61.50012367,-0.043181584,0.133333333,0.008253952,2
2613.552977,29.77385056,778.1553577,855.1223073,70.00244293,12.46237795,92.57745327,-0.506550402,0.2,0.005380892,2
2453.338689,30.36781788,745.0254251,806.8705274,68.62454633,13.04138844,69.41585034,-0.324151778,0.133333333,0.007489711,2
2451.176753,46.67266406,1144.029491,733.5687007,50.16381628,15.5284431,85.28059564,6.058187711,1.2,0.013621603,2
12495.82774,6.445294091,805.3928472,922.683913,93.0642922,19.48453786,332.3845361,0.218768863,2.266666667,0.013360282,1
2099.735952,62.7459562,1317.499401,804.9261615,34.85502507,18.59696893,68.77232421,0.118759524,0.6,0.012859907,2
2650.081798,22.51313568,596.6165109,870.8048289,77.15566202,12.43084853,89.69365414,0.466901317,0,0.005870376,2
8727.44017,6.466684821,564.3760487,1120.755589,93.11321905,18.84387126,382.1757598,-0.597778444,2.866666667,0.01564212,3
3352.792821,42.21948951,1415.532013,884.7715675,57.37483417,17.09116028,88.19732703,1.824909913,1,0.008495915,1
11207.98951,14.77800406,1656.317145,997.1783893,85.12560764,22.24169832,184.4588432,0.656327161,4.133333333,0.008843681,1
4476.276035,26.30927441,1177.675745,887.9113866,72.93873599,17.76923931,108.9157864,1.276895049,2.066666667,0.010545512,3
2059.749287,43.84700642,903.1384019,664.5101101,54.4130368,11.8160359,69.16170237,2.89453408,0.466666667,0.009341462,2
1845.80073,30.06422834,554.9257463,756.7017343,68.48426742,10.58236706,66.99988978,0.11856022,0.2,0.007356894,1
3014.115512,47.14182644,1420.909103,817.0992341,52.15218349,15.81589144,81.05127634,2.265482344,0.133333333,0.008474751,2
1924.722242,58.80086116,1131.753254,829.6770971,40.47096856,14.51750343,60.44200073,-0.127275001,0.133333333,0.007844653,1
4402.716255,12.01031946,528.780287,818.1193464,86.00522059,15.60819353,282.4053596,2.362787476,1.133333333,0.01799735,2
1257.57267,43.04031966,541.2632973,798.6582769,50.94433642,14.64581762,63.42933231,-0.345558324,0.066666667,0.012554265,1
1902.368448,65.50125675,1246.075242,807.2091576,32.11242457,18.65165502,55.63453341,-0.265982233,0.2,0.012830096,2
1968.909998,30.15387074,593.7025757,859.3976586,69.23150413,11.55789748,73.52440805,0.499564451,0,0.006035539,2
3240.189845,20.95281921,678.9111202,677.6274827,77.29026117,11.60145483,98.92126757,1.835041475,0.266666667,0.009738226,2
9323.093764,7.238795257,674.8796692,1106.292755,92.54246673,18.92839597,297.6345636,-0.547425134,2.466666667,0.008977252,3
6879.33772,15.81337808,1087.855683,1010.943443,83.17699727,19.46600928,243.6282537,-0.244448594,3.533333333,0.01400261,2
4706.230941,18.64154374,877.3140992,730.751479,79.84520246,15.93027846,116.0624028,1.523848877,0.6,0.012195487,2
1628.059107,38.3719307,624.7177121,742.6057737,60.55484434,10.44460224,71.91790973,-0.7497994,0,0.006638065,2
1567.905829,26.60133653,417.083906,762.3337624,72.5987845,9.350014041,61.85603975,-0.051669023,0,0.005730253,1
3032.557539,24.10757305,731.076024,799.4458246,75.20069035,13.82903076,157.8642347,9.91828654,0.733333333,0.009413216,2
1592.809834,37.84505347,602.7997335,720.4060866,58.30386861,12.18861862,72.35134725,1.487980374,0,0.011056331,2
3182.393255,38.47774615,1224.513198,963.6624109,61.19223132,18.32720137,98.81912643,0.346250729,1.4,0.009368601,3
9501.959015,13.29650957,1263.42889,1072.541011,86.62626151,20.40883183,190.5987513,0.472284007,3.333333333,0.007466194,1
2812.619406,14.81383645,416.6568387,789.6499843,84.19467278,10.97218681,73.84258266,0.60833125,0,0.007222174,2
3246.250726,69.22325131,2247.160298,718.0153383,26.92257586,21.57246567,73.40838724,-0.51061321,1.533333333,0.016395607,2
598.0952027,34.25555269,204.8808173,779.0946259,62.01093694,7.367793958,50.34372155,2.301906405,0,0.006108167,2
3271.307382,29.01824435,949.2759696,891.7270537,70.51851379,15.41979979,99.51781995,-0.371890385,0.133333333,0.008223159,2
4446.513692,69.0665669,3071.054354,758.4081283,28.38193658,25.02209635,90.95706172,-0.579978529,3.266666667,0.017693462,1
2776.35209,57.80522022,1604.87644,853.3184739,41.88928021,16.27987606,73.11905414,-0.18028896,0,0.00782236,1
4312.333943,24.59111719,1060.451094,1096.35661,75.3298035,18.11793674,159.2392482,-0.406683172,0.666666667,0.00657932,3
5209.092178,23.08987496,1202.77287,1112.79473,76.90196759,19.61704379,118.0785548,-0.097073313,0.666666667,0.006003687,3
1270.578615,43.37832836,551.1557638,788.0646436,49.94542152,14.68609533,62.87017648,-0.229216446,0.066666667,0.012898796,1
1878.020964,69.3892744,1303.14512,815.3327599,27.67653284,19.50511392,55.05376484,-0.472552525,0,0.013953676,2
2649.801347,24.35550698,645.372552,866.5517259,75.39918788,12.6455196,70.88095497,-0.430749729,0.133333333,0.005473569,2
1833.969236,25.11289111,460.5626972,851.1007623,74.24009084,10.4300889,68.23374065,1.054613197,0,0.005672025,2
2473.65159,22.58822066,558.7538796,886.9888951,77.25290703,12.11832231,65.36956509,-0.23653153,0,0.004509464,2
1440.179769,32.538506,468.6129807,754.1282602,66.16624426,10.04114838,69.15889487,0.043974843,0,0.007009564,2
4471.411364,41.2990956,1846.652454,1027.546644,58.57534282,21.32523131,99.83480703,-0.278327771,2.4,0.008932099,2
3230.045885,32.83423961,1060.561005,755.7092689,66.098242,14.09698431,86.95906149,0.939641304,0.6,0.008952091,2
3668.981285,70.40590041,2583.179309,729.1927698,25.39366208,23.86044618,78.45540643,-0.474743038,2.266666667,0.018396188,1
2699.704869,15.80554864,426.7031662,796.3450582,83.17635259,11.01846045,74.36044978,0.282389014,0,0.007230206,2
1119.912868,55.88885836,625.9065168,753.1408153,35.85659323,14.67041683,42.40473681,-0.125516465,0,0.013239279,1
3843.719234,21.33523469,820.0665195,927.2381878,78.59298651,14.23525564,83.03848462,-0.49358876,0,0.004960922,1
2103.93339,41.52915989,873.7458613,791.5683624,55.76541513,14.52227259,82.74577321,0.309977782,0.866666667,0.010435006,1
1492.659059,39.29024255,586.4693649,747.107714,59.43422201,10.39142308,68.31986787,-0.526905343,0,0.006731839,2
1834.250156,14.3647864,263.4861169,637.5448743,83.41723073,8.315834347,101.538088,6.223375409,0,0.008910348,2
951.5315528,50.7033607,482.4584754,683.4632996,46.33958581,8.966252738,44.6485751,2.664728336,0,0.007079825,2
3588.140367,21.39210943,767.578914,931.0970894,78.55002273,13.98194417,79.58303751,-0.432397803,0,0.004609393,1
3042.137188,43.03356751,1309.140161,986.1302018,56.65380258,18.3412399,86.03390689,0.876368907,1.266666667,0.009141933,3
4019.391308,37.27380237,1498.179973,871.8407931,61.87975796,18.36023048,92.05671276,1.142227721,1.866666667,0.011288536,1
2049.692375,29.37117574,602.0187494,773.6474241,68.89812016,11.7187696,57.83752976,0.410104423,0.2,0.008197262,2
7008.511903,8.43683636,591.2966806,1004.045913,90.66116334,16.81266888,383.0300689,-0.639405159,1.866666667,0.012516834,1
2652.656699,25.37580283,673.1329335,936.6855774,74.54352309,12.60474031,79.30377062,-0.418631968,0,0.004748568,1
2942.832055,53.33031123,1569.421494,1023.007026,46.53515724,19.72490195,71.33600004,-0.262348621,0.866666667,0.009113928,1
1777.639058,38.57506367,685.7253985,869.4119943,60.86031038,11.9743844,133.2216411,2.050970544,0.2,0.00620495,2
5955.98101,11.93050341,710.5785172,816.5286109,87.6688999,14.63403815,140.0845392,0.56299968,1.466666667,0.008591649,2
3090.013081,18.24444416,563.755711,819.592226,81.24323025,11.62755305,114.7848914,-0.703195085,0.333333333,0.006763605,2
1975.608217,37.12111806,733.3678585,962.7593817,62.73673456,13.60389408,70.93788597,0.437901446,0.533333333,0.006415672,1
3503.377548,74.25586468,2601.463291,733.4201869,22.36788883,22.83434771,74.89721418,-0.495955259,1.666666667,0.016590893,1
5417.902715,11.11639799,602.2756284,1142.527802,87.92960688,16.80748208,387.5087906,-1.370386604,1.933333333,0.010487265,2
2296.896931,38.83147763,891.9190181,752.373454,58.9205937,13.34722976,103.6959702,2.650038727,0.133333333,0.00961073,3
4038.381466,22.04248206,890.15951,954.6589717,77.86215644,15.43573672,118.6458873,-0.088210566,0.133333333,0.006368453,2
5075.548541,15.66316241,794.9914114,843.8218556,83.6136075,15.33152853,117.8832318,5.032346197,1.133333333,0.010705573,3
1671.411366,63.85096604,1067.212303,814.7448536,35.38574203,13.09065402,54.91227488,-0.416672975,0,0.00694489,1
6427.238982,9.415140043,605.1335511,1011.366453,90.04060007,15.64560584,364.2662086,-0.341970346,1.333333333,0.010184311,1
6083.400315,15.77767383,959.8190593,679.0722589,82.62734998,16.53472229,151.8461657,-0.468487029,1.2,0.015657632,2
1617.362333,37.99095879,614.4514573,788.1836913,60.53472725,11.68424118,65.40663277,-0.213199336,0,0.007702541,1
1182.490677,49.41404033,584.3164202,685.0749065,48.06813002,9.289098754,48.02518547,1.51384442,0,0.007008839,2
7047.599954,13.02170518,917.7176881,965.2964176,86.88720584,16.89890952,159.110153,1.275091251,2.066666667,0.006773363,3
2274.676658,58.70697897,1335.393947,796.1031874,38.55726684,18.80581515,68.79114666,-0.1006178,0.533333333,0.013321594,2
4470.429187,14.77128034,660.3396276,948.4836806,84.33095455,15.88986766,321.7153564,0.480385391,0.733333333,0.010084601,2
2932.325079,18.34488269,537.9315959,842.2270193,80.69299996,14.47687103,103.413983,7.989083941,1,0.008739903,3
2492.989522,23.19108234,578.1512529,960.7893003,76.71928439,12.12656924,64.49085733,0.213019863,0.4,0.004857706,3
1925.776223,37.45270288,721.2552471,793.953128,61.43206378,13.3530189,65.61480662,0.12994413,0.133333333,0.008943791,2
3542.154049,26.19316493,927.8022522,893.1695908,73.33298367,15.34393305,100.5460042,-0.422617091,0.133333333,0.00820758,2
6656.608798,17.94152321,1194.297013,585.1076632,77.63323701,20.05304762,151.063623,1.198988625,2.733333333,0.025033048,2
2759.592605,23.10131466,637.5021712,879.3891312,76.50507114,12.64570623,95.24113591,0.80569701,0.133333333,0.006196741,2
2811.724532,26.37865692,741.6951678,899.8746634,72.94004808,14.3358571,103.8774728,-0.224533919,0.733333333,0.008239834,3
1002.520868,51.28361792,514.1289715,683.6966985,45.6664831,9.046196702,44.86142296,2.559522559,0,0.007114342,2
8665.738922,6.237893957,540.5596045,1191.427219,93.21715797,19.39250151,418.9903691,-0.717038993,2.933333333,0.015685957,3
2410.989884,37.76224778,910.4439738,973.4008539,61.93369561,14.85481414,103.9270092,0.962157959,0.6,0.007570597,3
3785.501287,28.00344223,1060.070666,1109.432929,71.98245641,17.60117411,89.21109391,-0.153136182,1.2,0.006431291,1
4933.140297,24.36968944,1202.19097,958.5212016,75.52353581,17.45916346,126.6483232,-0.89939388,1.2,0.006984158,2
2934.216692,54.52700332,1599.940433,826.4681998,44.02907006,19.25969104,80.71394989,0.24521026,1.266666667,0.012261888,1
2320.488559,33.78187305,783.9044991,772.5256128,64.91624051,13.25664185,86.85982091,0.558312444,0.6,0.009113806,1
3112.274127,13.42266687,417.7501883,991.02821,86.19148752,13.0913861,345.2574876,-1.109864662,0.6,0.007759305,2
1885.276925,39.42092195,743.1935452,820.2044626,59.63818342,12.82404547,74.08315539,-0.255858695,0,0.007518568,1
1933.807272,64.95599196,1256.123696,809.6208103,32.85580998,18.37931445,57.2758565,-0.332764706,0.266666667,0.012537859,2
3625.61832,46.18152278,1674.36575,993.340299,53.65503701,20.64718553,104.7879345,0.210080696,0.933333333,0.009893742,1
4089.303895,41.78478682,1708.706915,982.2613178,57.91934452,21.32183805,108.5958808,0.382354731,1.333333333,0.011109486,1
787.4191435,28.26257335,222.544913,780.806323,68.60238145,8.792826926,44.75732664,0.277649106,0,0.007060434,1
3935.158923,46.76776569,1840.385905,995.6984432,53.0606753,21.15160549,106.3899534,0.192785097,1.6,0.010100505,1
3427.478041,33.99812087,1165.278127,788.7631182,63.08635569,18.02350734,153.0560604,-1.356334234,2.266666667,0.015306995,2
3716.496918,72.36225763,2689.341074,758.9160796,24.51425475,23.12835629,81.51084818,-0.710199664,2,0.01617659,1
2303.687229,56.12864432,1293.028411,702.6388514,38.89099721,16.71120804,69.71270251,3.207419755,1.466666667,0.014856646,2
8537.607708,7.625567235,651.0410161,825.542864,91.86601326,15.43809635,211.2973644,1.787401409,1.466666667,0.011412067,1
1941.861571,45.07187801,875.2334785,765.6781829,50.22672124,16.64023436,63.22596286,-0.498690318,0.066666667,0.013979264,1
1987.164831,39.61004207,787.1168253,662.1383567,55.19422458,13.82984689,101.678342,1.422751437,1.133333333,0.018746535,2
1740.170627,23.11585127,402.2552541,760.5204686,75.46422465,9.999287706,59.44952103,0.588917272,0,0.007212448,1
1477.984871,28.39099917,419.6146725,715.7079278,69.9379659,9.428485306,60.77018435,-0.152192554,0,0.007121257,2
3178.733485,36.85588755,1171.550439,823.8640462,61.25463208,17.26472038,114.1008708,-0.523368775,1.733333333,0.012732142,2
812.1579609,44.77100025,363.6112427,724.5988976,50.41308169,9.986934668,38.2882429,0.615866873,0,0.008663118,2
1821.117834,22.65555239,412.5843049,728.7291057,75.48391963,9.988915696,65.94036071,-0.271107345,0.133333333,0.007982676,2
2103.75803,39.52336188,831.4758993,697.2925624,50.17606604,18.51896051,75.13319275,1.116099321,2.466666667,0.019774402,2
2763.901526,31.43891866,868.9407525,660.1663774,62.10568616,16.85673363,129.4247866,-0.143158033,1.666666667,0.022023845,2
1445.273379,25.85002432,373.60352,750.7789892,72.34082111,9.712417212,56.96834168,0.704094394,0,0.007211758,1
5323.281504,37.08494874,1974.136217,1128.83101,62.89116337,22.95772387,150.9201508,0.74039934,3.066666667,0.008314788,1
2804.648622,41.43919044,1162.223684,784.0391553,57.65998626,13.84752979,70.97736151,0.601076987,0.2,0.007788662,2
2146.201316,19.51596798,418.8519617,921.7336372,80.28721236,10.81813065,66.20815458,-0.294665423,0,0.004960722,2
3348.840884,34.22875397,1146.266507,795.6223636,62.88089209,17.95094255,152.8813688,-1.338665373,2.266666667,0.015188526,2
4428.926916,33.41322651,1479.847382,1004.757449,66.484356,19.35535437,126.888391,-0.629044589,1.6,0.008091605,1
3514.617343,45.90591717,1613.417326,1018.286765,53.9650504,20.91923302,87.05307401,-0.159177595,1.333333333,0.009631852,1
3553.2206,18.3507194,652.0415418,843.0431234,81.08920947,12.5869297,102.9176176,1.697927896,0.933333333,0.007732887,2
3569.992788,67.78410911,2419.887806,727.4880782,28.65967567,22.54938654,75.32807148,-0.615743251,2,0.016701104,2
2419.402288,33.97825704,822.0707281,793.3083756,64.80545449,13.73535869,101.204337,0.200017695,0.6,0.009266101,1
3039.846596,52.90916865,1608.357562,834.4324922,46.6196335,16.39663385,87.40365317,0.166992196,0.266666667,0.008123268,1
2101.311707,23.77040932,499.4903938,906.5880771,75.85499098,11.50249053,77.69504157,0.335813645,0,0.005787233,2
2394.086181,36.4797877,873.3575563,835.0177739,62.94012279,14.20475195,83.63011552,-0.197135742,0,0.007874489,1
2994.236378,26.50966911,793.7621562,768.7787011,71.48323821,14.15999066,140.9962916,1.142650062,0.666666667,0.01072444,2
2159.124366,22.88005233,494.0087848,818.6154993,75.815262,11.84320841,62.34607808,-0.073561532,0,0.007585656,2
557.2569424,37.89842065,211.1915801,776.3770655,58.25748513,7.557815546,47.26892553,3.068255317,0,0.006261409,2
6922.979024,16.405929,1135.779023,1142.248493,83.53260716,20.56118673,275.206777,0.419263467,3.533333333,0.008424961,3
4040.592474,75.6624143,3057.209818,783.0978897,21.30231428,26.17329179,79.28208428,-0.61973757,3.866666667,0.018170583,1
2628.138683,37.35739506,981.8041508,860.8495752,61.12937858,16.09701637,73.38388185,1.623923066,0.666666667,0.010174972,2
2615.689248,33.90106626,886.7465453,919.66293,65.78474877,14.60975676,158.9743561,-0.511894406,0.466666667,0.00691442,2
3199.736437,62.74345176,2007.625088,706.7017415,33.55155661,20.66746133,73.22552539,0.461937938,1.2,0.016392321,2
2724.05156,50.05416052,1363.50114,910.7834637,49.50046265,16.91357439,77.0615579,-0.182880901,0.266666667,0.008755798,1
8710.990092,18.44192913,1606.474619,970.8402211,81.48603252,22.42580615,154.4355188,1.155306075,4,0.009266575,1
3330.563061,29.64289227,987.2752203,833.2991761,69.95507124,14.59616207,113.4149225,-0.885296569,0.133333333,0.00785668,1
1511.555176,42.71830762,645.7107898,831.3473177,55.56050775,12.73043369,71.42664383,2.308098749,0,0.008420025,2
6262.014818,10.77013048,674.4271663,1129.187288,89.08413165,15.91874907,253.3890687,-0.866736128,1.866666667,0.006636475,3
3191.721134,19.87886632,634.4779776,888.7658722,79.69600374,12.96678094,94.69276722,0.49922573,0,0.007000165,2
1689.763373,21.33643472,360.5352591,896.2008352,78.13238064,10.06759626,60.27353647,0.049942148,0,0.005318129,2
2434.970238,27.31565619,665.1280983,857.0563292,70.70637695,14.84528489,64.99331953,4.149927041,0.666666667,0.010422259,2
3233.199376,23.61876049,763.6416168,938.1570623,76.08965797,14.66395391,99.62761176,0.023240548,0.466666667,0.00738126,3
4242.210266,46.47389662,1971.520414,831.8483944,51.44722078,21.39966806,167.0828149,-1.261434919,3.133333333,0.015158729,3
1614.362711,31.82109562,513.707902,746.5604991,66.72074087,9.953976489,57.03691152,0.182947544,0,0.006873152,1
3510.901499,25.17508225,883.8723399,715.3207274,72.76364359,14.91455013,75.9167149,7.214044078,1.266666667,0.012430145,2
5452.698186,18.65857087,1017.395556,1011.256019,81.1730645,19.06372098,156.5046601,0.088427613,1.866666667,0.009497312,2
1304.698938,30.35807324,396.0814591,739.5776477,67.99428217,9.178800907,50.84367845,-0.460180196,0,0.00645828,1
1890.225044,35.71859792,675.1618833,791.335753,61.34484914,14.56373623,86.47830785,3.214574527,0.6,0.011411001,2
6952.011501,17.08145885,1187.504984,640.0812871,80.71745779,17.4146214,157.7807691,-0.502139168,1.933333333,0.018681503,2
5678.588124,4.968633167,282.1482129,1273.902961,95.00666732,14.78610933,269.735207,-0.469156291,1.066666667,0.004308119,3
4685.054588,40.20844685,1883.787684,1012.132864,59.68862025,21.34500835,92.53046974,-0.411269677,2.4,0.009147484,2
6700.573128,17.67397992,1184.257949,632.687442,79.78860111,17.23212529,158.2897577,-0.447893914,1.933333333,0.01863955,2
3012.627126,26.17017238,788.4097119,902.3029,73.18794872,14.08998203,102.6693796,-0.20578565,0.733333333,0.007760885,3
2658.157756,30.79512974,818.5831297,860.2067257,68.42293631,13.53674109,96.35838697,0.667653047,0.4,0.00799169,3
4368.03664,13.26196832,579.2876352,1156.22697,86.73521156,16.07789246,98.51173684,-0.492680974,0.266666667,0.004413924,3
1069.014352,37.01740488,395.7213708,950.186869,62.64554845,9.639248169,64.63232489,-0.115508169,0,0.004925433,3
1558.053882,36.81558226,573.6066086,966.6303228,63.02070643,12.2275999,57.92480259,0.50603659,0.2,0.005961761,2
3105.605852,33.54511676,1041.779109,843.6232221,64.30159973,16.80226819,142.54447,-0.800620632,1.4,0.01335425,2
1897.840153,36.1614239,686.2860228,905.7234952,63.37698478,12.7848476,153.0655272,0.057349511,0.333333333,0.006358527,2
3730.744285,68.97806397,2573.39518,745.7722219,27.78889563,23.4625766,75.07594251,-0.797991353,2.6,0.017425035,1
1113.217418,28.14835615,313.3524036,783.8802485,71.00681857,8.077184904,60.10794648,-0.555164057,0,0.005050461,2
3066.393181,30.60494946,938.4680834,898.3834885,68.61739594,14.99057814,117.4784653,-0.795439147,0.733333333,0.008591688,3
2388.573564,23.02070852,549.8665578,946.9321285,76.849678,11.74352354,79.15503833,-0.343906875,0.133333333,0.004601591,3
2651.889006,47.26575292,1253.435305,896.8837679,52.16931364,16.20924847,84.05647586,0.365214595,0.2,0.008633961,1
4450.567967,26.2188427,1166.887414,849.787311,70.48713957,20.56849127,220.3717465,0.433781383,4,0.017716557,3
5460.6307,20.79435078,1135.502703,886.9804072,77.69918074,18.96098261,229.1027172,-0.386006137,3,0.013728104,3
4213.370371,42.60060801,1794.921396,1006.464979,57.25338391,21.42432988,93.05551068,-0.25112042,2,0.00949849,2
2300.354643,27.2168822,626.0848135,807.0973862,71.89496673,12.23913848,96.91399513,0.508580591,0,0.007481872,1
3526.223443,49.38018684,1741.255725,984.3095388,50.12173866,21.30231153,107.7796509,-0.33393848,1.533333333,0.011153631,1
3256.357252,19.07049936,621.0035887,766.7871111,80.35260983,11.21038223,112.6542197,7.509249297,0.333333333,0.006553599,2
2319.266573,68.15690685,1580.740358,825.4045354,30.54721446,20.74375576,58.33051411,-0.110194833,0.466666667,0.013752657,2
3430.804672,35.77860855,1227.494174,794.1308118,60.63973929,18.53032411,128.9342836,-0.954257468,2.266666667,0.015807829,2
2228.418136,68.81805696,1533.554062,822.0770799,29.6186416,20.15032491,57.01005267,-0.32124965,0.4,0.013477333,2
1569.296574,42.00895461,659.2450853,854.0888062,57.20640008,11.77301003,52.69999281,1.039077389,0,0.006427845,3
4693.334706,12.07226174,566.5916501,1226.841969,87.91700042,15.54833235,286.112353,-0.627921868,0.933333333,0.005410206,1
1150.208437,64.29902172,739.5727729,784.6946011,34.48086925,10.81565646,43.28222223,-0.024312599,0,0.006502757,2
2394.662863,35.19543403,842.8119884,809.5592925,63.63201396,13.99647477,105.5742474,0.411171053,0.6,0.009111262,1
2849.945173,31.55495354,899.2988752,810.211542,67.84165258,13.33674177,103.7298012,-0.208940032,0,0.007773752,1
4298.470465,44.22615088,1901.048033,1033.679624,55.69373989,21.83988917,94.79581439,-0.414473254,2,0.009332509,1
2318.142507,38.10332499,883.2893733,805.0438576,60.47315721,14.09365133,64.06241104,0.213503985,0.466666667,0.009019297,2
1766.21253,23.25171546,410.6747118,759.7483871,75.28713319,10.02413371,59.58891009,0.562943972,0,0.007193596,1
4188.880105,50.53104265,2116.684792,1013.0408,49.24429898,23.76319798,93.03547463,0.338948132,2.8,0.011934543,1
1621.942988,35.27515309,572.142872,843.1411327,62.7484353,13.08519793,56.55635637,0.019778408,0.266666667,0.009268661,3
2994.30378,21.26141045,636.6312167,771.3208548,78.1745465,11.44499866,110.6200692,7.888476553,0.333333333,0.006667944,2
8941.863847,6.741324378,602.8000474,1116.755506,92.79270201,18.54331772,385.7064514,-0.679573235,2.533333333,0.015520159,3
2301.972277,23.88847428,549.9060554,831.3894065,75.06374975,11.88962297,74.26159029,0.080660761,0,0.007656353,2
1596.643988,25.17099948,401.89125,763.4681353,73.22289235,9.613035795,61.18088978,0.249429097,0,0.007027467,1
1875.904235,21.64508929,406.0411465,725.9423069,76.96322965,9.840651593,58.47616569,0.008895893,0,0.0073293,2
4334.526243,25.92847109,1123.876384,895.4292525,73.32605673,17.50379543,110.4759593,1.295925323,1.933333333,0.010422716,3
2223.363029,35.97885646,799.9405928,808.9201178,62.05778325,14.11146309,83.23584005,0.478608896,0.866666667,0.009725505,1
4290.23279,33.29300339,1428.347348,718.0962538,63.45493609,18.52423748,155.1183323,0.009341743,1.733333333,0.01827772,1
8519.384588,11.30291368,962.9386863,893.3392184,87.94816267,17.48564789,303.8936537,-0.416074709,1.6,0.013119241,1
3681.928094,55.3876528,2039.333549,1008.226741,44.43649237,22.39399006,93.88868039,1.335525629,1.933333333,0.010758468,1
3345.345345,61.75504453,2065.919508,718.4456613,35.39544795,20.15161872,83.7855812,-0.692770456,1.666666667,0.014550007,1
3965.416862,23.6611387,938.2627838,927.1698082,76.00644941,15.88212365,99.33722638,0.289301364,1.133333333,0.0082234,3
3799.860707,21.93027301,833.3198269,930.1309564,78.00968888,13.91111246,80.01193473,-0.450034859,0,0.004611858,1
4023.445482,19.93726115,802.1648329,965.3058794,79.90085593,14.49495212,131.8703691,-0.312927463,0.466666667,0.00583004,3
1864.658548,23.47974661,437.8171023,738.0098309,74.94983822,9.935553757,79.15998922,1.707217068,0.133333333,0.007662154,1
791.4539106,35.74076746,282.8717017,731.9730006,59.25226244,9.729029195,43.30697456,-0.113209686,0,0.008905668,2
1597.797529,56.68346854,905.6870595,778.6042515,42.31088074,11.91743541,51.00637727,0.004074321,0,0.00647345,2
3773.768561,33.80089908,1275.567703,763.9876673,63.536949,17.8663034,121.1020456,2.113873469,1.2,0.014376276,1
2755.289139,31.98220116,881.2021149,881.1624235,67.82481285,13.63963241,83.38517132,-0.372279249,0.2,0.005687581,2
2001.28645,22.42869909,448.8625159,743.8061923,76.44444366,10.26890867,87.4596252,-0.548548258,0,0.007483783,2
1808.569456,32.10383899,580.6202261,956.0267367,67.75314789,12.06606381,52.56790355,0.384435776,0.2,0.005702337,2
1654.116399,36.15464782,598.0399586,711.1863823,60.41859683,11.81416121,70.60001253,1.310517271,0,0.010967154,2
1508.82258,36.1792915,545.8813194,738.4190962,61.3087548,10.80674494,72.71330805,2.323738343,0,0.008844444,2
5214.046669,21.1440268,1102.459425,940.4671237,77.97429482,17.96389942,193.6869865,-0.935097438,1.6,0.01118647,1
5463.545031,19.26773619,1052.701443,852.8891808,80.00463171,17.58384292,123.9925462,5.691645911,1.533333333,0.010639002,3
1564.8102,24.55462289,384.2332434,891.8004897,74.92178857,9.915583967,64.55433649,0.221834882,0,0.005371025,2
3085.71866,48.95296234,1510.550693,809.429632,50.0645798,16.18341307,80.58025176,0.34990005,0.466666667,0.009655987,2
1027.782924,49.74649911,511.2860233,781.991806,45.12753874,12.69041765,47.40540158,-0.435626597,0,0.010202474,2
8032.166016,23.51464722,1888.735503,717.0731471,74.73803525,20.29163685,179.293735,3.113258632,3.066666667,0.016241481,2
5834.318859,21.26018745,1240.387126,658.6270298,77.49750716,15.98649445,147.3133622,-0.482300531,1.4,0.022280823,2
1023.662701,50.79555833,519.9751844,903.596032,48.37829898,10.79732622,93.71786069,-1.152747519,0.2,0.006119368,3
1533.839041,31.51832275,483.4403394,753.545657,67.34744792,9.916951948,69.21397145,0.025490163,0,0.006821357,2
11639.70025,7.334393057,853.7013667,958.747787,92.2875041,18.97251744,352.3146642,-0.60148437,2.266666667,0.011888296,1
3007.624563,65.10948022,1958.24872,683.3561078,31.54206755,19.00356254,74.33964609,0.203175003,0.666666667,0.015188471,2
4123.32981,46.31591569,1909.757958,1044.523924,53.60181698,21.12540197,124.8905514,0.751272932,1.466666667,0.008581635,2
1152.453908,61.56662648,709.5269927,781.0435603,37.05405154,10.99729869,43.9147463,0.104524776,0,0.006526502,2
3323.792261,31.4532002,1045.439034,740.6019209,67.30558689,13.94298391,91.92127699,0.152246814,0.6,0.008980253,2
2191.033344,37.59648408,823.7515025,772.907707,61.0466557,13.25304019,86.98189957,0.549537775,0.6,0.009096606,1
665.407419,26.8669009,178.7743518,786.8622962,70.28643036,7.114331121,58.92494574,1.214200585,0,0.005858162,2
2823.537097,41.109239,1160.734613,980.1339257,58.68470531,18.08881556,94.05444543,0.720118487,1.133333333,0.009082291,3
2751.420562,39.36384916,1083.06504,784.7293374,59.57961713,13.97213269,71.6704296,0.564662384,0.2,0.007883739,2
2305.769648,26.08166633,601.383146,950.2684641,73.80209135,12.30791414,76.50707097,0.092862402,0,0.005346495,2
978.8809121,39.26815192,384.3884436,773.3878435,57.81238957,11.26498474,53.06307028,-0.119411497,0.066666667,0.009152168,2
5244.64519,20.40749067,1070.300478,853.3445657,76.13988423,21.15297626,223.7308221,0.258689489,4.4,0.017720455,3
1242.588711,71.34235739,886.4920793,794.3260296,26.13689729,12.91144078,43.01697511,0.342868909,0.4,0.008422422,2
4629.36847,13.91047367,643.9670821,935.5022741,85.4735391,14.3785798,366.0145679,-0.849299741,1.266666667,0.008716218,2
3082.522584,39.54831033,1219.085598,784.8389353,59.53034121,14.41096157,78.30214548,0.788656133,0.2,0.008615603,2
1982.464719,24.56944669,487.0806124,904.9783086,75.07522637,11.32300874,75.93490744,2.020036614,0.133333333,0.005427979,2
5844.29431,22.89294584,1337.931131,651.0321848,75.68196311,15.62559711,139.8147274,-0.402823542,1.266666667,0.022257969,2
2352.941478,29.79670388,701.0990047,804.5982273,68.86685375,13.07980973,65.69959423,-0.221893018,0.266666667,0.008321303,2
4930.964753,20.29377683,1000.678983,882.657696,79.09222882,16.39950056,129.0575129,-0.175693391,1.6,0.009496408,2
2077.052947,42.11928716,874.8398954,815.3062922,55.82157585,14.68902031,78.8026962,1.25852763,0.866666667,0.010027009,1
2055.244104,41.70589207,857.1578877,698.6661103,47.40671368,18.33632501,74.50337711,1.23157889,2.133333333,0.019599845,2
2314.083733,53.03163056,1227.196336,702.6586231,42.00624978,16.6754671,69.70562271,3.211227556,1.466666667,0.014827087,2
2315.081437,48.27799611,1117.674926,798.687597,49.69508336,15.9164836,70.93645137,-0.061483584,1.333333333,0.010665129,2
3786.887293,66.2470838,2508.702398,733.4834467,31.52808246,21.17317535,80.73832537,-0.636963041,0.866666667,0.014644774,1
891.8431987,35.42526074,315.9377785,886.5891128,63.28962353,9.060181606,52.81014423,-0.190511881,0,0.005894812,1
5655.981381,23.21533539,1313.055047,650.9594415,75.44814519,15.58214063,140.076929,-0.417091479,1.266666667,0.022221343,2
1945.333147,22.61861665,440.0074471,608.7928685,75.51211983,8.687052538,72.17227165,6.766780818,0.2,0.007583377,2
2110.39815,34.47460949,727.5515209,812.9999539,64.74903386,12.97453427,77.19744263,-0.260523607,0,0.007547188,1
2238.434722,56.41251702,1262.757369,807.5734964,42.99585155,14.17082647,68.32753973,-0.244689067,0,0.00726266,1
3284.552744,32.85536359,1079.151746,786.4243078,66.09819451,14.5891916,86.08765812,-0.450974007,0.8,0.009045728,1
1103.066071,39.01907929,430.4062249,947.3192938,60.61066803,10.50791436,67.7252983,0.114800308,0,0.005558606,3
3968.211932,42.571878,1689.342343,1033.277522,57.34115277,21.33149935,89.2613895,-0.281241096,1.4,0.009394127,1
4977.956307,38.75841698,1929.377063,1028.754204,61.1580604,21.8613069,102.8319774,-0.169674631,2.466666667,0.008988437,2
3019.914606,33.8497763,1022.234339,784.9598583,65.15522543,14.60115641,85.19101793,-0.407363816,0.8,0.009078591,1
2246.859832,37.93690051,852.388979,936.6440419,61.62372723,14.94057492,86.64562051,1.848198546,0.6,0.00805299,3
3216.965126,24.05204043,773.7457529,978.4824216,75.71871097,14.69004027,102.6144639,0.290881173,0.4,0.007192166,3
2183.87622,48.67136963,1062.922467,734.136726,47.88491352,15.37764412,84.75673208,6.319909798,1.2,0.013625146,2
1775.914651,35.51643677,630.7416041,973.6672511,64.33013298,12.93221515,63.97241306,0.320102687,0.2,0.006166239,2
5612.3828,17.62892734,989.402886,889.1352451,81.97284677,16.31493661,139.0801643,0.09642388,1.6,0.009344392,2
3610.091593,26.7802272,966.7907307,854.1083775,72.53258228,14.75536857,134.7613534,-0.240164452,0.466666667,0.008185845,2
4004.230501,70.14122879,2808.616477,747.130565,26.78407306,24.44177339,78.61945033,-0.640317516,3.533333333,0.017673032,1
3665.112043,47.87591334,1754.705866,934.704081,51.38968596,21.48157592,98.8522826,-0.39208407,1.733333333,0.012012248,1
1128.919949,47.53125814,536.5898553,917.4558716,51.781932,10.78541151,86.15895518,-0.756238098,0.2,0.006062279,3
3394.769428,22.78841916,773.6142869,774.1605211,75.54748384,14.37844975,148.5833935,0.617618574,0.666666667,0.010859172,2
1271.47023,40.85340258,519.4388517,771.2998306,56.25622869,11.23969507,65.36434695,-0.299287525,0.266666667,0.008631245,2
3929.645573,45.92783069,1804.800965,950.5265227,53.6836278,20.13908712,127.1760669,-0.58452242,1.666666667,0.0094075,2
1575.017513,41.92708749,660.3589707,856.2883335,57.43896777,11.64439257,53.86691596,0.960854309,0,0.006225765,3
2295.236734,25.94225788,595.4362326,831.777477,72.86370962,12.567089,62.00483347,-0.074738801,0.266666667,0.008222101,3
5054.016725,50.51156889,2552.86314,1026.190425,49.42749542,24.17604481,104.0397233,0.267871547,3.6,0.009718454,2
5167.247448,15.10993816,780.7678938,907.199717,84.69814839,15.04386994,101.311826,-0.086101446,0.333333333,0.007226826,3
4104.674769,35.40670845,1453.330229,613.8501142,59.56727023,17.15163806,110.155286,-0.454917508,2.6,0.021775647,2
3014.330985,23.85884653,719.1846034,736.9212217,75.06605641,11.96610784,86.88658033,0.20656476,0.2,0.008421525,2
5953.931143,18.34827783,1092.443828,899.4733926,80.14465542,18.86121367,239.1424984,-0.700395421,3,0.013726402,3
5577.247909,10.5880058,590.5193321,1148.494995,89.34788592,15.30305512,315.0403886,-1.087765278,1.8,0.005518385,1
2861.177431,16.4640925,471.066899,734.5755108,81.69058798,12.06075982,115.5702709,7.479905224,0.133333333,0.009692518,2
4697.647169,45.58579127,2141.459633,1050.86228,54.31659122,23.053789,96.9307937,-0.305776136,3,0.009393786,2
6729.003293,8.992876117,605.13093,813.8528477,90.2326008,15.73521369,255.4146547,0.336039103,1.533333333,0.012205814,1
2533.90326,52.55106731,1331.593208,804.4988062,45.11320103,18.30888495,69.00920381,-0.160731664,0.266666667,0.012902069,2
4232.258496,39.41450173,1668.123598,978.3627312,60.28986163,19.35496464,143.1237507,-0.542815947,1.133333333,0.008943411,2
2430.168474,20.68414496,502.6595698,921.799715,79.06869161,11.95714177,77.96887325,0.239869347,0.133333333,0.005823403,2
3032.490528,21.5325837,652.9735612,891.1622016,78.21327915,12.88783204,81.70861673,0.763495311,0.266666667,0.005719963,2
3562.800626,66.35083552,2363.947983,726.0486853,30.4666886,22.41204438,75.03441442,-0.60088851,2.266666667,0.01648311,2
4896.565462,45.28961818,2217.635802,1052.837197,54.61882517,23.02489337,95.071054,-0.265839467,3,0.009374395,2
11732.59074,5.783062103,678.5030088,948.6878268,93.75119551,18.59656518,340.5957932,-0.267576379,1.6,0.01161858,1
2046.451832,56.40746093,1154.351518,808.5865069,42.81891865,13.8201484,63.72169478,-0.372533251,0,0.007423077,1
3428.174568,43.33442718,1485.579812,889.0699989,56.26095933,17.04295571,88.89802668,1.772734319,1,0.008553852,1
6127.670255,29.99225679,1837.826598,1000.046242,69.95054456,22.1997423,123.6926438,2.658058247,2.6,0.009364747,1
1138.006652,31.87194189,362.7048189,812.8286126,66.29905099,9.556450195,54.16872195,-0.616955529,0,0.006782783,3
3048.555566,26.3703105,803.9135684,869.8479043,72.97974364,14.05856895,76.37485912,0.45785679,0.333333333,0.008063213,1
3800.451797,47.18109176,1793.09465,932.9048936,52.07854979,21.60548437,97.54833692,-0.350089721,1.733333333,0.012133853,1
2489.256371,27.94641825,695.6579968,868.7854032,71.6157317,12.20727522,112.3539726,-0.01752377,0.666666667,0.006403133,2
4236.954084,68.79937922,2914.998108,757.6947952,27.49321604,25.84672506,83.05143778,-0.654305866,5,0.018652353,1
2854.659591,31.64758384,903.4307874,821.6268305,67.47022694,14.19896012,82.62424117,-0.277543673,0.4,0.008097556,2
2951.997981,33.8638312,999.6596136,826.9641213,65.59586065,14.23672451,111.307453,-0.702546099,0.133333333,0.008149824,1
3871.503976,4.207602126,162.8974836,1023.278037,95.54693539,10.90014568,537.5705818,-1.568422785,0.6,0.00549352,2
1535.5669,37.74789617,579.6441991,890.8145354,61.22478717,11.99525815,93.45769672,0.142422288,0,0.007385601,2
2387.668187,24.39539222,582.4810192,835.1364114,74.37024237,12.84822871,63.36109695,-0.219239013,0.266666667,0.00828163,3
2806.151265,31.29667019,878.2319065,669.0511368,56.42065668,19.53267788,96.73799718,1.411930317,2.933333333,0.024475836,2
2336.693973,26.09989076,609.8745744,878.2519078,73.33436535,13.29248183,79.27356517,0.130962196,0.133333333,0.007860727,2
1360.751604,57.74874811,785.8170162,594.966233,38.62433506,11.50335941,80.49343981,1.226041737,0.333333333,0.01000587,3
3577.651584,22.27326402,796.859783,882.8208837,77.2631864,14.30596995,104.0871185,-0.186123141,0,0.007862394,2
5558.913406,13.5283509,752.0293118,718.2173358,84.04298451,14.84719796,156.6867745,2.985301632,1.933333333,0.013615384,2
632.0088797,45.83667061,289.6918284,731.1737225,47.92267033,10.04742477,35.96964846,0.486758945,0,0.009094381,2
2996.962575,42.23945158,1265.900556,915.3113571,56.98349206,18.20069746,102.7473314,-0.017376806,1.2,0.010992566,2
4446.839157,29.54280223,1313.720898,887.7651548,69.63365036,17.75623691,107.8598012,1.420663479,2.066666667,0.010558884,3
4392.669952,35.93808003,1578.641243,1014.416301,63.96052212,19.8815451,125.619192,-0.58998912,1.733333333,0.008211999,1
2437.508739,29.39201347,716.4328967,882.1952329,69.9669425,13.80605863,87.66410221,-0.039406184,0.533333333,0.008157377,2
1073.110901,37.42406856,401.6017594,785.0243945,58.738866,11.57342876,54.76831436,-0.111283855,0,0.009455115,1
2559.275375,34.74482525,889.2157568,835.9634524,64.7292044,14.10011238,81.0336248,-0.18433528,0,0.007687734,1
4379.437425,24.90301912,1090.612139,894.653213,74.39690308,17.63659141,110.513247,1.280978584,2.066666667,0.010414132,3
1888.674127,41.29233555,779.8776581,771.9856847,54.10807931,15.94565301,67.69062007,-0.429665263,0,0.013597655,1
4851.28475,12.72573014,617.3614055,885.4689672,86.98293434,14.20510013,96.03442322,0.184531204,0.333333333,0.007313605,3
3135.320033,49.41918743,1549.449683,939.8385936,49.98576397,20.82325262,72.6048766,0.212149491,1.2,0.011961734,1
2334.78223,36.69836838,856.8269837,639.3419417,58.02202249,14.56149798,114.4241919,-0.210753766,1.266666667,0.020635833,2
2243.804845,28.52499325,640.0451806,861.9677557,70.91742226,11.64226202,73.75158108,0.426555389,0,0.006063562,2
529.7542727,48.00052016,254.2848065,707.9307115,43.08475567,9.447695332,31.72000928,0.73917511,0,0.009252416,2
2389.254032,22.83897401,545.6811074,937.9432275,77.05116429,11.72697903,80.52170519,-0.532018756,0.133333333,0.004486618,3
4531.958704,22.12339382,1002.623072,1041.780237,77.68626493,17.38918807,122.2239548,0.138591658,0.8,0.007518456,1
6684.357042,15.89784321,1062.668602,995.6450624,83.92352368,16.21318921,205.5609918,2.061810836,1.2,0.009733651,3
2693.098281,40.61484026,1093.797565,782.8876503,58.45445381,13.9576686,69.78236413,0.441163175,0.2,0.008258956,2
1383.296685,66.0679808,913.9161883,797.0788663,31.88950121,13.39187196,45.52798334,0.067813611,0.466666667,0.00877871,2
1018.730433,38.87455364,396.0269085,770.4380196,57.89305187,12.47803428,52.47765942,0.174528876,0.466666667,0.010254372,2
1721.474238,41.84229574,720.3043417,862.9690403,57.58845241,11.99080861,58.37171187,0.85438768,0,0.006265498,3
6584.191936,30.97685734,2039.575743,995.3621711,68.95751112,22.78387853,127.4270267,2.002164894,3.066666667,0.009555292,1
2612.707171,30.53159971,797.701295,985.6467263,69.3588919,14.29148705,80.97805773,0.019321671,0.133333333,0.006433233,2
5493.074583,20.55648991,1129.183322,853.5699622,76.06474395,21.13311972,223.5121261,0.264875845,4.4,0.017680786,3
3163.624736,32.11724342,1016.069058,850.1984134,66.15878162,16.68007233,138.606056,-0.605202085,1.4,0.013104594,2
7000.758881,14.34691514,1004.392936,830.6273047,84.31619791,17.75067651,192.842108,-0.527268311,1.8,0.01277998,1
1756.757652,21.91457036,384.9858917,738.4734228,76.52241133,9.69877006,61.99745218,-0.143189813,0,0.006893503,2
5780.143278,20.71050827,1197.097051,756.2192833,76.29408864,18.26820536,276.1997218,0.783208418,2.666666667,0.019419027,2
4139.572378,43.7296187,1810.219217,977.9803721,56.03654064,21.71772404,97.08550542,-0.294180675,1.533333333,0.01103065,1
1419.538505,62.80925312,891.6015328,791.7112077,35.11739885,13.88421741,50.05439253,0.490983689,0.733333333,0.009572018,2
2353.827399,22.61812143,532.3915393,871.2197366,76.2814507,12.90253691,74.1860635,-0.048054874,0.066666667,0.007949578,3
1872.058384,27.95675328,523.3667438,879.408776,71.73431709,10.97882684,59.54051077,-0.38309769,0,0.004580913,2
1935.726778,49.13412452,951.1024057,841.6015611,50.33285552,13.11998008,60.11557116,-0.433987111,0,0.006686871,1
2726.479665,22.61506891,616.5952549,900.6463128,77.28797381,12.20598531,67.73202549,-0.281902113,0,0.004252228,2
2048.704099,22.6324384,463.6716931,850.0761813,76.76380411,10.69107762,66.80552935,1.218005667,0,0.005806099,2
3735.729501,34.35932212,1283.571333,928.9528216,65.30735498,18.2821585,112.4961899,-0.199956503,1.066666667,0.00980748,1
3247.253121,58.83860697,1910.638501,827.105311,39.5530477,22.16116379,74.65311007,-0.020452596,1.733333333,0.014850583,1
2191.92988,34.31952045,752.2598233,856.8733315,64.42785535,14.47845527,62.87233146,0.276346988,0.466666667,0.009469015,2
1935.075554,17.06603276,330.240628,797.9534847,82.2711753,8.945442924,107.4149868,2.074201679,0,0.005493025,2
1713.386676,35.93274945,615.6669415,719.1531817,60.93068837,11.68542091,69.51102705,1.890626128,0,0.010072057,2
3089.426667,21.65432354,668.9944461,782.374629,77.72326572,12.62426696,99.53397808,-0.095781519,0.266666667,0.009384777,2
904.204264,31.68801381,286.524372,880.2273202,67.26599124,8.863797893,46.26959053,-0.288102014,0,0.005636175,1
4742.63059,36.6910339,1740.120198,1069.030039,63.28849488,20.88140238,104.8483935,-0.022780115,2.133333333,0.007969903,1
645.6720895,28.63920684,184.9153652,782.0177024,68.3834295,7.24483814,53.22465866,1.774028665,0,0.005977512,2
5055.437555,15.27201298,772.0670797,1023.463214,84.37145385,16.43975651,189.2347828,0.68581442,1.333333333,0.00879846,3
2761.4957,57.70248595,1593.451668,832.5628898,40.89838199,19.47734831,78.75857633,0.390931574,1.266666667,0.012437425,1
1367.409521,39.06867038,534.2287185,779.474161,56.24617605,13.42720246,53.13741967,0.858382287,0.4,0.011061566,2
2970.725538,49.47195383,1469.675966,992.7651124,50.15202536,19.55144102,78.71482027,1.240329024,1.533333333,0.009878035,3
935.8510651,47.16237138,441.3695549,894.6143833,51.67859803,10.31186169,75.21120058,0.53531768,0,0.006173358,3
1438.298636,28.39324269,408.3796222,737.5491587,70.21404995,9.120552212,52.64485899,-0.612456849,0,0.006208345,1
2864.033537,44.54072515,1275.661306,603.1294583,47.11238736,18.85239462,110.7337421,0.436469789,2.333333333,0.024792936,2
2972.747464,28.01425453,832.7930409,890.6845979,71.5207342,13.88095857,93.24167057,-0.306303154,0.2,0.007299913,3
2736.862721,29.26260413,800.8773037,853.4124306,69.67304732,13.92177857,76.90039167,0.029169634,0.533333333,0.00858454,1
3914.110244,42.88132932,1678.422504,988.6431333,56.92338323,20.74911484,92.92603817,0.65792395,1.2,0.01003311,1
3128.881802,40.10631116,1254.879071,785.9699585,58.88662654,14.4225674,76.70688668,0.488303092,0.4,0.008864041,2
2201.999267,29.46454131,648.8089836,890.1944929,70.25087725,11.88801763,65.78948146,-0.475326025,0,0.004855572,2
3497.397166,65.04871562,2275.011937,721.6700224,30.80722417,22.19938359,71.29416194,-0.107751633,2.2,0.017094742,2
2054.414766,35.25068106,724.195197,857.1863657,63.15743893,14.56436919,63.17167484,0.251234528,0.466666667,0.009482281,2
1193.299575,59.82903547,713.939626,775.2654406,38.59465802,10.98578537,50.69796095,-0.52060212,0,0.006631375,3
2361.014935,29.62283327,699.3995176,806.073957,68.97580269,12.99114325,65.91008633,-0.196113626,0.266666667,0.008336594,2
3495.125876,4.151912451,145.1145664,991.0975832,95.58907298,10.42125062,538.9744123,-1.439848858,0.6,0.005654735,2
1266.556928,19.96681517,252.8910808,842.2191021,78.55189564,8.663453655,53.34539256,1.141783497,0,0.005910894,2
4213.127214,45.00268348,1896.020305,991.9305123,54.76496042,21.83574245,106.8306705,0.996998709,1.733333333,0.010878613,1
3158.982688,24.68292821,779.7294292,984.7260863,75.0949379,14.74941256,101.098591,0.598892118,0.4,0.007146142,3
2172.762899,26.95330869,585.6314913,951.0099974,72.91253693,12.09332477,57.93592524,0.259433405,0.2,0.005624754,2
1657.246808,35.02005806,580.3687943,785.3687917,63.57166267,11.78845993,67.0128938,-0.267782231,0,0.007729298,1
5176.95688,35.48395628,1836.989116,1049.237013,64.45738184,22.39757574,110.4791752,-0.191592917,2.8,0.009031812,1
1982.819395,40.35397903,800.146523,746.5832785,57.22221043,12.89995815,103.6869721,2.911079542,0,0.009799991,3
1983.706818,34.43860401,683.1609357,790.0921521,62.10339212,14.94725087,71.25108717,-0.397484454,0.066666667,0.012223574,1
3199.661798,34.17367465,1093.442013,787.2624685,64.79868253,14.55420863,86.41751587,-0.475435088,0.8,0.009004217,1
1330.984233,39.51229183,525.9023744,773.3874555,56.62414301,12.44787695,53.0838152,0.632012849,0.4,0.009902799,2
2707.50316,46.83629023,1268.094038,817.9410768,52.45498494,14.95963084,75.38725898,3.107298677,0.066666667,0.008027412,2
5904.313484,20.52397577,1211.799869,996.8423404,79.34461087,17.56715854,155.3834969,-0.101971548,2.266666667,0.007539672,3
3877.245093,36.43689645,1412.747779,863.7747254,62.47698303,19.32402554,89.02285301,1.007502735,2.466666667,0.012540738,1
4501.173224,18.098408,814.6406949,723.829853,77.63957109,17.15267934,140.6491793,2.939846735,1.4,0.019094631,2
1707.88723,36.393082,621.5528002,789.7417193,62.0990505,11.79142023,65.77458138,-0.181229365,0,0.007707817,1
3496.314711,27.99674384,978.8542737,927.9396854,71.76635664,15.59705159,127.601479,-0.415485497,0.6,0.006823258,2
2005.839478,26.39509575,529.4432509,827.2192783,72.22078273,12.10204377,68.44543649,0.437985643,0,0.007692358,2
2201.161706,71.51805679,1574.228079,816.9333481,26.72778081,20.52936516,55.39530977,-0.027151269,0.533333333,0.013913526,2
1215.804132,45.00427807,547.1638724,931.8495142,54.47911925,10.89955684,73.43138664,-0.120189917,0.2,0.005942919,3
2052.604411,24.05160236,493.6842509,845.7587365,74.44141365,13.44066858,66.6829964,1.774192307,0.133333333,0.009510224,3
543.6374508,39.8822255,216.814714,778.6464613,56.20627098,7.522906535,47.35850498,3.314561727,0,0.00621353,2
1839.153173,50.23318265,923.8651728,841.0409339,49.19773886,13.09180325,59.58857746,-0.417181982,0,0.006668381,1
1970.244993,21.50851419,423.7704238,733.137747,77.20811184,10.19622539,62.7648565,-0.252733121,0,0.007225022,2
1131.903135,35.8702828,406.0168557,789.7474741,60.55789908,11.82776269,55.80083447,-0.111593777,0,0.009723288,1
3474.592803,69.08500478,2400.422604,729.2377871,27.64215511,22.03685132,76.76549799,-0.517379388,1.133333333,0.015960812,1
8375.958823,11.15501534,934.3394914,902.8294218,88.5801056,17.69734525,216.1341867,3.074227311,2.4,0.009038957,2
1912.076336,25.28752488,483.5167793,1107.564498,74.70879888,11.95090256,72.77469998,0.599958019,0,0.004035712,3
2142.573097,19.70090602,422.1063122,919.1463991,80.07674058,10.86707964,64.30857461,-0.260108922,0,0.005063303,2
2767.609911,38.70594455,1071.229557,788.9661849,59.9935283,14.07189543,74.85473027,0.786336405,0.266666667,0.008841062,2
3110.015633,53.48201327,1663.298974,834.3430209,45.34163969,19.68247852,77.21747854,0.562867442,1.266666667,0.012582472,1
776.6130245,36.67919172,284.8553802,744.9535129,59.71834343,8.47630794,63.10556593,-0.787646245,0,0.007123204,2
5246.594233,23.3024996,1222.5876,850.9687281,73.88126631,20.97359606,225.1678001,0.217184573,4.4,0.017632145,3
1993.309227,32.36401419,645.1148811,859.1284821,66.46019424,13.83326359,61.50994489,0.228551559,0.533333333,0.008456293,2
3156.60588,21.69235544,684.7421674,845.7641229,77.65339629,13.66577012,246.4361381,4.340917004,0.733333333,0.008962653,2
1552.984149,59.848375,929.4357769,792.0706543,38.28370461,13.06360547,50.30054847,0.398471174,0.333333333,0.008264045,2
5498.629757,9.656552345,530.9780607,835.6507799,88.93837856,15.75159757,275.8182619,2.512613261,1.333333333,0.01570032,2
4264.945293,22.76568538,970.9440268,1142.120789,77.2106415,18.26162109,170.1650061,-0.32082817,1.2,0.006668397,1
1217.877603,42.80727329,521.3401937,779.8685244,54.90840602,10.7105756,66.03600781,-0.43006114,0.266666667,0.007594019,2
2473.899401,38.31728313,947.9310378,922.2670434,61.34873104,14.2891933,156.147279,-0.457044451,0.466666667,0.006797879,2
2711.26768,24.72888876,670.4663684,721.8888875,71.70251926,14.78007654,64.64318429,12.40414808,0.933333333,0.012761898,2
2086.793984,72.8346648,1519.909404,819.1724804,25.2638936,20.4613452,54.57189413,-0.062998889,0.533333333,0.013850644,2
7847.628209,6.479275098,508.4694204,1161.767307,92.93866521,18.08575365,404.4225193,-0.721576371,2.2,0.015603545,3
3275.717935,21.09498098,691.0120754,714.4211536,76.41239682,14.56811904,74.46010618,7.844693697,1,0.01240175,2
7815.052799,15.12467168,1182.001077,833.0828402,84.23360406,17.0710239,282.9772438,0.586486637,2,0.012561934,1
5792.930153,24.07043608,1394.38355,1078.998906,75.9095329,19.82437142,146.1243771,0.923466381,2.333333333,0.007311086,1
1157.937004,55.93840471,647.7314877,750.5173219,35.69970699,14.85235916,43.61742042,-0.270569164,0.066666667,0.013812919,1
2610.198513,65.99044449,1722.4816,680.6326743,29.68974295,18.14355665,63.44335711,-0.113018895,0.333333333,0.015013129,2
1845.017977,29.95965836,552.7610828,756.3392528,68.6574016,10.5972865,66.87498272,0.124523777,0.2,0.007372745,1
2560.367367,57.36658699,1468.795373,809.7492311,40.57689793,19.39020826,65.89966995,-0.101743663,0.4,0.013476927,2
1804.95393,42.3477347,764.3571016,792.3198597,55.68262128,14.26723072,66.25672374,-0.075631077,0.133333333,0.01019014,2
10149.41821,10.72453035,1088.477437,827.3515856,88.40919689,19.10896647,207.1184801,0.551781345,2.533333333,0.012864694,1
2481.814745,19.91883569,494.3486012,954.784531,79.98045206,11.44660204,64.11500723,-0.13657448,0.2,0.004783531,3
4569.94072,25.09072143,1146.631096,884.5838739,74.06300129,17.47454226,106.6218858,1.474478639,1.733333333,0.010470932,3
2194.254999,43.61206596,956.9599377,672.7432491,54.71626702,12.29641235,66.26552983,2.44614374,0.533333333,0.009264146,2
3127.996126,74.21934623,2321.578275,716.2861319,21.07033967,22.87307602,71.80658462,-0.50209189,1.6,0.017827154,1
3484.907551,68.60754344,2390.909462,727.5125403,27.12070984,22.93381138,70.54614484,-0.38401161,2.2,0.017610859,2
932.7331986,37.44616582,349.2728202,831.1896306,60.32431534,9.602152453,49.35890583,-0.264130174,0,0.006654659,3
1313.820382,49.7957468,654.2266708,732.6893196,44.58303073,12.83338231,63.22097128,-0.459013584,0.066666667,0.011779486,2
8633.797846,19.32132252,1668.163927,971.587439,80.58701711,22.55342324,154.8226246,1.135731368,4,0.009266938,1
3641.845061,45.87908066,1670.845033,822.7373154,52.89592484,19.28453158,89.19101071,0.188194297,1.466666667,0.01212485,1
3866.137525,45.46718867,1757.824043,989.5356519,54.35875065,21.11116728,113.7417413,0.086107844,1.6,0.010220819,1
3427.934243,33.71279857,1155.652567,630.5547721,61.95549207,15.64165063,107.1980385,-0.123055819,1.933333333,0.019936844,2
4152.311893,35.77230548,1485.377695,719.0290913,60.4645545,18.52893848,130.4401496,-1.015447504,2.466666667,0.017598207,2
3721.562863,71.11864288,2646.725002,742.2537369,25.23802136,23.88945052,78.43012658,-0.737247161,2.466666667,0.017672885,1
2193.000369,23.97150782,525.6952548,930.9136175,75.72598721,12.3046113,67.00814311,-0.270245348,0.133333333,0.006197734,2
1830.348365,39.79053685,728.3054406,794.6161182,58.47833268,13.91926212,64.85176648,0.064760807,0.133333333,0.009829512,2
1779.353555,25.75668561,458.302501,854.8751591,73.61647637,10.3483336,64.06109988,1.300430636,0,0.005582854,2
5422.099307,18.03207336,977.7169246,749.8324211,80.1435312,16.6228755,166.1587788,3.872515258,1.6,0.016486758,1
3082.674657,44.09143434,1359.195472,813.0037578,55.25470952,15.547688,82.16774417,1.843201553,0.133333333,0.008345123,2
2081.641362,64.23866742,1337.218671,819.6927354,33.69687782,19.46034743,56.09936572,-0.253984989,0,0.013663076,2
2880.423141,31.23152162,899.599976,818.8803322,67.83389551,14.02009748,81.5442365,-0.212979737,0.4,0.008048033,2
3389.817279,50.69499924,1718.467844,955.2718712,48.71115362,22.31112436,75.71897568,-0.163097233,1.866666667,0.012610872,1
1332.37548,57.87442371,771.1046308,781.4503377,41.16531505,11.50482474,49.9722766,-0.356483557,0.133333333,0.006518171,2
739.6530258,42.93865858,317.5970874,645.1591848,50.01041566,9.135379829,48.50059088,0.980049304,0,0.009996157,2
3065.421561,47.04110475,1442.008168,803.0665951,51.36360969,18.83314703,67.33720892,-0.47523278,0.333333333,0.012454799,2
4979.821068,16.61055019,827.1756781,956.6981936,83.23498484,15.99432036,158.589596,-0.80822805,1.2,0.006304508,3
2462.220574,20.84441467,513.2354666,848.4928265,77.88112636,14.2099531,94.01911223,9.913931877,0.866666667,0.008717229,3
2594.854618,36.19773485,939.2785946,796.0501002,63.0310276,13.20981346,66.75282075,0.541277857,0,0.007792303,2
5402.150843,31.35040424,1693.596127,985.2774172,68.29075812,22.06541242,266.7894359,5.475813162,3.733333333,0.011336536,3
2282.812441,22.75193913,519.3840972,896.3084789,76.88640149,11.43839595,75.88986212,0.20749633,0,0.005944202,2
1989.172761,50.47191799,1003.973645,831.5586819,48.97724956,13.32914891,62.54376089,-0.157379343,0.133333333,0.006952721,1
1038.437467,37.95402288,394.1287938,740.0310676,57.48767518,10.85967384,46.38136042,-0.007916372,0,0.009303274,2
10023.7336,4.012121755,402.1643964,1196.849346,95.97937257,17.09239938,296.3097717,-0.833356795,2.6,0.004606955,3
2278.434101,24.25260869,552.5797068,839.096093,74.68521969,12.07793509,62.26639747,0.042628386,0.2,0.007499325,3
3410.502785,58.94520334,2010.327801,718.6682205,38.1445257,20.15840636,83.94940263,-0.70472784,1.6,0.014487465,1
2452.520302,23.26697138,570.6271968,924.575046,76.57866368,11.87115448,83.59680166,-0.64184463,0.133333333,0.00481969,3
6684.498911,17.26698316,1154.211301,773.5183891,80.78543004,18.71429029,258.1211227,0.240598321,2.8,0.018270274,2
2945.226266,27.48311326,809.4398703,887.3710686,72.0384904,14.05510486,91.76750829,-0.236689513,0.2,0.007370131,3
706.9668856,40.83257738,288.6728006,726.8806019,53.44008239,9.815127633,36.71121669,0.48315333,0,0.008993614,2
2457.010138,23.809942,585.0126888,955.141902,76.11727,11.76069031,64.35649675,0.442564654,0.2,0.004276464,3
3122.196207,50.28683146,1570.053544,938.4429962,49.14936309,20.74397855,74.0715483,0.147022173,1.2,0.01190895,1
2102.059562,60.918593,1280.545109,830.178116,38.43983775,15.06883754,62.01909431,-0.255737714,0.133333333,0.007994652,1
1327.629497,41.73587598,554.0978003,775.6330078,54.29827986,12.51707234,51.69178581,0.994159394,0.4,0.01003839,2
2650.820975,23.73466125,629.1633787,719.9853575,72.88998974,14.11493526,63.38840809,13.86503317,0.666666667,0.011815193,2
1417.2642,32.89252059,466.1739188,750.0789665,65.5199979,9.680079772,54.55261495,0.400198621,0,0.006637604,1
6252.90964,8.471283554,529.701706,1070.227475,91.23300746,15.61580356,283.6165977,-0.657163797,1.4,0.01022801,1
2858.290846,32.18420936,919.9183098,802.2878501,66.63411054,14.18351863,73.22689039,-0.340175623,0.533333333,0.008743512,2
9816.412058,4.312062815,423.2898541,1186.581206,95.67814122,16.98490039,291.3229672,-0.64531839,2.6,0.004616269,3
5419.968715,19.4515968,1054.270461,1105.967511,80.54057472,19.50938577,119.5546031,-0.111395361,0.666666667,0.006182299,3
766.5088649,43.29000197,331.8217027,725.050007,51.42641719,9.972874457,36.92474524,0.471559779,0,0.008880129,2
2929.205215,23.07643388,675.9561049,893.8361654,76.7847774,12.79439972,70.31868724,-0.403818215,0,0.004565847,2
1607.594624,25.79280136,414.6436879,766.2264033,73.29989349,9.364672006,61.85241523,0.003854104,0,0.005858645,1
2440.69385,43.36921275,1058.509708,972.8840629,56.41001554,15.6063281,86.86163435,-0.175508836,0.4,0.007288185,2
3073.958685,31.67759647,973.7562278,744.4407386,67.40595917,12.99317052,85.05073176,0.430053582,0.4,0.008106771,2
2313.671241,70.69879312,1635.737644,822.4464776,27.80567995,20.94434275,58.16358113,-0.156103465,0.466666667,0.013952127,2
789.5326768,36.53575171,288.4616984,758.4667827,58.99872116,9.556304415,39.54303006,0.345751508,0,0.00808107,1
1806.947372,24.2745018,438.6274723,760.7719031,74.34856992,10.08326172,59.48927521,0.593825116,0,0.007228578,1
1054.876227,56.0947054,591.7297121,691.8755116,41.06927658,9.582480669,42.45251593,0.6911259,0,0.00721776,2
9188.949164,5.510398091,506.3476793,1188.874675,94.47982697,17.86474592,228.8818806,-1.07967531,2.6,0.005075547,3
2928.628224,18.8785844,552.8835511,821.1630362,80.582747,11.63125419,117.1965839,-0.654849185,0.333333333,0.006725744,2
2742.78841,23.02784792,631.6051439,879.7482446,76.58300344,12.67605932,95.33261837,0.782049609,0.133333333,0.006219944,2
1345.534214,48.69644644,655.227348,575.4889974,48.23726714,9.029565441,52.43221755,1.885574928,0.133333333,0.008783321,3
5028.239218,37.90047105,1905.726349,1029.632437,62.03789261,22.28185754,109.1159679,0.084783733,2.666666667,0.008743272,2
3845.379069,20.03981798,770.6069659,1027.519414,79.83704736,14.81648472,141.3105874,-0.394044981,0.466666667,0.005570234,3
1529.645361,32.7199419,500.4990735,741.2615247,65.76893052,9.781607628,54.11573222,-0.400297871,0,0.006861561,1
3107.51149,57.8177281,1796.692544,704.5281834,37.79910011,20.41885236,74.19061259,1.096644974,1.2,0.016945772,2
2358.496938,41.77120489,985.1725885,805.0556663,56.67123813,14.19646115,64.4840647,0.15642025,0.466666667,0.009164201,2
4262.064782,22.74845361,969.5538298,879.2875171,76.80889053,15.85434075,100.4824199,-0.333011965,1,0.008617562,2
5810.216522,9.939266838,577.492924,810.9216905,88.34925669,16.58490915,293.78874,1.914006861,1.733333333,0.018357974,2
3815.598527,39.20059883,1495.737471,863.4506116,59.64413647,19.74686321,89.86415016,0.941039933,2.933333333,0.01311107,1
2051.559277,34.79747133,713.8907511,856.9325637,63.76095821,14.18295643,61.7593269,0.309415955,0.466666667,0.009231263,2
3436.44121,34.03861976,1169.717157,794.6186951,62.43359819,18.55876595,129.0745094,-0.959003872,2.266666667,0.015826458,2
5586.496828,24.40323666,1363.286042,647.9558314,74.16970708,15.69544438,137.5886147,-0.331697742,1.266666667,0.022306736,2
5440.505857,18.76428712,1020.87214,724.4095924,79.07876271,16.67716517,137.0079445,1.105951498,1.6,0.016863309,1
8366.313395,10.80203282,903.7319187,1061.55369,88.98210244,19.30849007,323.4205079,-0.910737344,2.8,0.00959725,3
1639.179801,27.8352318,456.2694972,747.9115045,70.89095315,9.996880013,74.45269261,-0.297769483,0,0.007222464,2
5490.110944,44.09655772,2420.949942,1033.267378,55.85732794,23.47240882,108.1632951,0.16306752,3.2,0.009225345,2
1115.18149,36.57837651,407.9152842,779.9616207,60.57799354,11.37455732,56.75045391,0.403050857,0.266666667,0.008972993,1
4685.316989,45.44114177,2129.061535,1054.665848,54.46086735,22.94948885,93.80699089,-0.27577024,3,0.009319592,2
6734.931331,11.72186145,789.4593191,748.5292471,87.00186036,15.61902693,194.8350735,0.914966884,1.2,0.015291412,1
3347.966389,40.89649352,1369.200857,917.205938,58.56508568,17.99685358,97.57020383,-0.429458438,1,0.009938026,2
7087.199618,20.01380128,1418.418048,793.4397949,79.05043334,19.29637337,241.6292898,1.428699046,2.866666667,0.013820892,2
3439.994794,21.97682079,756.0014911,885.1726668,77.56608443,14.22390289,102.9155678,-0.153980367,0,0.007691901,2
1858.859704,22.36049096,415.6501559,727.6047164,76.21430308,9.856784424,58.31995353,0.055775503,0,0.007308951,2
1253.550135,27.60513787,346.044243,768.1631454,70.64316111,8.875243309,49.96134596,0.716476546,0.066666667,0.006337806,1
3626.190312,70.23918075,2547.006368,727.6126226,25.76328593,23.12505641,71.63836534,-0.317517112,2.466666667,0.017738649,2
1453.123298,25.97029851,377.3804583,666.6512456,71.42635259,9.51574283,48.95365466,4.302439928,0.2,0.008681119,2
5431.109682,23.5474398,1278.887283,786.4237779,73.65846256,20.51865156,273.6380372,1.425490009,3.333333333,0.018626037,2
1963.315385,59.16583836,1161.612007,818.9965664,39.04813184,18.27600906,54.07682276,-0.218091211,0.133333333,0.012545525,2
3280.485522,34.78242116,1141.03229,828.0921421,63.52426326,17.30444109,110.9817225,-0.312442197,1.733333333,0.012762304,2
6598.27513,16.77877287,1107.109597,944.5655703,83.07035501,17.24666706,214.3081014,2.035972435,1.266666667,0.010263805,3
3683.132689,67.48529225,2485.572859,733.4442983,29.90839028,21.27748172,80.62628108,-0.60941567,1.066666667,0.014860777,1
1380.232948,66.30228109,915.125929,796.6998643,31.28581452,13.40173095,45.89082219,0.0389512,0.466666667,0.008790359,2
3038.351974,63.04895863,1915.649279,701.7716034,32.37713951,20.42141288,72.20869187,1.382481577,1.2,0.017013989,2
1233.741703,58.41034625,720.6328007,774.8873951,39.89399393,10.98667883,50.40722484,-0.515119024,0,0.006626559,3
1080.907552,49.60627352,536.1979565,740.3695066,43.41158317,12.36659505,72.70320098,-0.31010146,0.066666667,0.011647738,2
4022.095359,47.10269808,1894.515433,992.6627954,52.64773009,21.70396968,107.4137163,0.949882361,1.733333333,0.010717074,1
5691.353072,18.18089494,1034.738923,889.6038797,81.31093064,16.77061284,140.5701381,-0.010787095,1.6,0.009301835,2
1399.262743,28.10431898,393.2532646,771.1521819,69.75362398,10.28882823,52.06810836,1.616938942,0.066666667,0.007781227,1
3470.996051,3.149947864,109.334566,1175.365561,96.6841631,10.34255726,556.2405598,-1.879509053,0.4,0.004894922,2
5875.537436,13.31549166,782.3566975,921.9739368,86.46418571,14.78756198,155.4459308,0.14161536,0.733333333,0.007094623,2
4354.584875,26.49789293,1153.873238,1008.526698,73.41149895,17.91253202,151.5763395,-0.491996748,1.333333333,0.007373807,1
6076.487823,15.72170964,955.3277721,673.3518631,82.36947331,17.29907769,153.5624608,-0.54289809,1.666666667,0.016660948,2
1180.498083,19.9615738,235.6459959,846.8819623,79.02698617,8.367431396,56.39795649,0.124455772,0,0.005492724,2
1434.036336,29.97694543,429.8802899,759.5220453,68.76418859,9.385015552,55.90213751,-0.275812216,0,0.006048469,1
1239.588631,38.99570177,483.3862859,847.5736971,59.2360173,12.65174796,67.52466616,0.668583076,0,0.008711646,2
1550.85982,37.73484141,585.2144937,864.9774979,59.41560877,13.81480679,59.84786167,0.457500009,0,0.009838559,3
2989.002299,41.85463406,1251.035974,779.4038655,57.10705062,14.13209096,77.35432938,0.480137414,0.2,0.008673848,2
3097.656346,57.13557294,1769.863701,704.9033569,38.32431718,20.38619445,73.51421484,1.087639744,1.266666667,0.017058601,2
4955.949981,15.38254129,762.3510523,992.1257812,84.2551946,16.25963961,160.4886479,1.258924113,1.333333333,0.008839972,3
3654.823613,20.54058369,750.7221029,1057.284752,79.42224405,14.89579439,137.4563345,0.21004959,0.466666667,0.005154526,3
2116.802139,35.37270553,748.7701873,860.9099716,63.27658368,14.24963216,63.43429563,0.070310218,0.533333333,0.008984126,2
2900.127123,61.8341289,1793.268343,705.511114,33.43542247,20.35901816,73.47566264,1.067665957,1.266666667,0.017141229,2
2090.305404,31.28466633,653.9450707,773.6297611,66.98846429,11.97341003,61.45738031,-0.039645992,0.133333333,0.008259878,2
2991.021047,29.38791823,878.9988197,898.4603324,70.2736239,13.94965656,105.1642356,0.01166731,0.466666667,0.006465426,2
3851.245213,27.79045517,1070.278574,876.0430075,71.28638925,17.0002248,92.69830477,0.480291572,1.6,0.010461828,3
2314.624249,70.71750732,1636.844572,822.0577856,27.76685687,20.93046916,58.56383725,-0.184874569,0.466666667,0.013933656,2
4133.817699,26.7922902,1107.544434,1011.198021,73.10941277,17.52084504,154.0481671,-0.519085063,1.133333333,0.007286266,1
1663.783596,41.09924742,683.8025366,865.7152192,58.29263352,11.89575977,59.84788592,0.696880983,0,0.006253151,3
2886.342381,63.12549793,1822.018,706.3220489,32.07910708,20.34859419,74.30184461,1.006603224,1.2,0.016893385,2
3013.125081,57.69500032,1738.422525,831.5911917,40.66490935,21.66753248,68.53043656,0.428710607,1.666666667,0.014581212,1
1000.6077,41.77419872,417.9958488,792.2596224,55.77115748,11.14279733,45.56106526,-0.051970315,0.266666667,0.008399331,1
3316.250247,13.25503972,439.5702876,778.6001432,85.47690535,12.09679073,153.5371347,0.292884442,0,0.009043319,2
1364.536349,36.72977954,501.1911925,960.3735009,63.13989838,10.60896347,79.24291797,-0.156442068,0,0.004796398,2
4734.244022,66.29471463,3138.553564,786.0222491,31.19026033,26.32910045,83.58483115,-0.557721094,3.933333333,0.017845374,1
4033.293667,16.79251134,677.2912965,712.4312759,80.82991301,14.24438839,226.0260222,0.466142471,1.333333333,0.01975501,2
2797.301965,55.78914743,1560.590917,830.1630621,42.48156746,20.66771729,68.24367836,0.319927181,1.266666667,0.013953044,1
2797.311057,17.07163115,477.5466257,814.3127544,81.99427696,11.38740979,83.61570038,0.908212201,0,0.007246219,2
5046.804104,19.692735,993.8537583,875.1674021,79.50494366,17.9036889,242.1913547,-0.527968492,2.466666667,0.012745258,3
6320.084909,20.95328641,1324.265492,883.4544482,78.21694004,18.53353964,309.9965243,0.301890924,2.133333333,0.012586698,3
4365.735914,25.14373699,1097.709156,1035.673623,74.76692763,17.61367503,173.2967664,-0.919013504,0.866666667,0.007242906,1
4030.014719,29.27720502,1179.875672,1068.351857,70.70094726,17.6193482,90.2258427,-0.251724728,0.733333333,0.006491323,1
5773.628708,23.00827638,1328.41245,965.7649117,76.86625462,18.67666477,136.4108988,0.172834674,0.866666667,0.008224397,3
3036.838556,27.96838669,849.3547505,896.063207,71.45886939,14.47457314,107.3258456,-0.49397013,0.4,0.00775296,3
4028.300624,75.40968163,3037.728675,783.9297779,21.59633351,26.14978203,78.81585018,-0.64284064,3.866666667,0.018142256,1
2915.728573,49.51167623,1443.626091,935.4371153,49.96855182,19.84976922,66.01839923,0.108573898,0.866666667,0.011593677,1
779.2077768,38.03924977,296.4047924,762.5448449,57.46328889,9.837702471,39.16886877,-0.113403666,0,0.008124094,1
1064.571616,37.51903216,399.4169669,952.7235934,62.13586345,9.631169575,63.06781777,0.111003509,0,0.004890063,3
1082.681905,54.10359253,585.7698063,783.4704745,41.48382259,12.82267631,47.33795056,-0.43621393,0,0.010213526,2
2151.384645,47.99548316,1032.567455,846.1517531,51.54676507,13.84268913,63.68338592,-0.563947636,0.133333333,0.006836204,1
2513.863461,24.8281978,624.1469926,885.2830965,74.98763762,11.93387155,63.90375729,-0.235398452,0,0.004560729,2
1879.811609,41.43211502,778.8457081,771.9376957,53.96310117,15.96142775,67.68649575,-0.429441528,0,0.013618926,1
3157.664761,27.72467421,875.4522675,652.1614785,64.87288089,17.76900772,122.3231903,-1.076095249,1.6,0.022256789,2
4441.219469,71.57022071,3178.590576,755.9861584,24.86737027,25.93750571,84.07782063,-0.623299585,5,0.018661039,1
3216.976447,19.22860519,618.5797002,762.3043863,80.25773416,11.12670686,115.3688853,6.939967527,0.333333333,0.006563218,2
3287.890903,67.41443973,2216.513231,724.6267523,28.91456154,21.90078853,74.43683882,-0.541863045,1.8,0.016376213,2
4836.611288,18.91703202,914.9433061,979.4580517,80.6195434,15.61600396,332.9278393,-1.23811575,1.466666667,0.011639483,2
1910.39215,38.83372454,741.8764253,902.2455094,60.57207441,13.1364472,77.90752405,0.424814343,0.666666667,0.007378053,2
1910.5953,29.32819627,560.3431394,771.5634455,68.79156452,11.45535241,57.75074362,0.412393848,0.2,0.008109309,2
671.3434564,39.19950826,263.1633336,770.1527611,56.03535144,9.310083652,40.79569242,-0.227819325,0,0.007761971,1
2691.336204,17.08693454,459.8668554,777.8795819,81.85514113,11.18024088,69.47425459,1.779949924,0,0.007614605,2
1450.127358,28.09902159,407.4715993,751.0150059,70.34212472,9.551696884,55.53019759,0.361069745,0,0.006604427,1
2009.904599,38.24944428,768.7773395,800.2835956,58.99343218,15.19914885,69.24134384,-0.230467497,0.4,0.011252388,2
6474.641663,11.8632505,768.1029597,1181.714851,88.02097797,17.75469153,318.3265102,-1.081615046,2.733333333,0.007631048,1
2427.84796,58.95641526,1431.372125,807.3236493,38.95729431,19.19451628,64.6375138,-0.061957569,0.4,0.01334063,2
1241.299662,71.9404244,892.9962449,795.521108,26.20181377,12.92263414,43.10938658,0.330863284,0.4,0.008443325,2
4501.51733,22.05933374,993.0047312,882.4060567,77.15943597,16.75323439,123.4283246,-0.031001881,1.933333333,0.010223293,2
2309.463953,33.92782775,783.5509519,802.2762562,64.69273166,13.77060654,65.16446589,0.005958725,0.533333333,0.008874151,2
872.7001332,46.46412874,405.4925134,739.049948,48.23791982,10.1038278,53.87010355,-0.833794645,0,0.008923889,2
2087.932419,58.74827149,1226.624206,828.1049188,40.50279589,14.90561813,61.84965301,-0.283402193,0.133333333,0.008008647,1
7581.793284,9.907582276,751.1724077,1062.10075,89.91026614,18.36584132,321.275828,-0.890306602,2.2,0.00909797,3
2373.493526,52.31874773,1241.78209,803.6857422,45.20654398,18.47950285,68.64794156,-0.152160538,0.266666667,0.013148624,2
1832.246988,51.297205,939.8914935,839.7687184,48.19077242,12.95742685,59.1618954,-0.405323707,0,0.006675059,1
1980.937733,34.46215556,682.6738431,793.8542964,64.54557375,13.12151173,66.26923744,0.034385616,0.133333333,0.008656441,2
783.0233769,32.58592203,255.1553871,772.5613823,62.9207099,9.37165568,45.45087596,-0.12714895,0,0.007716088,1
1880.269005,48.07502512,903.9397964,844.0714995,51.38240643,13.27875107,60.78202758,-0.41871856,0,0.006637187,1
2197.521102,26.61259224,584.8173304,892.5874116,73.15283602,11.26252298,64.81696633,-0.385562256,0,0.004464303,2
1965.323124,37.83306883,743.54205,794.4861465,61.05565498,13.5532962,65.66548304,0.124352382,0.133333333,0.009116703,2
2163.346599,48.55758089,1050.468775,862.1535382,50.00085652,16.48656715,68.07248802,1.826265603,0.666666667,0.010369728,2
1899.072526,24.17240996,459.0515963,745.6382757,74.72238659,10.08930133,79.900219,-0.365980417,0,0.007208337,2
2588.64371,64.57353867,1671.578847,668.8937359,30.88695056,18.29365505,77.29643039,0.801422706,0.933333333,0.016593345,2
2918.559748,48.67887844,1420.722152,801.5134246,49.4702852,18.43259126,66.69016527,-0.479699455,0.2,0.012367113,2
4060.473527,15.72962458,638.6972419,1141.186323,84.13862575,16.01244797,306.6710451,-0.362290431,0.933333333,0.007492654,1
2379.430079,59.83398155,1423.707755,774.4405224,39.1632705,15.00390705,69.6053416,2.108815896,1.333333333,0.008931238,2
3708.002874,22.61176165,838.4447718,906.2895006,77.22750075,14.67878427,114.1688189,0.396525447,0.8,0.005951476,2
2763.462273,28.080955,776.0065974,864.8203223,71.34273245,13.20045632,92.01090069,1.300111051,0.4,0.00754366,3
1475.592768,28.24370826,416.7621165,765.1342667,70.48900075,9.493083227,55.9691051,-0.190499307,0,0.006138504,1
3528.32993,66.92136885,2361.206687,724.3007538,29.47445703,22.43087973,73.86099783,-0.399880314,2.466666667,0.01694105,2
3102.989208,34.41796513,1067.985743,901.2537973,65.09114847,16.8317663,95.25988704,-0.321051895,0.733333333,0.009586681,2
2656.079037,29.44102424,781.9768729,892.7602382,69.60321249,14.23447369,106.1926384,-0.282961483,0.733333333,0.008240823,3
1910.437369,38.31418458,731.9685,793.1860691,60.45299573,12.60524386,65.30252651,0.117555773,0,0.007860607,1
1511.292425,29.48427463,445.5936091,755.0230857,69.0200058,10.13013449,71.9535534,2.868215077,0.133333333,0.00771024,1
1716.219923,20.28161508,348.0771187,898.1933395,79.18721321,10.1298005,60.47994935,0.048287517,0,0.005286399,2
4164.220696,72.37601199,3013.89687,767.9681726,24.67960166,24.94254986,79.37948419,-0.711881764,3.4,0.017615001,1
1178.123229,30.71979847,361.9170818,723.7271511,66.89374935,9.304804794,56.30727678,0.268852164,0,0.007258502,2
5216.837436,17.84940627,931.1745084,781.3637162,80.24084673,16.7074859,206.4054596,2.050224116,1.6,0.016373398,1
703.1531714,36.67957761,257.9136132,875.4551386,61.3432974,8.552599586,50.83122886,0.170442081,0,0.00582438,1
2996.484421,19.92859778,597.1573276,713.4160165,77.122652,13.87665936,72.12874832,9.045582192,0.733333333,0.011960081,2
3671.187032,28.93688133,1062.327035,676.848797,65.72376052,18.58269889,150.3069169,0.236116801,3.066666667,0.017150532,3
2277.925798,27.76936268,632.5654764,775.8377868,70.61592391,11.84404753,61.98002113,0.077950566,0.133333333,0.008154876,2
1607.495084,28.94931452,465.3588077,746.8156359,69.20476328,10.22851682,78.51925372,2.204076944,0.133333333,0.007917756,1
2403.347271,30.07703891,722.8556938,859.5151671,69.60632173,12.28427083,65.11364822,-0.713150569,0.133333333,0.005428793,2
1838.292406,63.48550972,1167.049304,818.1493398,34.23138088,18.21562284,52.58411808,0.024995685,0,0.012720385,2
2142.900193,33.18464262,711.1137706,861.952238,65.62804052,14.04251235,62.47312335,0.145839195,0.533333333,0.008822784,2
4291.53511,41.19049588,1767.704593,1004.584898,58.65403141,20.93259965,94.19218107,-0.265903801,1.733333333,0.009459047,2
2940.609597,33.52166687,985.741353,751.8498241,65.48991149,13.15440995,82.87237784,0.636889045,0.4,0.008149086,2
923.2779885,29.40117169,271.4545466,819.5959482,68.43977988,8.587170785,51.37593117,-0.589932902,0,0.006319066,3
2483.667564,58.51849237,1453.404814,811.6403574,39.36117831,19.2070954,66.55675531,-0.045146647,0.4,0.01309779,2
2552.497394,17.44317312,445.2365392,813.5125553,81.68466178,10.60804453,80.78992658,1.376007308,0,0.006669533,2
6867.563309,6.771291991,465.0227643,1032.267564,92.68397264,15.71928034,365.2154239,-0.54236846,1.266666667,0.01008724,1
5272.997653,47.47490923,2503.350849,1018.792561,52.45546817,23.79347307,102.4260175,-0.015393034,3.4,0.009812457,2
2132.381497,23.79101358,507.3151716,901.713461,75.86235578,11.59774104,75.20821318,2.003331042,0.133333333,0.005452413,2
4279.780934,19.63866804,840.4919706,566.3413226,73.05517023,17.45320997,130.5875786,1.221493924,1.466666667,0.0255519,1
2587.975321,15.55668518,402.6031732,742.8360298,83.8610341,9.899755408,114.1704371,9.357866653,0.333333333,0.005931363,2
1997.078481,26.39921386,527.2130193,882.0752802,73.3534976,11.13367496,62.30612237,-0.385115857,0,0.004583037,2
2803.280559,24.5379223,687.8668055,881.0292184,75.07153008,12.71491014,95.46070432,0.723879463,0.133333333,0.006228495,2
2982.932826,40.7835956,1216.547261,798.3990895,57.70213414,16.3513432,78.10292183,0.723029376,1.266666667,0.011206297,2
4147.665912,71.46721482,2964.221307,758.5360085,24.47055858,25.89369493,83.20922364,-0.615092698,5.066666667,0.018734288,1
1405.596117,59.73134368,839.5814473,794.4632183,39.17988565,11.78831988,48.80659851,0.069752476,0.133333333,0.006701643,2
3112.800498,32.97154373,1026.338377,973.3786049,66.62837447,17.9631822,148.6432358,0.73310086,1.4,0.009683464,2
1351.587953,50.74774787,685.9004468,618.1242144,44.58511175,10.59635046,45.62041244,7.350150054,0.6,0.010120661,2
6283.259788,21.85081657,1372.943571,1098.35346,78.13117706,20.10888891,161.0757835,0.477857565,2.666666667,0.007270474,1
2411.528086,60.68664601,1463.475513,809.9550361,36.96215242,19.45816746,62.83926102,0.134941242,0.4,0.013466547,2
2664.286521,21.21210358,565.1512166,787.9848418,77.56310014,12.37382092,69.96505562,-0.160066801,0.133333333,0.008158787,2
9045.238284,5.854463537,529.5501771,1190.542022,93.66968223,19.38996456,418.7298216,-0.715905644,2.933333333,0.015683668,3
3126.976975,31.8129654,994.784103,621.0956937,62.9439465,15.11240555,105.7904384,0.051752762,1.533333333,0.014419533,3
2961.631748,15.1584065,448.9361794,735.5870491,83.0603301,12.75244812,115.7559005,7.341654389,0.333333333,0.010266881,2
6177.483082,7.658384975,473.0954362,1200.654621,92.29971318,15.09808176,308.0729251,-1.058172589,1.6,0.005404742,1
1663.612575,52.83738594,879.009397,801.8562237,46.13525212,12.59549615,54.69090242,-0.11570026,0,0.007077466,1
3570.724887,18.84304826,672.8334138,721.6365706,79.66509779,12.36618669,116.5437396,0.299854737,0.266666667,0.009556695,2
6050.988437,12.10716702,732.6032762,925.9615687,87.72908477,14.45091981,196.6501839,4.691282222,1.2,0.006800188,2
1938.745873,63.58833367,1232.816195,833.7387516,35.75857221,14.62753069,58.03205023,-0.467542183,0,0.007673867,1
2509.020043,27.97274423,701.8417592,856.2461665,69.8319991,14.85210833,67.07112677,3.565815682,0.666666667,0.010322929,2
4934.712302,14.72164484,726.4708191,835.3379706,84.49865732,14.78935203,116.4780114,5.555857618,1.133333333,0.01052265,3
668.8936028,43.01230721,287.7065714,716.0010255,50.22428256,9.468297266,34.30085176,0.738404541,0,0.008885532,2
1994.228402,24.6459502,491.4965387,776.1140272,74.71536765,9.78529973,82.59802989,-0.880912865,0,0.005849939,2
2262.809306,24.06068482,544.4474152,854.0522834,74.68822932,13.46279217,73.97330684,-0.212200798,0.266666667,0.00844323,3
8990.176689,7.899366978,710.1670486,853.0977477,91.36051817,17.50703998,238.5185467,0.325526503,1.866666667,0.014012097,1
2670.6578,27.23186901,727.2700339,661.7603883,68.22083705,14.32667897,154.1429758,1.21745846,1.266666667,0.020527761,2
5011.00543,32.62289185,1634.734882,645.9645096,63.86499932,17.5151837,123.127943,0.96126899,2.733333333,0.017224226,2
3365.105687,30.27620865,1018.826419,710.1560687,66.10047503,17.00304814,82.03136361,6.849189338,2.066666667,0.015247886,2
6326.821347,14.0213414,887.1052208,1002.759922,85.84333956,16.0331625,202.2951318,2.36539806,1.133333333,0.009617211,3
1425.399622,59.74045907,851.5402781,794.0251408,39.18133365,11.97868957,50.71442826,-0.076186615,0.133333333,0.006643179,2
2235.528735,66.85825237,1494.635443,840.4973266,32.03247648,19.26393189,59.18592414,-0.569245439,0.266666667,0.011955279,3
5658.21953,22.28201967,1260.765589,922.081326,76.93360203,18.43894514,316.036841,-0.324069475,2.4,0.011520822,3
4419.118787,41.02840835,1813.094101,1028.550976,58.85456629,21.34028651,99.86955894,-0.278048894,2.4,0.008932836,2
5532.133511,17.50147179,968.2047861,933.8011645,82.36532447,17.03159812,124.8538971,1.046732576,0.6,0.00753572,3
4364.728366,22.54191122,983.8931932,893.1298742,77.08349948,15.56149329,105.6158858,-0.38153393,0.866666667,0.008078126,2
6061.380612,20.23336163,1226.421059,994.0903059,79.32292341,20.26437413,175.9170071,-0.000128437,2.866666667,0.011198305,2
3828.552036,34.23504481,1310.706505,614.2761316,59.26748059,17.14614954,110.3971091,-0.465653489,2.6,0.021773204,2
4526.753077,15.44566649,699.187183,837.409363,83.78853208,15.25518609,117.4025188,5.262548859,1.133333333,0.010926388,3
3429.716439,68.82413674,2360.472732,726.4006347,27.94697031,21.6132765,76.98333868,-0.475979279,1,0.015697483,1
3086.403393,24.5902278,758.9536253,858.1166046,74.55355594,14.21673669,78.89675134,0.156181544,0.533333333,0.008663216,1
3879.700698,71.31357611,2766.75331,757.175004,25.58899861,24.64189011,76.19196704,-0.888897747,3.2,0.017702718,1
3800.696285,52.84752223,2008.573814,1001.244452,46.90836379,22.92247279,97.91853351,1.371207345,2.533333333,0.011670062,1
3535.105191,70.65618735,2497.770547,723.5236928,25.42246461,22.8312434,71.33428021,-0.539634028,1.8,0.017175659,2
9598.091735,3.416145698,327.8847979,1218.160914,96.57703097,16.37639618,269.1037255,-0.006519683,1.266666667,0.003844829,3
2882.621318,31.93614129,920.598017,793.4125886,67.15283707,13.32165696,69.33876899,0.41564112,0,0.008068312,2
1576.589221,56.9353638,897.6368086,789.4980437,41.14200374,12.98179658,51.75489852,0.24739777,0.333333333,0.008281459,2
3582.121258,16.68084328,597.5280332,710.5062185,80.84091708,14.22538913,226.0462523,0.497930064,1.333333333,0.019806712,2
3697.273876,50.66547042,1873.241202,967.012018,48.81071776,22.91237431,87.08932195,0.263588407,2.2,0.01267235,1
1017.991684,43.52598221,443.0908792,748.0036421,53.18912625,10.27966202,62.90891764,-0.513811358,0,0.007971365,2
3058.955212,25.69343874,785.9507835,731.7943222,73.41397461,12.17310389,90.78432862,-0.146012395,0.2,0.008261692,2
1815.468765,36.7498038,667.181209,924.7835602,63.13146161,11.46852603,107.1751958,-0.631790019,0,0.004538733,2
1214.789141,50.37099204,611.9013416,570.6365902,46.44450877,9.004476475,48.0149775,2.170143826,0.133333333,0.008944278,3
3446.787835,60.77312082,2094.720535,710.3864425,35.38699741,21.0114794,74.45636178,0.235828064,1.333333333,0.016697663,2
1453.312669,23.34550774,339.2832216,733.6723212,74.85648128,9.104616841,73.93362838,1.766130978,0.066666667,0.007293151,1
3906.151336,53.01507315,2070.848988,879.4757246,46.20671571,21.26163393,99.47916528,-0.051961826,1.2,0.012112379,1
2273.421619,34.33363319,780.5482396,764.9060547,64.7875784,12.10193116,72.95993741,-0.416729571,0.2,0.007411482,1
2636.01364,40.67141015,1072.103919,876.5928994,58.1652504,16.15211104,78.57499023,1.432648196,0.4,0.009740304,2
1617.329304,29.16888268,471.7568873,743.4377102,69.70671143,9.648669097,58.17286342,-0.338457607,0,0.006302299,1
5822.171936,22.21692934,1293.507825,707.3323696,76.61851176,16.64172355,207.7580454,1.496636719,1.666666667,0.022138747,2
4444.335983,15.91994435,707.5358154,839.8600287,83.34744588,15.32349823,117.4970977,5.193270673,1.133333333,0.010846456,3
4415.880885,10.8226485,477.9152662,1226.417962,89.13577084,14.84632853,286.5220348,-0.645001574,0.6,0.005756918,1
1519.981581,31.12435616,473.084481,750.8678114,67.83761981,9.79626648,69.82748986,-0.092468078,0,0.006714415,2
3498.593294,47.44254544,1659.821713,996.2047775,52.31438356,21.45655474,79.46206371,-0.03192314,1.666666667,0.010827637,1
2812.674112,18.42071496,518.114681,753.9356482,81.05090427,10.36312922,110.9489564,9.247547203,0.333333333,0.006016943,2
1817.990101,22.51513848,409.3229887,767.2996811,76.0164251,9.599158435,61.05120302,0.298957323,0,0.006863725,1
1687.782523,20.19764213,340.8922741,902.0797454,79.38564122,9.887020436,57.72121467,-0.116825751,0,0.005080114,2
2952.443558,22.11168547,652.8350332,757.4997759,76.49603378,12.29786531,97.55114733,-0.260077502,0.2,0.009134388,2
2941.692687,31.5929525,929.3675734,763.1200179,67.45302782,13.38637492,92.11856319,0.744539193,0.666666667,0.008445038,2
3346.145661,47.22428334,1580.193308,937.2333111,52.11522706,20.91605222,76.22146154,0.017931929,1.533333333,0.012002893,1
1857.331524,65.63431492,1219.046822,816.6546779,32.24890169,18.7345034,54.10560297,-0.135757104,0,0.013052043,2
9414.269679,5.854517844,551.1600982,1186.095403,93.70187799,19.43077599,414.0834286,-0.673178959,2.933333333,0.015683285,3
1156.30279,51.23264871,592.4045466,751.3980615,38.73503057,15.08928824,45.65413562,-0.375119841,0.2,0.014283651,1
9839.419626,5.244611047,516.0392887,1124.475598,94.66657724,18.4059815,295.5639341,-0.83100356,2.4,0.007545135,2
3624.968811,21.13304959,766.0664564,948.938624,78.74755737,14.32178904,103.7870044,-0.075042414,0.6,0.005637779,3
1420.965024,42.47164985,603.5072895,849.4069498,53.99214465,14.17579115,57.1301572,-0.355247433,0,0.010347533,3
3402.194958,23.78073273,809.06689,829.7810181,75.39616034,14.6575197,134.0470343,0.788034379,1.533333333,0.010288022,2
2989.463123,28.76998002,860.0679431,766.6463317,69.3363283,14.26964885,140.0223983,1.315327615,0.666666667,0.010839715,2
4001.351782,68.33322519,2734.252724,759.2484031,29.21887514,23.24594038,84.34835551,-0.635515293,1.8,0.015813517,1
2012.381112,59.33822156,1194.111163,829.3686766,39.94419928,14.6310733,60.65595421,-0.15727141,0.133333333,0.007973067,1
3013.475724,64.87638028,1955.033971,678.0746752,31.53913913,19.28662247,76.45534744,0.529999409,1.066666667,0.016771083,2
3241.241756,32.34967556,1048.531192,895.5139909,67.17603931,16.70601504,92.72078967,-0.308257104,0.733333333,0.009560503,2
3754.787618,23.41416396,879.1521294,694.0299277,70.22345314,17.66947053,153.7561512,1.858291127,1.6,0.02145611,2
1505.572188,24.8919295,374.7659677,720.7185896,73.52510056,9.30611344,67.19006779,-0.180727687,0,0.006977065,2
5139.443067,15.84007475,814.0916234,813.1312921,83.65932743,13.75816281,130.2763024,0.79651077,1.2,0.008164991,2
856.0648288,42.85728309,366.8861271,729.487491,52.37970895,10.14155008,39.66865605,0.615317673,0,0.008747441,2
3557.856177,27.85231159,990.9451883,1099.364574,72.13578033,17.38910548,100.7773469,0.119046805,0.8,0.006383476,1
2999.620729,21.26564806,637.8887874,753.9302576,77.37066529,12.58658083,97.04914847,-0.266505034,0.2,0.009554046,2
8444.652213,12.0619379,1018.588706,1134.285927,87.6570431,20.35868505,374.4550622,-0.730731188,3.266666667,0.012013991,2
1721.786265,39.54876239,680.9451589,976.5178626,60.30556973,12.91287834,62.61269709,0.438494125,0.2,0.005980077,2
4547.416831,17.9898383,818.0729346,579.4953533,75.79998512,17.08134374,156.2838305,1.028004493,1.4,0.025192378,1
3757.523816,27.50789094,1033.615553,1112.739372,72.4800073,17.44545812,89.972067,-0.18016238,1.066666667,0.006352453,1
10854.62486,12.92148566,1402.578794,1028.166595,86.99374119,21.3620224,211.3128315,0.046022171,4.266666667,0.007966675,1
3002.374909,36.18389418,1086.37616,960.1033149,63.42063188,18.14204317,95.13556448,0.46191989,1.266666667,0.009344689,3
1358.123003,28.0628029,381.1273814,719.1971076,69.62887058,9.641110597,51.75767917,-0.084258316,0,0.007503214,2
8219.258263,9.526155005,782.9792823,1060.007603,90.3148646,18.34505235,323.851908,-0.902260668,2.2,0.009076458,3
2080.668239,42.06445912,875.2218409,701.9115926,47.01437431,17.77406918,72.04249042,1.746082916,2,0.018605615,2
4419.547859,19.36173006,855.7009266,795.3089914,79.26071428,15.00798544,225.5028094,1.411228143,1.066666667,0.011819973,1
1292.933182,39.71075845,513.4335729,767.7725887,56.34034264,12.69563225,54.73109941,0.062022211,0.466666667,0.010267871,2
4413.869361,19.77610696,872.8915259,938.7226196,80.08399205,15.44382335,127.2136932,-0.381798064,0.4,0.006526939,2
3520.621552,14.11280056,496.8582981,757.7018802,85.05800503,11.05869167,134.2923378,1.590022512,0.333333333,0.008169259,1
3921.556908,73.007698,2863.038424,782.8472989,23.8981708,25.54790753,79.84258646,-0.635046555,3.6,0.01787022,1
2291.820262,25.96425677,595.0540976,878.5975413,73.44432434,13.47818231,78.53574291,0.120718338,0.466666667,0.008020631,2
2859.969298,14.8704505,425.2903187,788.4484943,84.23746898,11.07537928,73.41694789,0.718985464,0,0.007277209,2
3860.636254,40.69291499,1571.005429,977.289522,59.12060005,20.22958048,96.13343664,0.283289832,1.066666667,0.009819207,1
2081.503026,23.01969629,479.1556748,895.3789211,76.51377121,11.05259064,73.46159668,0.32973737,0,0.005738803,2
2981.879636,20.09671714,599.2599158,829.0464364,79.36538148,11.8146755,123.4554579,-0.865769055,0.333333333,0.006822472,2
4320.587768,37.67782105,1627.903328,895.282993,61.87635391,18.33523492,129.1593797,-0.231324518,2.666666667,0.009183466,3
3365.527646,25.47786416,857.4645619,773.3123321,73.09260269,14.49287997,105.4293911,-0.364882142,0.8,0.011956846,2
1982.76975,67.97425477,1347.772961,812.8268704,29.90585833,19.09770625,55.17970384,-0.141644129,0.266666667,0.013106168,2
1080.243771,53.6050543,579.0652599,898.8788712,45.48552769,10.99607268,95.79475277,-1.24988256,0.2,0.006312707,3
3905.346319,48.64506245,1899.758155,1037.941445,51.22917722,20.93793307,126.2450217,0.504406988,1.333333333,0.008556631,2
2789.115482,43.70899809,1219.094432,792.1538523,55.47204488,14.08945695,73.18928038,4.025237806,0.133333333,0.008202259,2
1874.101878,25.23188378,472.8712078,1105.317823,74.76441223,11.88762022,72.14653047,0.666348713,0,0.00403531,3
1096.738,55.46931734,608.3530814,750.2165366,35.55595062,14.7559238,43.34234485,-0.24456895,0.066666667,0.01381652,1
3447.342815,65.84971099,2270.06528,720.7474425,30.59380783,21.87664842,74.32827353,-0.567265641,1.6,0.016532378,2
2284.877497,25.12755929,574.1339477,861.8553628,73.80788233,13.02359756,74.28421058,-0.25293738,0.066666667,0.008167615,3
5267.990595,16.61411908,875.2302306,812.6900587,82.89478101,13.75826712,130.2385917,0.80303976,1.2,0.008169843,2
2186.56814,37.81952623,826.9497112,810.2924392,60.40158794,14.06460866,79.88227905,0.944491716,0.866666667,0.009766264,1
510.4921624,42.29328279,215.9038939,780.3006291,53.28504674,7.525411439,47.06734161,3.677970103,0,0.006182262,2
2229.786771,23.44270811,522.7224042,835.1974829,74.57748984,14.33971671,80.06557237,1.733756122,0.666666667,0.010829597,3
2425.04786,28.20218285,683.9164316,812.3380804,69.77606971,13.51286177,153.2498325,0.910235415,1.266666667,0.012550305,1
2453.368547,40.73839701,999.4630187,739.7380288,57.22168575,13.51695879,106.2624502,2.816373416,0.2,0.009859797,3
2563.224372,30.79143829,789.2536508,862.3665913,68.99494677,12.65554341,90.32679793,-0.48971399,0.2,0.005477183,2
1673.083714,24.7382778,413.8920971,713.4418494,73.36975166,9.741707159,63.9534006,-0.19340671,0,0.007761638,2
7054.39662,25.29891781,1784.686003,981.6002182,74.49244899,22.04436831,160.7528285,0.259625624,3.933333333,0.010291432,3
3217.914446,55.8840321,1798.300342,818.4738653,43.45285339,17.06212899,108.8876135,0.654640084,0.6,0.00902815,1
9204.538892,5.550467983,510.8949842,1189.064499,94.43943339,17.8644476,228.8389017,-1.078504493,2.6,0.00507514,3
4418.870299,47.43346001,2096.023076,932.0627388,52.28561001,20.66826494,118.4362049,1.261703022,3.466666667,0.010546458,3
4582.727245,22.97050766,1052.675713,697.5461434,74.39268363,16.9626271,168.0817302,-0.164184836,2.6,0.01627368,2
5392.499935,16.04288143,865.1123707,627.0596424,80.33543902,16.57561503,136.7307213,4.441727848,2.266666667,0.021570927,2
2489.575551,19.95459853,496.7848065,954.7792136,79.94599317,11.45358798,64.11025524,-0.135972612,0.2,0.004784108,3
2954.311377,59.08745904,1745.627525,831.2096149,39.34376743,21.62983372,68.91674814,0.381771887,1.666666667,0.014512384,1
5542.330914,46.6800461,2587.162626,1013.540068,53.25903403,23.78709378,104.6874862,0.02399463,3.6,0.00967128,2
2547.856156,37.3218732,950.9076439,798.2626885,61.05464108,14.28457977,63.7879589,0.020411498,0.6,0.00925406,2
6791.98496,10.56481075,717.5603573,996.9430098,89.02752985,17.73535688,220.182958,1.625382971,1.933333333,0.011574202,3
3193.040559,37.92434292,1210.939651,924.3797255,61.42566879,16.8666817,179.2568683,-1.435897103,0.6,0.009001742,3
2221.177296,36.34623565,807.3143342,801.874085,61.40157605,13.97264562,84.14305322,0.128221738,0.866666667,0.009747669,1
3377.321476,70.81938613,2391.798337,720.6756687,24.988089,22.41249534,69.6152124,-0.477896124,1.866666667,0.017685362,2
1580.009462,23.09457702,364.8965022,768.0911255,75.32569799,9.383950534,53.61117723,0.216338896,0,0.006783156,1
3759.798268,68.54088699,2576.999082,729.0026836,28.08629938,23.02721626,76.33178574,-0.668164025,2.133333333,0.016785362,2
2090.902025,22.13485545,462.8181409,848.8996689,77.40483429,10.70745108,67.68205347,1.145643534,0,0.005815593,2
2405.027548,22.94290882,551.7832774,954.8827907,76.99569483,11.73147021,64.53000233,0.410501963,0.2,0.004287266,3
3618.133648,32.14719167,1163.128359,707.7582387,64.54395216,17.10871571,170.3724873,-0.449927053,3.066666667,0.016467562,2
3713.742928,49.47671534,1837.438017,940.4595239,49.85011691,21.82784311,97.21602519,-0.284152998,2,0.012099546,1
2199.414884,71.41356039,1570.680476,816.9806505,26.83354507,20.53219888,55.41714103,-0.030955842,0.533333333,0.013919903,2
735.8489532,32.95891674,242.5278438,869.4156758,65.11216316,8.521617527,45.73348758,-0.040406067,0,0.005840463,1
2290.234443,66.86269998,1531.312584,831.3423433,31.79406016,18.92522145,59.04438072,0.087215879,0.4,0.011938598,3
1973.032697,57.08234665,1126.253364,832.1277975,42.1804725,14.52345381,62.35212702,-0.169300025,0.133333333,0.007823963,1
6578.253492,10.17824444,669.5507204,940.8991142,89.27557667,16.58887647,340.5311912,0.090997559,1.2,0.009753472,2
3082.414737,16.06868636,495.3035565,813.4302159,82.90219957,11.81678673,75.02830614,0.1445598,0,0.007615314,2
2325.635411,22.21506128,516.6413317,711.639084,72.29739371,13.28960224,136.3851448,4.576903739,1.4,0.013316128,2
2809.87489,16.70146988,469.2904084,781.2773665,82.30058625,11.25150859,72.49283785,1.169371774,0,0.007571264,2
2865.805988,31.63454808,906.5847732,872.160229,68.16101062,13.85129003,83.63671248,-0.491747585,0.2,0.005751881,2
2190.421596,18.62758646,408.0226767,807.3367916,79.93725994,11.43790413,60.23638381,0.327699619,0,0.007679087,2
2249.160381,25.67218991,577.4087243,881.9865375,74.06137164,11.50608476,64.42056323,-0.374661372,0,0.00465734,2
499.7699118,45.64970338,228.1434823,770.8869883,50.94968731,7.546682081,56.91438683,0.216213041,0,0.006089272,2
2585.183397,30.23242538,781.5636415,784.1182523,68.86503485,13.97882167,117.7856845,11.67054891,0.733333333,0.009555327,2
1436.015393,58.67830155,842.6294424,793.3251832,40.44022126,11.96632016,48.34201863,-0.214264046,0.133333333,0.006597449,2
2219.401883,27.55359349,611.5249727,952.6748557,72.3369749,12.50913371,78.26096328,-0.0507867,0,0.005554495,2
1804.637123,30.05948925,542.464702,956.1698085,69.79598676,11.9734107,53.55481816,0.449309346,0.2,0.005635944,2
1332.418399,55.02269241,733.1324773,777.453605,43.86216488,10.9977878,49.53295519,-0.241009153,0,0.006225524,2
3331.299661,32.50159817,1082.72563,909.2797547,67.05825948,16.53372629,93.72687723,-0.176863402,0.733333333,0.009270379,2
4382.097349,33.11426935,1451.099519,981.8914215,66.72776186,18.66743824,150.3406019,-1.057223534,1.533333333,0.00758756,2
2903.250983,24.02790271,697.5903218,883.6830961,75.71130027,13.08494566,92.41370498,0.041507016,0.2,0.005942713,2
5737.662926,40.63499314,2331.498937,1033.790918,59.32245348,23.55806825,111.4051816,-0.01716133,3.533333333,0.009111299,2
1969.503674,68.05163397,1340.279432,816.0347831,29.42943555,19.63407387,57.67735359,-0.316373415,0,0.01387805,2
4874.670867,63.16963404,3079.311747,777.1386132,34.1895951,26.13337448,93.17297363,-0.760210017,4,0.01829877,1
904.9107428,33.15420942,300.0160027,894.8401357,65.58045651,9.072397635,55.61232588,-0.382598688,0,0.005719506,1
1015.484338,67.42047263,684.6443402,774.7198846,30.95269781,10.89579032,41.47254747,-0.139654272,0,0.006545775,2
2939.24318,19.93434347,585.9188309,927.8198999,79.89044647,12.53730391,86.07298375,-0.542074852,0.133333333,0.005191952,3
3699.911558,40.94065702,1514.768101,813.8594751,58.11112512,16.56466489,110.1357482,-0.475958749,2.266666667,0.010325296,2
1584.066297,45.84172107,726.1632535,840.8608639,52.11809201,13.54058029,53.42635064,1.956302312,0.266666667,0.009048028,2
1843.134037,37.9698733,699.8356586,764.6122134,60.88408042,11.83839976,73.37744164,-0.093470995,0.2,0.00762982,1
1489.429632,28.92198716,430.7726469,722.1678641,69.2610679,9.620765852,52.0971983,-0.348796199,0,0.00711641,2
3867.27347,48.3306148,1869.077044,988.0888184,51.26139175,22.99432768,91.20021021,-0.302307887,2.466666667,0.012399173,1
2446.676618,21.50520462,526.1628131,941.1203906,78.37783488,11.26453735,72.35791665,-0.2899527,0,0.004440891,3
2894.337133,23.25901846,673.194408,903.1647305,76.67047135,12.4925403,72.03190507,-0.302836389,0.133333333,0.004534253,2
3995.382293,22.49468056,898.7484839,881.0774272,77.08959334,15.07330553,106.4091361,0.338714394,0.666666667,0.00822148,3
4351.058364,38.29239632,1666.124513,1061.005326,61.67057727,20.70177498,111.2962547,0.989206398,1.133333333,0.008705579,3
2335.276648,28.03467562,654.687233,729.9741715,67.8220816,14.31296957,127.4295927,0.408580871,0.933333333,0.0172373,2
718.3584189,42.07798547,302.2707511,714.5721772,51.43120398,9.497620706,35.96623283,0.728221858,0,0.008871081,2
2187.69262,25.48875144,557.6155341,831.0436998,73.27554341,12.704899,61.79451907,-0.057056572,0.266666667,0.008429961,3
2152.214523,24.99860584,538.0236254,843.403208,73.43774313,13.4672593,65.5963079,1.960802185,0.133333333,0.009610494,3
4058.551557,18.40948218,747.1583255,1008.231517,81.4740456,14.96315479,143.2937114,-0.525294427,0.466666667,0.005700655,3
3738.754278,21.87721885,817.9354558,1023.918542,78.05350723,15.31183003,135.4014416,-0.874743071,1,0.005555165,3
2085.211153,23.88442874,498.040772,906.6037142,75.7321867,11.48926216,77.68390874,0.337457389,0,0.00579229,2
4464.535241,13.79307808,615.7968316,934.5554996,85.85742495,13.65980887,366.2818374,-0.853984065,1.133333333,0.00727196,2
7308.873739,12.39065477,905.6173126,1013.705688,87.28738136,17.90947219,318.1700381,-0.718921687,2.266666667,0.009048595,3
1903.964336,48.72206393,927.6507212,841.4316625,50.77744684,13.02566942,59.50094476,-0.414046744,0,0.006651962,1
3459.656342,65.17213767,2254.731994,727.8804762,32.38562692,20.17066339,81.17625408,-0.524752015,0.6,0.014156029,1
2969.057278,59.22807167,1758.515373,703.3852485,36.07003233,20.19374056,73.33409152,1.319709088,1.133333333,0.016825059,2
1806.305662,37.94607989,685.4221896,910.2295397,61.55731493,12.17448382,77.90949727,0.400750214,0.466666667,0.006703386,2
1809.270608,19.46966996,352.259016,654.7733429,77.98391481,9.262165627,103.3221783,4.170324396,0,0.009440837,2
2778.331296,23.03110793,639.8804794,870.0026015,76.67281453,12.32817048,97.06817063,1.031223347,0.133333333,0.00575638,2
6434.672331,9.147019727,588.5807475,1005.204369,90.30292557,15.83754386,366.9909528,-0.345552614,1.333333333,0.010434078,1
4894.423004,64.40497865,3152.252091,788.278414,33.1041472,26.1217924,85.71035575,-0.583319952,3.733333333,0.017505909,1
5331.530783,23.09667983,1231.406595,647.8206927,75.54277205,15.65670263,137.5655721,-0.331116548,1.266666667,0.02227201,2
3126.309827,24.55378211,767.6273031,866.8414605,74.73590769,14.14262393,78.04986806,0.258443304,0.333333333,0.008147445,1
2351.381211,32.15520633,756.0914799,755.7828659,66.99171802,11.98512219,73.7725003,-0.376009216,0.2,0.007465235,1
1436.326646,27.52447467,395.3413637,721.5634994,70.66657852,9.176988182,51.46265377,-0.057254355,0,0.006732047,2
4432.734402,47.66044086,2112.660758,1019.544437,52.20168343,22.31095217,94.89531759,-0.33953756,2.733333333,0.009945171,2
1407.056207,25.11024045,353.3151968,718.9780241,72.73353668,9.205907798,50.14758415,0.203297203,0,0.007315886,2
2068.823453,26.29429468,543.9825353,837.4228804,72.78517983,11.87580136,76.95825992,-0.056067148,0,0.007652416,2
1786.189619,21.28885662,380.2593468,726.3004187,77.13722369,9.497074187,65.95048085,-0.251069102,0,0.007424061,2
3105.673469,25.41517143,789.3122362,898.8982941,74.30937834,14.19202084,105.3098176,-0.006922192,0.466666667,0.006561359,2
3958.426603,53.56540258,2120.347146,879.9717944,45.59193142,21.22347901,99.3978766,-0.042515965,1.2,0.012091899,1
1552.149454,22.6635924,351.7728257,724.7601101,75.17675908,9.336646793,57.4224536,-0.314309077,0.133333333,0.007500085,2
2478.626935,14.50619363,359.5544224,730.3162649,84.39480002,9.471370284,75.14966934,4.615949677,0,0.007195479,2
1918.451714,21.98993629,421.8663097,614.6841691,76.11578244,8.724149093,71.24583299,6.44026794,0.2,0.007464521,2
3770.014523,38.37154066,1446.612656,741.9771454,57.88697586,19.49274681,147.9492987,-1.156865514,2.866666667,0.018143661,2
4627.591881,44.96479516,2080.78721,1014.840097,54.89477735,22.36732131,95.65318887,-0.403648483,2.6,0.010008789,2
11729.61326,5.931694103,695.764778,952.1396727,93.60936993,18.72408948,339.4323384,-0.274085752,1.8,0.011611765,1
5367.345349,49.19140715,2640.272704,1026.283277,50.75990827,24.11200297,104.1164123,0.267326721,3.466666667,0.00963735,2
2412.736208,22.55307934,544.1463113,876.731569,76.77116228,13.00756899,74.72576018,0.081818371,0.066666667,0.00785775,3
3835.355009,70.34764504,2698.081928,758.3474994,26.56669245,23.17227241,83.11287345,-0.739155497,1.866666667,0.016314087,1
1852.307944,22.05840682,408.5896219,765.1241949,76.88874161,9.847886456,65.54621743,0.26215443,0,0.006372659,1
2236.37861,33.27920851,744.2491007,893.8567611,66.18965844,13.93765698,83.28622837,0.36139666,0.933333333,0.008095577,2
4954.379536,8.762597154,434.1323202,842.1604823,90.62664781,14.99369261,269.569476,2.755115722,1.066666667,0.013791387,2
6069.682664,12.27852679,745.2676117,930.0284814,87.55777005,14.74267658,196.1154314,4.636070998,1.2,0.006916451,2
3498.337563,32.67008713,1142.90993,919.0322757,66.90159533,17.85332522,117.4006496,-0.473188504,0.666666667,0.00988909,1
3231.427968,21.14013194,683.1281362,762.4701222,78.30698574,11.93757922,105.8349118,-0.692792085,0.066666667,0.007202162,1
9830.238745,4.47831988,440.2295359,1204.510153,95.51114904,17.07530608,299.8072488,-0.965884422,2.6,0.004606227,3
3576.276563,30.31089981,1084.001606,922.5741491,69.34217499,15.91198794,135.1189138,-0.952365516,0.4,0.007731157,2
2398.148853,58.60216685,1405.367192,808.1823615,39.41806554,18.95673877,64.19960243,-0.062232741,0.133333333,0.012945173,2
4079.284468,73.41829076,2994.940932,784.2845562,23.76912664,25.71316789,79.37589586,-0.59888777,3.533333333,0.017780046,1
1983.416648,22.86135966,453.4360135,813.2719803,75.69101066,11.42593177,58.68143645,0.091952963,0,0.007530621,2
2323.493316,57.12107298,1327.204313,676.8165232,38.02999368,17.11898379,77.84821587,0.312878022,0.6,0.015453148,2
703.5038209,31.54046727,221.8883923,870.0345034,66.51522784,8.545465775,46.3504479,-0.066847125,0,0.005839466,1
2596.720043,25.66329861,666.4040186,845.9811915,73.45174114,13.01843848,70.87050983,-0.075418042,0.066666667,0.007765194,3
4073.724281,21.57926694,879.0798369,880.6235784,77.89754742,14.94287061,106.3963508,0.298040417,0.666666667,0.008083843,3
1457.892515,28.68061618,418.1325565,767.1039036,69.61614162,9.856944953,54.2887205,2.160798883,0.066666667,0.006954896,1
1904.900146,68.55199083,1305.846973,814.6012921,28.50753721,19.49359673,55.37208193,-0.479993169,0,0.013938568,2
2674.445296,14.2328432,380.6496054,729.4035268,84.74410266,10.04484098,74.69366438,4.933004144,0,0.007420521,2
3452.518574,43.54031624,1503.237505,942.218196,55.84639679,21.02218219,73.13304416,0.083664501,1.466666667,0.012095801,1
3840.904313,40.37857489,1550.902424,987.3599206,59.44555781,20.33979026,92.20387726,0.695343623,1.066666667,0.009929081,1
3343.876026,70.67438659,2363.263869,720.4935533,25.06087995,22.42470277,69.66176916,-0.478256497,1.866666667,0.017664554,2
1660.272442,23.87814876,396.4423236,734.1432828,74.51103734,9.707107264,57.57239365,-0.376558457,0,0.006978206,2
2705.430169,47.03676642,1272.546869,817.6778039,52.28111285,15.00939896,75.56640004,3.042539837,0.066666667,0.008041897,2
1598.857126,54.6055798,873.0652036,807.8593753,44.41226103,12.41076036,51.89595602,-0.21968017,0,0.006821489,1
1627.876988,26.79519754,436.1928547,771.7998993,72.3205761,9.724340403,56.89884131,-0.440369967,0,0.005905537,1
3577.495339,21.30443126,762.1650353,896.0320782,78.48982547,14.27184984,98.69486511,-0.174154862,0.4,0.006218632,2
6255.057467,22.45763479,1404.737962,858.3705449,76.5242014,19.35027306,302.9148069,-0.163891649,2.733333333,0.013514691,2
4520.919875,24.4932405,1107.319778,1105.525885,75.45358422,18.46728466,159.340007,-0.263808284,0.933333333,0.006663023,3
4772.751146,40.36947935,1926.734789,776.3780806,56.86866238,21.46257134,157.6531301,-1.009787814,3.266666667,0.016307159,3
1996.062543,22.47160858,448.5473617,743.6385665,76.40844127,10.26211796,87.47913686,-0.551808109,0,0.007496165,2
5607.162673,16.62479965,932.1795603,620.4470774,79.0474832,16.7745722,132.9053112,5.486718417,2.333333333,0.021754659,2
5124.451245,13.67675959,700.8588774,904.5197837,85.32878761,15.5580541,303.8971395,-0.730448121,1.2,0.013011529,1
4547.562615,25.31013677,1150.994318,876.9664538,73.90544585,17.36378583,110.1640361,0.937154448,1.733333333,0.010475141,3
4595.189526,39.83810177,1830.63628,1015.822355,60.06296774,21.26322996,88.72433266,-0.367498919,2.4,0.009044804,2
2337.12318,33.53246439,783.694998,885.50376,65.70911201,13.82364889,84.00560041,0.380294008,0.933333333,0.008094441,2
2112.345997,36.21053305,764.8917453,967.7036517,63.51437053,13.93202404,77.19227878,0.323974939,0.866666667,0.006847244,1
1377.77298,57.13570474,787.2003017,782.3018545,41.95262126,11.68131592,50.82455356,-0.288322465,0.133333333,0.006520282,2
1603.349967,34.64955605,555.5536456,934.5039745,64.83951631,12.29339891,64.72002915,-0.083007888,0,0.006498762,2
6330.74692,24.59013575,1556.739261,996.5060127,75.35301155,20.72288435,140.9293345,0.93139812,2.8,0.008457581,1
4108.049464,29.52258533,1212.802409,1068.352338,70.45329371,17.91314724,90.52721435,-0.258364664,0.733333333,0.006585334,1
3973.912258,19.97714964,793.8743982,948.3375924,79.92360602,14.70604655,119.3281561,-0.099095548,0.133333333,0.006035976,2
2402.643522,48.24431381,1159.138881,803.4155642,50.49280855,14.09243745,74.55269303,4.529478199,0.133333333,0.008385066,2
4979.248221,11.5166126,573.4407278,708.4714597,88.11258763,10.60749658,226.8649618,-0.118162148,0.666666667,0.006398667,2
747.8686417,44.12275639,329.9802589,729.9841189,50.2711023,10.081444,36.24604284,0.778461108,0,0.008963888,2
2503.786272,27.9772969,700.4917192,776.2270943,70.32844905,12.91791275,98.81097948,2.236666205,0.266666667,0.009260065,2
2700.483414,26.17044719,706.7285855,856.9284833,72.20086579,15.10690111,68.80292224,3.031283797,0.733333333,0.010388164,2
1812.878028,38.69962402,701.5769809,975.4352367,61.14685365,12.94148574,63.14349448,0.335780094,0.2,0.006082983,2
4439.346683,19.70915665,874.9577921,1019.523101,80.14811374,16.37614251,146.1717896,-0.870239839,1.133333333,0.006175665,3
2139.25765,40.47636952,865.8938312,945.6303553,59.07900905,14.66114424,93.44653689,1.345206412,0.6,0.007821953,3
2236.49128,29.59487948,661.8868991,885.1888572,70.0539784,12.1344737,100.5298667,0.557881278,0.666666667,0.00627937,2
2816.248091,26.11732,735.528526,879.369247,73.57485327,13.06826011,93.33362773,0.077281213,0.2,0.005985096,2
9401.055329,7.671461722,721.1983611,1092.569339,92.1379688,18.6968202,299.2071808,-0.605921953,2.466666667,0.008966343,3
1618.831969,45.20119607,731.7314124,841.2030019,52.77345139,13.57481541,53.78300465,1.897476901,0.266666667,0.009032478,2
2659.767266,47.8236163,1271.996892,898.0365245,51.61020578,16.40957632,84.60856636,0.331899532,0.2,0.008762434,1
1209.728881,55.69508433,673.7595207,777.5307971,42.95863977,10.92555883,52.116242,-0.478647155,0,0.006425425,3
9362.276976,7.476570735,699.9772605,1106.058877,92.30340094,18.75991057,297.1497201,-0.536709582,2.466666667,0.008969163,3
2106.304861,25.07405449,528.1360284,928.0890678,74.57822256,12.26616751,65.06455328,-0.057513285,0.133333333,0.006234707,2
1308.513171,62.37507383,816.1860563,791.4027677,36.32239526,11.55485006,48.09321972,-0.012754376,0.133333333,0.006716766,2
3731.461555,21.12019828,788.092079,1042.575556,78.74847523,14.90714505,143.8485075,-0.309937537,0.466666667,0.005625988,3
1514.524415,26.55198907,402.1363573,730.9826546,71.86262254,9.305146219,74.15642012,1.581492965,0.066666667,0.007261078,1
4499.731516,23.13257092,1040.903584,1097.073802,76.82263614,17.87722991,176.5543258,-0.934578961,1.266666667,0.006699688,1
1504.546717,29.39708696,442.2929066,755.1672553,69.24223366,9.606471748,56.48249808,-0.301722472,0,0.006239357,1
6494.060879,22.43078262,1456.668679,851.1333215,76.6026753,18.5891211,284.2713464,0.936884908,2.133333333,0.01278454,3
1047.196934,37.90129811,396.9012319,783.2414626,58.31971936,11.55778036,52.22574266,-0.160039758,0,0.009451842,1
1489.698129,27.32438592,407.0508659,764.117526,71.22975998,9.491039821,58.86622544,0.115643413,0,0.006581951,1
4257.467478,45.22286806,1925.3489,882.9863207,53.47157738,20.36364598,150.8715828,-0.52510971,2.6,0.0132463,3
2595.60428,27.04839766,702.0693672,866.859005,72.73287419,12.36399788,101.8721009,-0.852770901,0.2,0.005345264,2
2584.995974,34.71595481,897.4060341,838.1034821,64.80163511,14.19897894,80.25672125,-0.097484138,0,0.007714182,1
1532.921582,44.50280396,682.1930864,840.9900319,53.63565417,13.62156932,53.73516695,1.902656004,0.266666667,0.009089639,2
4351.121816,16.14950747,702.6847427,837.4727709,82.98795396,15.26253273,117.4074236,5.259976008,1.133333333,0.010929286,3
2390.330086,21.6532075,517.5831334,878.0662105,77.6512408,12.88794313,74.12643863,0.104234658,0.066666667,0.007465404,3
1069.741804,31.79552908,340.1300665,894.8632418,67.29513779,9.704436689,46.03789867,0.117446741,0.066666667,0.006088662,1
6602.05976,16.39572092,1082.455293,1022.093178,83.5430122,17.80272486,179.8345691,-0.372795552,1.866666667,0.006781895,3
2614.26273,49.11521294,1284.000707,910.8255544,50.4290517,16.60987051,76.96606053,-0.178016238,0.266666667,0.008596042,1
3050.580453,19.30545855,588.928545,940.0988609,80.60396704,12.47627851,90.87639943,-0.279194926,0,0.004580538,1
3206.391483,41.90108497,1343.51282,810.2961273,57.13938618,16.52261736,105.5442148,-0.415258289,2.066666667,0.010308618,2
3043.9901,39.91604667,1215.040509,648.7586553,57.54264842,14.44955486,90.06579914,1.221597418,1.533333333,0.013761295,2
2405.589281,36.07074043,867.7138654,797.1899276,62.52155999,14.19982415,62.43601209,0.113930095,0.6,0.009186885,2
3399.957758,29.64891716,1008.050659,741.2099873,69.33775474,13.92104584,92.31752083,0.128150676,0.6,0.008997432,2
3357.547368,30.94362837,1038.94698,962.664655,68.62300396,18.17487784,145.2304501,1.296900867,1.4,0.009905844,2
9210.711563,8.892435071,819.0565453,920.7650165,90.39792265,18.08714421,313.0590385,-1.060060259,2.733333333,0.01346593,2
3203.090386,24.97694531,800.0341341,955.9142457,74.70739669,14.64738664,97.83927031,0.213345284,0.4,0.007197372,3
2685.521767,30.79785518,827.0831048,657.5870371,67.44994229,11.88357222,79.93881289,2.647405922,0.466666667,0.009671478,2
2500.668068,37.13106972,928.5248036,830.3340779,62.31934023,13.98159659,86.13885496,-0.400023753,0,0.007712836,1
581.2317283,48.02077378,279.1119734,707.8253386,44.80247644,9.175927523,32.20327517,0.645466982,0,0.008868135,2
1147.882294,46.06052416,528.7206015,862.8386692,52.21413648,13.14701241,56.47496843,-0.067002146,0,0.0088645,2
3362.43382,30.09979651,1012.085737,890.6494767,69.57061498,14.7638787,102.3183569,1.364077598,0.866666667,0.007710556,3
1769.556089,26.94242502,476.7613225,841.455932,71.46355351,13.55382609,61.4739458,2.315836533,0.266666667,0.00956735,3
846.5757733,47.68552981,403.6941427,787.7737258,49.38788662,10.96268468,48.73970544,0.086862823,0.2,0.008350046,1
2104.88159,32.1632091,676.997467,759.3961181,66.87845769,11.70862114,72.50382881,-0.010982811,0,0.007272077,1
1067.332348,35.80060747,382.1114644,782.2689942,61.36667728,11.20376183,56.03434754,0.583752083,0.266666667,0.00890624,1
2791.074725,40.02366478,1117.090392,783.8105074,58.95924005,13.88873529,70.98260324,0.593682816,0.2,0.00784623,2
6089.313394,12.95105477,788.6303129,689.8570647,84.1200578,15.63794861,179.5718853,1.779240824,1.933333333,0.016773601,2
3610.274173,69.53123599,2510.268255,723.0702951,26.71203999,22.5877371,73.27289788,-0.652383032,1.666666667,0.016805702,2
3521.270069,29.65374533,1044.188459,844.0528831,69.62921369,15.27443907,128.4453166,1.802756215,1.866666667,0.010122036,2
6094.968316,6.638260755,404.5998898,1210.892164,93.32141605,16.61098213,296.4157192,-0.963003948,2.266666667,0.006271521,1
2978.858048,22.01683486,655.8502571,892.5259553,77.85006495,12.78807469,70.53009459,-0.440177378,0,0.004597794,2
2714.027102,24.20782084,657.0068184,871.2839544,75.48729992,12.33774205,96.48656975,1.065483684,0.133333333,0.005736078,2
2607.924278,27.66834284,721.5694304,872.4893453,71.98317162,11.99508365,82.25434574,1.377235948,1,0.00621109,2
2160.183915,32.64552457,705.2033706,816.0832356,66.43401362,12.62908877,91.86309908,0.575360136,0,0.007642554,1
3777.632375,27.21107627,1027.934427,1113.19398,72.7759837,17.64668919,90.86931042,-0.234118249,1.066666667,0.00643104,1
1792.263727,23.69696959,424.7121902,766.9616716,75.19635402,9.880648637,65.57912991,0.293653237,0,0.006369874,1
6605.509867,14.14321112,934.2312058,854.6468262,84.17395284,17.36360093,321.5342256,-0.819714715,2.466666667,0.015167519,2
4030.632111,26.08651789,1051.451567,1005.954134,73.68354359,17.93256358,145.7507898,0.237481418,1.4,0.008914981,2
1740.076025,26.84467225,467.1177057,728.3996213,72.07488386,9.359617097,61.03891925,-0.071693455,0,0.006388804,2
2462.545821,38.33284041,943.9637595,798.2736471,60.27201469,14.18881083,62.63187258,0.133886061,0.6,0.009157036,2
3086.491354,30.90743803,953.9554023,823.3378984,68.54399255,14.21924832,109.7622841,-0.608916302,0.133333333,0.008173786,1
4609.755909,45.21424052,2084.266124,984.5931108,54.57172744,23.53655763,108.3853117,-0.085152852,2.666666667,0.011801832,1
5840.279098,11.33785464,662.1623547,755.6337078,87.55491739,13.6086488,144.5790869,1.108540587,0.666666667,0.011878946,1
2966.007302,36.90151098,1094.50151,968.8231131,62.89870772,16.81776548,93.13451107,0.580471293,0.4,0.008323442,3
4040.126041,13.31340291,537.878258,705.4436915,86.19943856,10.06520199,237.4502057,-0.13801688,0.6,0.007088076,2
2139.888083,37.78560613,808.5696826,687.5862553,50.37358364,18.85153293,83.68225984,1.37825148,2.466666667,0.02185874,2
4140.204774,43.26313235,1791.182271,873.1528499,55.55940804,20.39927874,157.0132989,-0.737289257,2.6,0.013448933,3
2642.732591,14.96266581,395.4232459,728.4645354,83.85461487,9.976588954,74.65374414,5.042456293,0,0.00758016,2
3946.832759,32.03235624,1264.263529,680.8353927,63.04777491,18.6592546,148.9390609,0.2303352,3.066666667,0.017160547,3
1029.07778,56.29312678,579.3000594,783.9618521,39.34532445,12.8245547,47.20357353,-0.415622792,0,0.010223308,2
1926.939507,15.23289734,293.5287169,805.6787188,84.09740426,8.585655941,103.6049225,2.318240317,0,0.005234527,2
1506.835747,38.40529803,578.7047596,867.6589733,59.77104283,13.78057899,56.24021582,-0.39312769,0.133333333,0.009708677,3
2489.200875,19.83509409,493.7353357,1081.554637,80.11290495,12.45026135,115.5442937,2.398007178,0,0.004295325,3
1585.886311,42.23420803,669.7865236,834.6879991,54.81016016,14.00823578,73.01955647,0.574517619,0,0.010211138,3
2883.939977,66.23442341,1910.161016,699.0802085,29.35573365,20.35909978,67.82630702,-0.351957847,1.066666667,0.016475726,2
2802.933215,39.95329134,1119.864074,878.5843684,59.01690074,16.33021008,80.44020335,1.332593552,0.4,0.009775367,2
1434.483585,29.87376508,428.5342563,766.6865722,68.71505317,9.43146888,56.38607193,0.350257509,0,0.006655803,1
2802.233111,17.61643459,493.653563,811.7346766,81.42777928,11.3181752,83.38114814,0.969141488,0,0.007242174,2
7460.279606,10.76224428,802.8935153,1010.508678,89.00369058,17.92997933,318.1229978,-0.70065661,2.266666667,0.009066464,3
2117.537515,27.28533272,577.7771564,891.0706534,72.49251171,11.26711186,64.37255887,-0.319372768,0,0.004469235,2
4632.010661,21.86313335,1012.702667,1042.684424,77.9410801,17.22622351,122.0288535,0.169178457,0.8,0.007452682,1
5031.746975,20.56294486,1034.675356,882.7884625,78.91111763,16.40258757,129.1531796,-0.182032487,1.6,0.009496686,2
3366.906094,59.46711247,2002.201834,718.4562542,37.75101409,20.11238014,83.73580388,-0.688552775,1.6,0.014470365,1
4188.74789,41.34383528,1731.789028,1005.773796,58.51586952,21.13703599,90.94650215,-0.263457422,2.066666667,0.009262622,2
2012.103401,27.18045767,546.8989132,884.4617207,72.55683085,11.20647929,64.26309485,-0.341608873,0,0.004444925,2
2474.922162,60.88960685,1506.970374,797.6921401,36.69969634,19.37905922,69.82153018,-0.106316221,0.733333333,0.013479476,2
2020.643737,44.17007367,892.5198272,813.2702891,53.51223188,14.61090973,77.18892591,1.326232409,0.866666667,0.010033839,1
4431.667552,47.49473744,2104.808868,970.8570584,52.20858026,21.64140987,123.4338253,-0.625583297,1.733333333,0.009655496,2
4364.744319,70.18337281,3063.324777,758.0432564,25.99750049,25.80893003,83.6219596,-0.648656798,5.066666667,0.01865892,1
2192.596142,34.47090716,755.8077804,682.2142786,57.07197751,16.98537563,92.39849574,2.515846589,1.733333333,0.0210825,2
3752.036406,43.69695052,1639.525492,1001.370215,56.09221587,21.28795169,94.41127527,0.815683531,1.133333333,0.010516642,1
1807.354411,50.41851859,911.2413198,841.0057147,49.03974346,13.06556647,59.1368154,-0.385065507,0,0.006663818,1
4527.38098,20.77700002,940.6539468,952.2412339,79.11751891,15.83399021,118.3099813,-0.094378653,0.4,0.006489201,2
7017.206839,12.97396709,910.4101059,967.1450017,86.83953362,17.20061127,157.2004195,2.202947375,1.666666667,0.007977754,3
8625.729501,3.981545854,343.4373753,1203.115659,96.01100619,15.67433006,263.9532024,0.216732521,1.066666667,0.003713027,3
1528.037113,25.82723589,394.6497498,728.7389152,72.73929276,9.374879608,76.37831875,-0.268175543,0,0.007038443,2
2311.91083,58.99799891,1363.981126,795.8665371,38.3469585,18.76554691,68.8566691,-0.112170607,0.533333333,0.013310492,2
4367.147801,22.01246955,961.3170797,1082.367645,77.95136115,17.01573587,151.021869,-0.551190276,0.933333333,0.005835225,3
1719.771412,22.37094463,384.7291104,738.8824187,76.05432757,9.700697469,62.20197922,-0.173009497,0,0.006878277,2
2340.168975,27.28705581,638.5632141,888.3024989,72.45526371,11.82967726,66.4264961,-0.451945688,0,0.004866471,2
2801.521358,30.81312976,863.2364111,1007.81809,68.91681164,14.64240345,90.79687766,1.564294456,0.4,0.006880655,3
1176.007075,60.89411967,716.1191553,782.6409338,37.68993855,11.06405848,44.80452229,-0.032651016,0,0.006667267,2
6209.329849,15.52596883,964.0586167,682.7242514,82.91610511,16.17076391,149.6898491,-0.433978228,1,0.015501006,2
2280.32753,26.95015071,614.551706,881.8571286,72.22036106,13.42523973,75.19750018,-0.121973567,0.333333333,0.00802224,2
2249.207381,17.66191645,397.2531283,907.2682496,82.05133238,10.66559007,62.19980193,-0.166409706,0,0.005211836,2
5841.191308,10.21618736,596.747048,817.748777,88.08401429,16.57344413,293.2007656,1.816199815,1.733333333,0.018235666,2
1935.984714,27.38681516,530.2045553,795.4937815,71.62322227,11.45620474,75.50955246,0.461934756,0,0.007144416,1
1128.607542,34.22393622,386.2539253,899.0260535,65.06802041,9.65164398,81.08911868,0.138390208,0,0.005691766,3
4670.917243,17.1831275,802.6096654,708.4816278,78.85760125,17.61418965,152.7339039,2.015115358,1.466666667,0.020998471,2
4006.390272,24.35899203,975.9162872,804.2839188,74.33668805,15.71509381,307.0838988,-0.485343409,1.466666667,0.021904292,2
1518.370921,42.25912567,641.6502757,839.8228026,54.57985555,14.01351628,67.32904934,0.473645097,0,0.010237488,3
6501.674094,13.03598366,847.5571728,809.6314762,84.79520928,18.44978156,338.8981623,-0.659139474,3.266666667,0.019316928,2
6129.280926,10.74910928,658.8431046,1156.772767,89.22201194,16.33657223,280.4619362,0.033984582,1.733333333,0.005471868,3
472.0078468,41.95536098,198.032596,580.3547347,53.33722492,6.654876458,40.02225704,40.40539975,0.266666667,0.006968908,2
1103.866163,35.02746941,386.6563824,779.5689278,62.19415675,11.36660564,56.76781172,0.379876259,0.266666667,0.008968676,1
1105.854259,32.90936427,363.9296065,768.4728445,65.13671116,9.030360525,44.39617916,0.839451727,0.066666667,0.006414109,1
6889.289024,21.60073507,1488.13707,789.9174578,77.36029576,19.19404382,242.9461305,2.467693408,3.133333333,0.013857152,2
3180.602685,25.54695649,812.547184,734.7718175,73.64146699,12.32203371,90.32518473,-0.08514898,0.2,0.008235115,2
3853.655342,12.87822843,496.2825379,722.9451921,83.66494977,14.57660885,154.1211969,3.118387903,1.933333333,0.01355385,2
4301.951401,31.95973989,1374.892478,712.4039503,65.12853999,18.57392393,157.6437902,-0.070112802,1.866666667,0.019110102,1
1731.85845,21.86562527,378.681679,739.6765964,76.5910338,9.652345375,62.99324966,-0.234624001,0,0.006819122,2
993.2379109,33.03066396,328.0730766,784.3238707,63.64624379,10.86438661,57.6512678,0.396679546,0.066666667,0.00868517,1
7832.956581,13.18263327,1032.58994,1122.111438,86.38764119,20.18126953,389.6170165,-0.886482955,3.266666667,0.012317006,2
2406.362803,21.80893039,524.8019886,709.0777972,72.79720693,13.20084347,137.8838892,4.436411216,1.333333333,0.013254448,2
2910.189142,64.59359623,1879.795824,695.4952941,31.15531849,19.29843903,68.14409846,-0.269043017,0.8,0.015712535,2
1939.518123,31.43012997,609.593067,953.0598593,68.38720163,12.43654863,76.63979416,0.040719199,0,0.005698458,2
9079.754296,7.701500319,699.2773061,1125.347226,92.07477547,19.07071868,296.5825449,-0.49116951,2.8,0.008943136,3
3222.062321,37.5984976,1211.447024,919.8434809,61.71520276,16.82646777,178.5501959,-1.408583003,0.6,0.009003945,3
989.4981472,46.07696779,455.9307426,900.7814134,52.92931535,10.27309661,79.24814844,0.355973483,0,0.006106164,3
3035.112714,33.52132127,1017.409884,791.354377,65.54164801,14.61712688,87.87432818,-0.498783403,0.8,0.008962106,1
1664.368425,23.04793048,383.6024776,712.6624126,75.21995697,9.717056951,64.33945312,-0.227356713,0,0.00773252,2
3040.394867,30.875692,938.7429548,814.8722765,65.02130073,17.38240978,120.336613,-0.40841669,2.066666667,0.015414883,2
1162.476284,48.61779174,565.1702987,739.8273184,46.40750803,12.03683738,72.04751409,-0.266718273,0.066666667,0.010737311,2
2960.912285,56.06728236,1660.103052,840.7338263,43.43196392,16.40871544,79.6740846,-0.199723498,0.133333333,0.008145652,1
2361.605689,26.19427992,618.605605,885.1805481,73.20467886,12.96922599,75.51162011,-0.099414263,0,0.007316228,3
1066.559313,35.23061417,375.7553965,784.0417664,61.85261902,10.80733444,53.50716695,1.142663793,0.266666667,0.008625429,1
3015.51637,31.0723339,936.9913152,898.0402129,68.1397486,15.0553361,117.7093121,-0.805886513,0.733333333,0.008611201,3
2565.101674,35.41898734,908.5330372,920.6511974,64.24278561,14.82052628,158.9298792,-0.529028289,0.466666667,0.00694974,2
1212.993009,45.49890339,551.8985175,804.4014507,48.86653217,14.65882204,62.04681483,-0.235021182,0.066666667,0.012302899,1
1042.935687,55.65378187,580.4331521,872.0803588,43.04403493,10.9284718,95.63151125,-1.176436851,0.2,0.006721623,3
2544.28876,23.17431056,589.6213789,876.1618719,76.27471525,13.20782769,81.53886542,-0.141199368,0.333333333,0.007710726,2
2178.540124,34.70199653,755.9969183,795.8265514,62.7530308,15.21584463,71.37383983,-0.465294425,0.4,0.011252056,2
3091.256479,30.41353048,940.1602317,896.9576559,68.84280701,15.02226886,118.1629908,-0.817669904,0.733333333,0.008570948,3
738.3669731,47.49111743,350.6587263,726.5241767,47.21192962,9.932980759,35.6511435,0.7897562,0,0.00868903,2
3928.113126,55.25639002,2170.533509,885.8175264,43.78139822,21.97255006,98.20058365,0.071400769,1.333333333,0.012709805,1
3164.85933,37.57915618,1189.32743,825.0110191,60.20820133,17.27323024,113.141516,-0.461682695,1.733333333,0.012733895,2
2724.745166,29.82378682,812.6221896,682.1762229,63.88608082,16.43171981,130.7760667,-0.216057045,1.533333333,0.020859002,2
5469.31693,17.45518539,954.6794098,929.8381465,82.40362955,16.78811237,119.0499684,0.407691178,0.6,0.007568677,3
7821.217445,6.412460578,501.5324854,1161.912171,92.97692182,18.08632137,404.4031788,-0.720510133,2.2,0.015603546,3
2157.165453,29.70200242,640.7213348,867.9313314,70.07227433,11.41350427,99.45944163,-0.916189093,0,0.00503672,2
2840.504489,64.16505656,1822.611312,704.032191,30.99144911,20.24122456,74.05684085,1.23252792,1.133333333,0.016794624,2
2283.196627,26.13498372,596.7130668,950.2950925,73.75128429,12.30727173,76.5213319,0.090957248,0,0.005351934,2
2943.376557,27.77766866,817.6013876,888.1018512,72.12083688,13.03076051,77.18179054,-0.365586691,0.133333333,0.005003145,2
2952.232067,49.22790505,1453.321999,746.2332108,48.76090553,16.58763335,98.16222323,3.421393928,1.266666667,0.013136617,2
5972.492194,12.63803611,754.80572,969.6885571,87.25706803,15.94308913,183.9514462,-0.867949772,0.8,0.006007318,3
2909.051345,31.18889037,907.3008348,903.2304874,68.07543724,14.84612539,113.9221464,-0.665507249,0.733333333,0.008408114,3
1909.727675,22.83985992,436.179126,890.9215949,76.6189021,10.83808773,70.68798678,0.545784733,0,0.005679937,2
744.8106205,38.48210871,286.6188326,727.7765776,56.82548634,9.488594001,43.89430819,-0.002767629,0,0.008216537,2
9163.702089,7.164805319,656.5614147,859.62213,92.35327423,16.16830368,231.7166688,0.423362979,1.466666667,0.011443513,1
1019.938159,50.96418668,519.8031874,683.896691,46.40664135,9.187147848,46.71656652,1.980813597,0,0.007036608,2
3353.838843,25.42399088,852.6796817,774.3443438,73.3399963,14.43211873,104.7740674,-0.322933538,0.8,0.011887082,2
3027.315475,33.02753439,999.8476598,643.8953573,59.56344377,17.65402711,128.3634037,0.057451917,2.066666667,0.022969921,2
3832.60606,30.46721763,1167.688429,1073.609657,69.51170016,17.35956194,91.78704135,-0.356683289,0.333333333,0.006519219,1
3817.960611,17.68248844,675.1104437,802.8308522,81.6139266,13.1759617,134.7845947,0.218731532,0.8,0.009399241,2
1870.621887,29.61730057,554.0277068,770.8646893,68.59544957,11.39324285,57.60529391,0.404149637,0.2,0.007968926,2
2589.868307,24.33462363,630.2347051,898.7674557,75.19079491,13.24378854,91.49514598,-0.394593102,0.133333333,0.0074051,3
1863.204159,22.62436482,421.5381062,1032.219955,77.33854293,10.87057059,78.38537867,0.425092271,0,0.004061361,3
4755.145338,38.95471548,1852.353337,1021.445789,60.93538459,21.56352171,101.9089729,-0.393030948,2.2,0.009363996,2
431.5527267,45.1506088,194.8486834,781.6964458,50.33431832,7.325518729,45.06197375,1.176351507,0,0.006122496,2
1559.877011,37.78659503,589.4244093,801.446002,58.68103535,14.1590194,51.11925736,0.183693129,0,0.011100375,1
6942.446192,14.04724228,975.2222369,903.1370279,84.64768522,18.18649997,256.9909765,0.266609847,2.8,0.014261396,2
853.7681458,46.83700244,399.8794073,788.2019134,49.9844229,10.97012589,48.48239577,0.140803567,0.2,0.008350993,1
3566.143086,38.3839812,1368.827691,971.1874152,61.35596886,19.32667031,107.120578,-0.17543101,1.066666667,0.00992519,1
1073.189215,38.69974657,415.3215065,739.9544642,57.16389719,10.91975858,45.73133182,0.17882687,0,0.00953986,2
5655.731109,13.83250396,782.3292294,717.1907933,85.24201338,14.1622774,261.9179186,3.15408052,0.866666667,0.019941688,2
1372.884964,57.54654511,790.047865,595.4370127,38.86069296,11.57086407,80.91570216,1.172367283,0.333333333,0.00999187,3
3777.407956,23.63400469,892.7527735,901.335885,76.16598949,14.64435897,99.48265487,-0.326308092,0.4,0.006431381,2
5391.991468,29.84576756,1609.28124,1081.275508,70.13512977,20.76085953,105.0403413,-0.037776227,2.466666667,0.007879117,1
3393.838282,55.58242761,1886.377706,822.7725689,42.92861532,22.0850001,77.56776177,0.177457789,1.733333333,0.014765348,1
2837.202112,65.20740604,1850.065902,673.7908958,30.61486643,19.0498813,76.75378927,0.653120378,1.066666667,0.016982415,2
2171.373534,40.37101064,876.6054405,953.6058479,59.19723322,14.59365107,98.13274992,0.980118944,0.6,0.007713758,3
3299.977911,65.5164893,2162.029675,718.4666358,30.92677108,21.59497637,71.63553973,-0.327702814,2.066666667,0.016532232,2
8835.326845,8.186316614,723.2878294,1104.699182,91.60668604,18.67760842,299.7766836,-0.60819812,2.466666667,0.008951276,3
3410.931553,51.1800589,1745.716778,954.3779207,48.25071376,22.20260365,75.9367751,-0.166716768,1.866666667,0.012560424,1
1393.236544,35.06618312,488.5548778,851.7097342,64.37375742,11.12522376,58.52839012,2.367214617,0.4,0.006617405,1
5214.439983,6.098805939,318.0185754,1141.313733,93.7663586,14.4341035,336.3905809,-1.338085537,0.733333333,0.006975209,2
2668.479848,60.0726241,1603.025868,803.8829416,37.57424622,20.32300075,74.78213478,-0.21707673,1.066666667,0.01407535,2
3092.750896,54.67538533,1690.97347,834.7443985,44.07445994,19.73676003,77.39807026,0.55788064,1.266666667,0.012674036,1
1296.302879,19.97567621,258.9452658,824.7862209,78.50134152,8.707892294,63.80276884,1.277085005,0,0.006079122,2
2041.956907,50.60458144,1033.323746,790.7685379,48.26224775,13.09394781,62.5087455,0.159365589,0.4,0.007768588,2
2099.051356,33.53645421,703.9473968,861.2736044,65.30590168,13.94237033,61.62287928,0.25087152,0.533333333,0.008782422,2
10085.73878,7.950254273,801.8418783,837.5175357,91.27947792,18.08102197,271.0725253,-0.472497975,2.133333333,0.014684743,1
2850.060146,41.02833382,1169.332191,788.6909762,57.83244888,14.241133,75.37673633,0.72458518,0.4,0.008900248,2
3465.410069,28.9204948,1002.213739,889.2454687,70.68258774,16.10000383,93.45759829,-0.478008336,0.266666667,0.008772261,2
2902.058067,56.86896998,1650.370531,831.6261895,41.759762,19.29746108,78.62506703,0.380661227,1.266666667,0.012313275,1
3288.951453,28.05836725,922.8260774,905.3010372,71.6630128,14.74238778,115.1335423,-0.146819442,0.6,0.006649032,2
5589.527541,12.99819895,726.5379102,627.1844801,83.07250492,16.83623974,194.5300774,0.502120285,1.4,0.02371591,1
987.6106299,38.81635393,383.3544376,740.8688675,56.40323289,10.86462202,45.27884054,0.169697174,0,0.009444729,2
3096.333391,19.26509383,596.5115329,1072.814389,80.691563,13.67370411,122.5360617,1.242770331,0.2,0.004788856,3
2370.384473,67.62100892,1602.877896,825.6911356,31.03603598,18.70821868,59.99568154,-0.178609379,0.4,0.011539399,3
7243.474112,14.75972892,1069.117143,961.674968,85.11096707,16.83128242,218.1027843,1.656147162,1.266666667,0.009885236,3
1709.945816,26.24708525,448.8109362,888.949129,73.19337555,10.60154482,66.27256639,0.34541395,0,0.005636638,2
804.3539066,42.67587212,343.2650446,798.4295532,55.25116468,10.24776926,45.1752836,-0.233172616,0,0.007401274,1
1173.627829,56.34134165,661.2376651,748.8936717,34.56561093,14.76519167,43.36327692,-0.296327854,0.066666667,0.013877417,1
2178.534829,38.90704603,847.6035486,763.4877952,59.72517527,13.45633693,81.56746167,0.645149154,0.6,0.009190634,1
3065.074238,25.92048762,794.4821884,898.6403482,73.7834645,13.99137676,105.0023058,0.019988705,0.466666667,0.006477216,2
4848.118858,10.82019429,524.57588,834.2015583,88.17800919,16.87564402,276.6540275,2.623879062,1.8,0.012867538,2
2865.038028,20.99089842,601.3972221,892.5969731,78.48514422,13.68168158,73.45629048,0.400068099,0,0.007593368,3
1336.430063,30.63084952,409.3598816,828.0511377,68.20284486,9.733047906,83.40962885,1.242503434,0.066666667,0.006634232,1
7199.986872,17.21507468,1239.483117,996.5785806,82.59747742,18.27237942,299.6093569,-0.042950572,2.866666667,0.00860964,1
2817.093887,36.33884871,1023.699486,776.133022,62.36240085,14.15867984,70.6186609,4.169282755,0.666666667,0.008875249,2
2452.937553,22.56156313,553.4210544,936.4211597,77.3279997,11.8432398,81.57253216,-0.611616591,0.133333333,0.004573132,3
2254.090703,24.32153745,548.2295143,854.2565324,74.42952031,13.45938789,73.94016559,-0.212305564,0.266666667,0.008443168,3
2199.391378,28.43792004,625.4611614,775.6601637,69.89209919,12.04828478,62.9173741,0.033389311,0.133333333,0.008242468,2
706.6787896,40.87214468,288.8347773,823.5176435,56.16026905,8.571963552,49.1736778,-0.76626104,0,0.006382955,3
1684.201066,37.33719575,628.8334489,811.8017016,58.83301805,15.19135312,60.4878438,-0.268199119,0.066666667,0.012018187,1
1262.464427,68.66329004,866.8496114,788.9960969,28.68400692,12.72599313,44.48640455,0.272847102,0.4,0.00837302,2
2127.116159,41.72536974,887.5470821,679.6724091,54.68247685,15.04405288,80.05464389,2.937807928,1.6,0.013586035,2
3313.306543,30.46086542,1009.261847,835.1670099,69.21000375,14.73619537,116.8733131,-0.852810984,0.133333333,0.007715475,1
1755.960015,64.05002994,1124.692915,816.635834,33.7546785,18.12988349,52.47295732,0.041501548,0.066666667,0.012715778,2
2190.057162,55.21615137,1209.265277,709.3316523,39.79549961,16.89668038,73.91438936,2.576352593,1.533333333,0.015166785,2
1347.090592,61.59262851,829.7085038,589.4832515,34.38034845,11.24574145,73.28645067,1.53458124,0.333333333,0.009945826,3
4125.534583,19.82886727,818.0467765,1034.728215,80.10363943,16.08266132,136.7474714,-0.897882183,1.133333333,0.005721776,3
1112.81253,37.54971125,417.8578919,806.9243222,60.50164506,10.23438738,51.13522301,-0.213807305,0,0.007080147,3
919.9309328,36.72761779,337.8687169,765.2292445,61.05043917,8.79740832,45.92399186,1.113511419,0.066666667,0.006265772,1
3627.939593,31.22956921,1132.989906,920.4404642,68.47287655,15.91686152,136.1458468,-0.983935194,0.4,0.007729414,2
1167.356941,32.13059022,375.078675,916.1874628,67.31903751,9.481936901,84.37996707,0.260157087,0,0.005285466,3
4509.470719,26.9446515,1215.06117,959.0766955,72.95607074,17.23092973,123.7276856,-0.792860178,1.066666667,0.006918993,2
726.6437934,39.68893691,288.3971968,823.5736871,57.55913048,8.640072756,49.45528322,-0.797831478,0,0.00639399,3
1616.850336,36.06473646,583.1128126,711.858301,59.92176841,11.95341568,70.19642885,1.436197206,0,0.011178451,2
2451.81326,26.31916673,645.2968196,888.6312891,73.48475392,12.28667066,68.86775151,-0.557579943,0,0.004891005,2
2645.498893,16.70748854,441.9964243,927.4202723,83.14430586,11.17792327,71.65306102,0.010319389,0,0.004888638,2
1636.525334,41.70579283,682.5258654,842.7439923,55.42298438,15.56933176,76.26345878,4.442113813,0.733333333,0.013105589,2
3019.500398,31.12683964,939.8750466,877.8676014,68.70943649,13.84995013,85.57897,-0.513751097,0.2,0.005720876,2
1421.956268,59.54606535,846.7190085,792.4949119,39.35298113,11.78988801,49.5242107,-0.031686804,0.133333333,0.006748109,2
4022.158718,17.62256938,708.8077109,773.9350157,81.13875043,13.77401757,160.4234062,0.10963322,0.6,0.010116348,2
741.5351353,41.4774856,307.5701289,744.0367305,55.14164444,8.688346626,63.2074962,-0.818891302,0,0.007013531,2
1518.480858,24.43785614,371.0841677,713.6021476,73.84618907,9.251606214,59.17469139,-0.167624274,0,0.007090071,2
3282.936792,42.55626269,1397.095205,969.7825104,57.16941443,19.53167335,106.7148164,-0.182950847,1.066666667,0.010029386,1
2636.351863,13.73663035,362.1459101,730.1267108,85.0726459,9.84846845,73.51833041,5.30783925,0,0.007535711,2
1837.249315,29.50000354,541.988613,769.5122758,68.73412777,11.36254469,56.90715205,0.510251913,0.2,0.007958382,2
5304.179112,14.45598084,766.7711162,625.5015708,80.96289315,16.87977279,195.5369149,0.478710921,1.4,0.023539037,1
672.433049,36.20401721,243.4477768,872.3237779,61.61224919,8.682900976,51.19290084,0.410961654,0,0.005970188,1
1439.807602,38.48190036,554.0653268,868.9409761,59.52983181,13.79847292,56.92969408,-0.377642377,0.066666667,0.009697609,3
1852.758306,46.62004143,863.7566898,856.0319761,51.91758626,15.03325507,63.13858549,1.333669895,0.333333333,0.009544715,2
1937.013779,15.54339817,301.0777642,804.5428166,83.87802043,8.611067144,104.0438389,2.306822636,0,0.005278047,2
9027.323123,4.729784696,426.9729475,1175.043673,95.18324182,17.20812339,322.8893488,0.117317586,1.866666667,0.01157917,3
970.1950762,29.60676894,287.2434145,653.9086086,65.92533949,8.504464928,50.38777883,2.731876241,0,0.008799191,2
2075.04411,61.73456295,1281.019412,819.660624,36.28190833,19.24458509,55.96666874,-0.251740283,0,0.013299584,2
3603.188879,50.06200728,1803.828679,936.6560403,49.19599779,21.8201373,96.22626879,-0.257083927,2.066666667,0.012277258,1
2419.322032,51.74268283,1251.822126,800.9407377,46.44048626,16.01255513,70.76215263,-0.076004002,1.333333333,0.010543311,2
3837.148718,48.66707753,1867.428142,978.1873428,50.87818701,23.24140776,93.49432528,-0.201880866,2.533333333,0.012674604,1
2216.665274,33.94998887,752.5576139,877.6804487,65.23592259,13.75935903,87.24142648,0.749613404,0.933333333,0.008131321,2
3003.5287,55.83076497,1676.893049,821.3031682,42.69457581,19.08779581,85.55074324,0.281591589,1.266666667,0.012125326,1
1125.200501,48.20593162,542.4133842,567.8357743,48.59133899,8.380011383,46.21688792,2.105401312,0,0.00875241,3
3067.295517,17.61401096,540.2737684,738.3136614,81.14392149,12.47961235,209.9080563,0.742267516,0.533333333,0.015968313,2
1026.004384,66.93965699,686.8038154,775.2402183,31.44357686,10.76886421,40.68882387,-0.123885857,0,0.006511017,2
3030.394452,14.36129995,435.204037,746.6417323,85.13104586,9.942189655,109.4489652,10.66851701,0.333333333,0.006006093,2
1420.33976,28.10047894,399.1222752,720.4276962,69.74610342,9.661622443,50.74220046,-0.25239509,0,0.007420984,2
3553.164707,23.94054703,850.6470677,949.66,75.9553501,14.88733669,117.8527236,-0.155893121,0.133333333,0.005987848,2
952.6304286,42.27033242,402.6800489,752.1042598,54.83621243,9.839332729,64.66561524,-0.605559361,0,0.007670557,2
2313.871915,35.1945478,814.356757,758.2557808,63.56405265,13.20273863,87.87687992,0.240163084,0.6,0.009142291,1
2736.898261,19.24974234,526.8458633,830.1256765,80.22166048,11.89153011,123.8497116,-0.876175794,0.333333333,0.006866893,2
2458.521634,24.79962378,609.7041159,885.2743207,74.60343325,12.98465648,76.55832883,-0.167131329,0,0.007227291,3
6525.970873,18.40895925,1201.363319,657.9694061,79.59892301,17.0929668,158.0099429,-0.639787226,1.666666667,0.01744719,2
3041.852847,25.59067964,778.4308173,928.0855831,74.32492798,13.21371094,81.90348299,-0.385628704,0,0.004833129,1
4148.489396,41.18191746,1708.427479,982.4415721,58.53095549,21.55041615,107.4734701,0.504716531,1.333333333,0.011245426,1
4633.343942,48.42458049,2243.677367,914.9629648,51.15258825,21.13672363,124.3369359,0.328700043,3.466666667,0.011032402,3
1740.1734,35.71375837,621.4813235,782.5195609,59.91791319,14.77234225,69.85322826,-0.456872447,0,0.012297468,1
3127.269894,56.03498835,1752.365321,819.3537529,42.06148173,20.89291714,70.03037812,-0.481452216,0.666666667,0.013599948,2
4351.181132,49.36184051,2147.823091,930.3609655,50.22183732,20.7413262,119.4353881,1.093072183,3.466666667,0.010600349,3
1483.189047,28.77924269,426.8505755,755.3595438,69.87789265,9.633832973,56.55241029,-0.312688798,0,0.006262613,1
2678.207617,29.85046968,799.4575526,712.2907848,65.05138148,15.35990289,127.7596425,0.144877572,1.2,0.018484462,2
1176.49697,55.90262719,657.6927153,784.1985783,42.72342536,10.86551139,51.99015162,-0.48916951,0,0.006443999,3
2142.257764,23.10762469,495.0248841,818.7114507,75.58761417,11.84541191,62.32108182,-0.069140577,0,0.007584487,2
1923.839076,33.10026476,636.7958278,950.9791678,66.57007426,12.51450283,81.07797323,-0.323904793,0,0.006052161,2
5884.315098,16.75270294,985.7818281,693.2375094,80.71958537,16.72859263,167.6619961,-0.019206581,2.533333333,0.016423046,2
5831.396818,11.29773072,658.8155097,752.7449178,87.60762583,13.66257442,145.1265839,1.113204661,0.666666667,0.011945544,1
469.9421775,47.63446167,223.8544264,780.1966384,48.95578981,7.328624457,47.31770523,0.654265439,0,0.005663625,2
5370.375029,10.54723062,566.4258394,739.9968754,89.12611204,11.29197299,242.3273504,-0.874586122,0.933333333,0.006606861,2
6125.316336,6.803128503,416.7131416,1210.596414,93.15652158,16.61784901,297.0152639,-0.945902676,2.266666667,0.006302152,1
4348.421432,22.43114541,975.4007344,893.0302996,77.18963002,15.55765008,105.593309,-0.380925498,0.866666667,0.008080713,2
2355.974475,21.92695833,516.5935414,1084.991208,78.04047557,12.30077565,112.6931019,2.931810297,0,0.00427541,3
1090.160945,33.64438368,366.7779312,783.1504797,63.40293895,11.24336821,55.68194225,0.687070673,0.266666667,0.008935749,1
2967.746696,23.79572168,706.196744,730.1034186,75.25110413,12.00680884,90.39738699,-0.136132883,0.2,0.008252728,2
2669.240052,13.52820946,361.1003853,729.4721898,85.31888063,9.859976353,73.98943182,5.190471764,0,0.00754348,2
6363.297059,10.59898871,674.4451371,1012.576705,88.73993774,16.60974765,308.2978668,-1.144186314,1.6,0.012662341,1
7057.709339,16.38649796,1156.511397,949.8974056,83.45553276,17.15048589,214.6432723,1.976846122,1.266666667,0.010223574,3
1866.715842,57.23502005,1068.415187,832.340179,42.14834609,13.8703986,60.90114907,-0.118121099,0.133333333,0.00742392,1
7789.864712,11.4253559,890.0197675,1073.508242,88.16127737,19.56219486,375.4764691,-1.062637412,2.666666667,0.011862125,2
5059.860014,8.074772174,408.5721685,1181.821833,91.83558002,14.48050365,316.3605473,-1.097893968,1,0.00557375,2
3182.031473,20.5187231,652.9122267,879.5018925,79.265816,12.76427917,100.7963864,0.39338474,0.133333333,0.005722279,2
4719.088268,13.33982674,629.5181987,929.347438,86.14454181,14.16023109,370.2773312,-0.869014024,1.266666667,0.008920773,2
2819.703816,26.04880241,734.4990755,858.1667866,72.14269286,15.13646621,71.16509962,2.511002546,0.733333333,0.010260085,2
2002.137452,56.17819716,1124.764725,807.5975244,42.98265134,13.75503075,62.98699097,-0.395972211,0,0.007526859,1
8913.37137,10.75255344,958.4150202,916.5178824,88.60538242,18.09753306,315.1934307,-1.067964953,2.666666667,0.012722194,2
2963.9402,34.38767682,1019.230177,746.4620396,64.64202376,13.34888936,88.43680583,0.162278873,0.4,0.008110686,2
3490.765095,18.99685315,663.1355189,945.9263588,80.93079136,13.31165271,91.38619473,-0.127818032,0,0.004555185,1
2938.808551,54.52512711,1602.389098,831.1035027,44.11857049,19.45222334,79.81416598,0.225422389,1.266666667,0.012508694,1
1624.886001,22.44058183,364.6338727,740.2814826,75.9497456,9.61036503,63.04923998,-0.241403972,0,0.006780218,2
5546.420637,11.06828455,613.8936187,950.8719273,88.32830005,16.79895565,331.9149536,0.170953863,1.2,0.009938268,2
2548.120494,21.96549749,559.7073433,867.3748404,77.74124929,11.62755684,115.3998517,2.246772523,0.666666667,0.006049103,2
3315.664975,25.11002842,832.5644173,1001.597457,74.68243269,14.93668012,99.51552011,1.420682175,0.4,0.007086367,3
4840.947329,11.61606121,562.327405,1226.145738,88.37155758,15.66157661,288.0812545,-0.618271506,0.933333333,0.005441671,1
1165.672617,34.51997788,402.3899296,898.0983911,64.6713507,10.00776873,81.44008726,0.081954096,0,0.005990729,3
4158.727089,8.954123098,372.3775429,1015.165752,90.77816841,13.35472311,342.8249837,-1.233711108,0.733333333,0.007538319,2
5865.280712,9.925117332,582.1359925,803.6899216,88.3169649,16.30051417,294.6794067,2.004826155,1.666666667,0.01827113,2
5217.439552,30.69947954,1601.726788,1076.757014,69.282165,20.37111032,103.003196,0.018811543,2.133333333,0.00778225,1
603.7808635,39.7450082,239.9727537,725.6142029,54.24872735,8.862890225,37.49096549,0.39395032,0,0.007692481,2
6421.256622,7.859492837,504.6782042,1139.584637,92.04957469,16.09243115,261.9986701,-0.900404196,1.866666667,0.006647257,3
1840.99165,40.69730628,749.2340104,802.9299428,58.03369672,12.62205509,70.92168661,0.392782578,0,0.007933876,1
1629.450633,35.60039561,580.0908717,730.3445961,61.66691978,11.35755007,71.82135354,2.042920084,0,0.009550932,2
4270.333374,71.07411197,3035.101524,757.6153229,25.21867571,26.01075495,84.74049558,-0.648067302,5.133333333,0.018575328,1
606.012746,31.25845849,189.4302426,584.2211731,65.03955168,6.686359388,55.99973767,31.77516546,0.266666667,0.006950388,2
1696.086832,41.2729574,700.0251956,829.0926114,52.95575772,15.35033423,95.10586223,1.589739513,0.733333333,0.013192203,2
6192.208152,11.12952314,689.1632393,1181.179838,88.86274221,17.57363324,185.9993683,-0.647989746,1.2,0.00532019,3
2192.968484,24.45661463,536.3258513,832.0215189,74.62663488,12.24584492,68.41077406,0.350433528,0,0.007909584,2
745.9949565,45.19504912,337.152787,729.42186,49.13413792,10.09625166,36.73536738,0.699589178,0,0.008929308,2
5018.916782,13.44075741,674.5804294,1143.177232,86.55505649,16.93939361,104.8923718,-0.627326554,0,0.004861002,3
1584.969176,37.53004855,594.8397012,968.559343,62.30561105,12.29522549,53.75473358,0.142818973,0.2,0.006070726,2
2214.281527,37.14856446,822.5738004,759.6587479,60.75015588,13.19350944,106.2107191,2.132936645,0.133333333,0.009560618,3
1878.697684,17.60180072,330.6846225,643.6952095,80.31362898,8.820840847,103.6403128,5.001307303,0,0.008968146,2
953.8330313,39.65869893,378.2777702,785.4197036,55.96858374,11.38593174,50.07836837,0.201563274,0,0.009486918,1
3286.030527,53.1747155,1747.337384,825.5559745,45.49146785,19.12016883,80.45210645,0.26260159,1.266666667,0.012149955,1
4668.947436,13.84716259,646.5167426,769.0274629,85.41300859,13.73270209,327.5806548,1.061524064,0.733333333,0.019619726,2
1924.978409,32.54780582,626.5382347,954.4174674,67.25616527,12.44483982,79.9219137,-0.219597987,0,0.005835678,2
2068.719671,24.70966989,511.1738017,846.4769954,74.17715032,11.90852812,78.81828267,-0.031000188,0,0.007720547,2
3548.571489,29.19474585,1035.996428,750.371081,68.65012488,16.19561335,119.3351951,-0.9445287,1.666666667,0.014225077,2
2343.284711,36.89234516,864.4926838,657.7668912,61.14958869,12.09768469,79.8939825,2.675011394,0.533333333,0.009696989,2
2358.815248,36.79174967,867.8494012,639.2902107,57.85744822,14.56067208,114.4150697,-0.211387698,1.266666667,0.020634761,2
4092.42837,29.47421156,1206.210995,1068.616511,70.50442224,17.82717524,90.57371861,-0.261567209,0.733333333,0.006547973,1
2029.169427,35.221667,714.7072986,859.0925766,63.41572125,14.12653875,64.10449661,0.038231889,0.466666667,0.009139679,2
7792.06995,4.667984934,363.7326513,1127.15789,95.3050719,14.88272397,264.3411071,-0.321937199,0.8,0.004411889,3
3071.440148,34.38991588,1056.265683,838.927929,65.18690907,14.69748486,109.715344,-0.788512424,0.133333333,0.007964695,1
4845.222972,8.016068799,388.3964069,1120.148991,91.78648726,14.44518818,344.7648575,-1.469279366,0.733333333,0.007106168,2
2277.175316,52.07879201,1185.925397,739.8550034,44.92290285,15.88967962,90.5539232,4.962341543,1.2,0.01359078,2
2195.209145,33.83934431,742.8443808,738.8807089,62.59027388,15.24340543,78.53592896,2.379277797,0.133333333,0.01294208,2
2262.134538,22.63471895,512.0277948,709.7224679,71.99366977,13.0470282,137.2606288,4.510785547,1.333333333,0.013132498,2
4878.710365,62.78739312,3063.215056,770.8874016,34.47245703,26.11407005,93.56583201,-0.692375164,4,0.018641288,1
4026.489818,17.83371901,718.0728799,773.1811055,80.89995455,13.81168381,160.697807,0.108159425,0.6,0.010183052,2
827.9217877,36.86017945,305.1734567,730.2891645,58.27956267,9.912735206,44.20459868,-0.081624576,0,0.009200042,2
4151.055218,46.49163176,1929.893306,836.9616241,51.31773003,21.4779745,167.7273811,-1.27039237,3.133333333,0.015123013,3
1077.421598,55.18963294,594.625025,751.373538,36.24664648,14.74641369,43.16282515,-0.197562099,0.066666667,0.013672929,1
1469.613096,56.73506605,833.7859607,787.912926,42.299608,11.86614747,49.48129089,-0.136549683,0.133333333,0.00668049,2
1731.696022,27.08375006,469.0082225,1093.928317,72.91169296,11.68053012,72.60969871,0.704711278,0,0.004005822,3
3958.375982,42.82778596,1695.284793,1002.456169,57.06164406,20.97217541,97.85578762,0.328550211,1.6,0.009539866,1
3057.775062,18.50188888,565.7461443,707.4991547,79.83899363,11.75128035,112.4224201,0.573443888,0.266666667,0.009449429,2
1630.489682,28.36019734,462.4100914,1096.969131,71.63505151,11.4130433,71.12979241,0.845086265,0,0.003989145,3
8996.756232,14.88463379,1339.134218,1084.89246,85.07430714,21.54007021,186.6456182,0.795313536,3.733333333,0.007953289,1
2264.593099,44.90480886,1016.911202,740.9098083,52.01582729,14.11904701,85.25131833,6.626234049,0.866666667,0.012597586,2
1112.529851,32.96619436,366.758753,811.1843977,64.92602406,9.564641774,53.44992962,-0.53770736,0,0.006849836,3
3058.298729,14.4862167,443.0317811,778.2356116,84.08292247,12.10799457,153.5164971,0.305998034,0,0.009091071,2
5084.800179,15.77068513,801.9078259,620.6613241,80.5494462,16.5915287,132.9412564,5.469880002,2.266666667,0.021601969,2
2256.295074,31.51044954,710.9687208,807.9381258,67.62720266,12.50119983,100.1940968,0.198851638,0,0.007628786,1
2856.606066,30.02823324,857.7883325,820.9980101,69.11301243,14.12575362,82.46494742,-0.268938706,0.4,0.008063385,2
1104.498878,55.1768193,609.4273503,698.3331853,42.19236533,9.780508806,41.4899546,0.901706389,0,0.007421923,2
3491.157082,69.90413389,2440.463121,726.6988424,26.71946173,22.49092213,75.54653498,-0.657227545,2.266666667,0.016509187,2
1673.015188,26.6461161,445.7935694,772.5906256,72.44450637,9.700766437,57.40807818,-0.472639251,0,0.00586281,1
3011.118575,42.94878863,1293.238952,932.9168121,56.28806143,18.41409622,89.71449225,-0.081439085,1,0.010517226,2
3997.013283,27.18595979,1086.626424,881.975659,71.69587182,16.91400755,100.1870919,0.479981325,1.6,0.010399911,3
8850.925198,10.30092486,911.7271538,925.6331461,89.00945303,18.27061721,351.0656137,-0.338216984,1.866666667,0.013476183,1
1215.695114,58.00663777,705.1838613,773.9070688,40.39421311,11.07008246,50.80013941,-0.503759095,0,0.006710162,3
1891.644727,30.90101641,584.5374475,906.2679635,68.64932455,12.37284685,77.02500017,0.504030716,0.466666667,0.006835548,2
2255.817067,30.12746354,679.6204644,868.2302815,69.53971059,12.08227893,64.83767674,-0.662622185,0,0.005445114,2
5967.614854,18.16794644,1084.19307,856.2900452,80.3542667,18.20772367,273.208245,-0.756356228,2.533333333,0.016178994,2
2931.778049,44.27390135,1298.012521,823.6282144,54.70076126,15.51155644,106.0019143,-0.326554618,1.533333333,0.009549529,2
1637.464648,37.82482687,619.3681683,828.6845905,61.50332757,11.34650539,72.8310941,0.458071012,0.4,0.006921142,1
3060.611118,17.58797118,538.2994013,828.3562901,81.92366634,11.39867034,121.2955612,-0.758230673,0.333333333,0.006607905,2
3696.243066,19.72030318,728.9103388,1043.710067,80.22864379,14.85795707,144.1444175,-0.310845237,0.466666667,0.005623136,3
3951.062119,23.08933508,912.273972,881.6143923,76.437547,15.0716451,106.6663865,0.327051006,0.666666667,0.008218301,3
2079.583559,24.11885223,501.5716856,838.1658392,74.71690985,11.9524118,61.46701401,-0.139675919,0,0.007574607,3
6604.9659,7.247201477,478.6751863,1048.498146,92.16644318,15.36207673,384.4654154,-0.823285437,1.2,0.011092114,1
1831.260058,25.41221152,465.3636794,851.0736153,73.92597979,10.42914798,68.24522683,1.052632151,0,0.005677869,2
4798.23057,37.22540502,1786.160764,898.1226989,62.3572869,18.54541076,127.166995,-0.125648736,2.666666667,0.009297297,3
849.3786533,37.20527015,316.0136226,781.1590016,61.4573825,8.237748691,57.68438397,-0.674172463,0,0.005355645,2
2543.788532,47.41803543,1206.214547,807.9685785,51.60741898,14.50448448,77.96768542,3.970122382,0.133333333,0.008301335,2
1525.764607,38.2933773,584.2667975,865.2818922,59.0883715,13.65566013,56.53261155,0.395539316,0,0.009489758,3
2406.260086,40.54042063,975.5079602,804.4854441,58.17826348,13.8428848,63.78677287,0.245443843,0.466666667,0.008601962,2
857.9369376,37.93128452,325.4265008,775.2230265,58.95451616,8.965411826,63.89932509,0.192104481,0,0.007090923,2
5766.717218,12.39951916,715.0452063,925.9315378,87.40187386,14.45077882,196.6562895,4.691353128,1.2,0.00680226,2
757.4811207,33.69910287,255.2643421,873.5077737,64.40579887,8.839256278,51.10465435,0.231304364,0,0.006016772,1
12360.39949,6.185972034,764.6108557,920.3936797,93.17006958,19.60940392,331.9985371,0.248315393,2.533333333,0.013796995,1
4183.707199,39.9204599,1670.155155,969.5703264,59.76083384,19.58681106,142.1335928,-0.492351538,1.2,0.009131977,2
9214.990212,14.80111654,1363.92144,809.9920975,83.73264823,20.67169676,212.8046814,1.248456809,3.533333333,0.016511285,1
3656.251411,38.30378785,1400.482783,757.1496216,60.24579655,16.50913309,100.4454522,0.178439348,2.133333333,0.011540307,2
4187.649093,65.77521127,2754.435038,762.832632,31.57616073,23.69713373,85.98618123,-0.674178843,2.466666667,0.016279493,1
4103.902025,69.43565279,2849.571161,759.8420967,28.07652275,23.35127561,84.16706439,-0.629282835,1.933333333,0.016039374,1
8188.821773,10.90873528,893.2968896,931.6253934,88.26046202,18.2564896,352.6421294,-0.418355639,1.8,0.013419645,1
3723.78193,16.08737746,599.0588551,817.6655829,83.37284903,12.77229758,120.1799291,0.252815828,0.933333333,0.00802404,2
1104.748717,57.60348008,636.373707,691.7764182,39.62565088,9.67202221,42.42578718,0.710231045,0,0.007243775,2
2564.457061,35.53082057,911.172637,795.7064377,63.68532193,13.3664114,67.75961738,0.448073364,0,0.007814988,2
3459.451015,73.39881224,2539.195955,724.6516014,22.51073682,22.89476858,74.45982894,-0.437852853,1.6,0.01724866,1
1091.866997,32.7718027,357.8244978,899.9994619,66.24328017,10.02702193,46.40801735,0.180277786,0.066666667,0.006251056,1
1760.229095,36.60118671,644.2647375,976.1963304,63.26087526,12.86020492,62.11952819,0.511392875,0.2,0.006035983,2
3117.764126,5.060197777,157.765031,906.0454503,94.53591642,9.624265656,504.1912664,-0.788003746,0.4,0.006181417,2
2360.911419,24.2715802,573.0305085,824.2265861,74.60650433,12.35047227,75.36923999,-0.106688772,0,0.008015779,2
2219.580146,27.83127225,617.7373933,779.0221655,70.84113816,11.85786019,61.45506407,0.306840918,0.2,0.00808256,2
3433.292807,25.69508005,882.1873349,768.8377349,72.36332067,15.12229305,112.0874177,-0.722030456,1.133333333,0.012764797,2
1966.379494,57.0234352,1121.297137,808.4874745,42.15151881,13.94946551,63.93927651,-0.389359658,0,0.007472484,1
3025.01114,32.38025521,979.5063274,817.6700441,63.54009016,17.83230923,121.5126632,-0.429444111,2.066666667,0.015629768,2
7406.194228,21.41117322,1585.753075,996.1508265,78.38499359,21.80592015,186.1316157,2.326366124,3.8,0.010012051,3
3383.344082,25.03188691,846.9148645,958.0257951,74.64367573,14.71377309,97.28765696,0.300391107,0.4,0.00721053,3
1947.821101,32.12034244,625.6468078,792.5292364,64.91743033,14.99414936,112.8430916,0.553789734,1.066666667,0.014107156,3
830.4735445,45.61474019,378.8183496,747.6115154,51.11175623,9.468575617,62.4951635,-0.648996818,0,0.007469387,2
426.8296058,39.82552934,169.9871499,578.3762655,54.98811132,5.691894762,28.35458359,1.325472229,0,0.006760154,2
3029.259559,25.4814979,771.9007109,891.1886629,74.41611251,13.02927536,77.33201939,-0.356856979,0.133333333,0.004887775,2
2616.515443,64.14405884,1678.339205,682.9639897,31.66632453,18.12478944,64.72785091,-0.192655364,0.333333333,0.014961679,2
5847.524098,36.01994032,2106.27469,1078.451144,63.94006106,23.13342764,144.5048681,0.349898973,3.2,0.008740676,1
2118.761366,63.25590554,1340.241688,820.1640324,35.03567323,19.11962457,55.61079446,-0.254890527,0.333333333,0.012974423,2
3014.514648,45.29797106,1365.513973,817.7465799,54.05228581,15.62960769,80.66106692,2.228672575,0.133333333,0.008342148,2
4820.99448,18.31263012,882.8508873,986.1576488,81.54554039,15.63617385,160.033288,-0.917342675,1.066666667,0.005920465,3
2396.625533,32.65288547,782.5673904,775.4847823,66.27094381,14.03576296,86.34174113,2.426578933,0.733333333,0.009805609,2
4816.285226,26.57361127,1279.860914,957.1421312,73.31551261,17.16258879,123.5543601,-0.771735078,1.066666667,0.006904664,2
1050.469388,39.34602898,413.3179898,739.3167905,56.40207476,10.9083212,46.42470675,0.209808306,0,0.009589561,2
1436.358612,20.10468485,288.7753722,590.8277931,78.3121713,6.737984491,74.26806589,17.21645301,0.266666667,0.006910369,2
2818.733254,27.97013028,788.4033633,905.7585818,71.37824019,14.27485331,113.3742057,-0.721031048,0.333333333,0.007632123,3
1608.039194,23.35136686,375.4991314,725.899124,74.51560366,9.373761183,57.61907021,-0.304945898,0.133333333,0.007546768,2
1870.974587,47.09869332,881.2045826,853.2456198,51.37821571,15.48316443,67.62142696,1.990258481,0.6,0.009582109,2
2863.301762,18.04007809,516.5418738,813.5853272,80.99187035,11.62208261,87.10231186,0.857756628,0,0.007245573,2
3395.967275,14.82290137,503.3808797,812.9968505,84.41887095,11.71566405,87.57258572,0.790922946,0,0.00724692,2
4130.994883,46.60458809,1925.233149,1038.364836,53.29002683,20.9856201,126.5471095,0.485558829,1.333333333,0.008580128,2
3305.638773,40.54964262,1340.424709,911.4381691,58.90039536,17.81861959,99.67247167,-0.527007751,1,0.009921695,2
6758.914988,15.94564629,1077.752677,951.3713476,83.64032511,18.95272979,168.2526326,1.586800857,2.4,0.01047714,3
3754.019941,67.60801627,2538.018413,733.8222247,29.884623,21.35859207,80.36096241,-0.592030942,1.066666667,0.014919535,1
4790.518365,54.18169262,2595.583936,1031.47203,45.74213939,24.39985033,95.92144125,-0.332683578,3.6,0.009912772,2
435.1567595,45.05854408,196.0753003,782.9994361,50.55911866,7.399505511,44.86719605,1.37303869,0,0.006237737,2
4753.647201,13.36636059,635.3896259,931.1828936,86.11530262,14.15701386,368.8170039,-0.861931617,1.266666667,0.008831563,2
1831.75875,28.79031151,527.3690501,867.1905633,70.21037119,11.85015543,86.11813419,0.018559232,0,0.00752603,2
2108.407854,47.03437166,991.6763861,860.5649154,51.20136818,16.69212497,68.32535954,1.680830715,0.8,0.010782431,2
803.5019486,42.66182211,342.7885719,796.8467113,55.23603624,10.1797465,46.57379087,-0.348714164,0,0.007370566,1
2531.803387,31.78333925,804.6916596,825.9268821,67.71558697,13.54245678,83.51807481,-0.299988265,0,0.007470091,1
1672.098588,41.22878795,689.3859812,866.7745863,58.24490905,11.87447821,60.65664105,0.646822939,0,0.006220058,3
1888.662611,34.74447343,656.2058791,810.6325231,64.45160473,12.09862209,72.04421861,-0.242740245,0,0.007119472,1
1875.283175,33.08839272,620.5010614,807.4974365,63.53478138,14.34917288,59.84609306,-0.17869296,0.066666667,0.011382205,1
632.530791,42.68304492,269.9834016,717.6743031,50.69096794,9.387061959,33.60632508,0.603598182,0,0.008663123,2
2912.998889,22.96192382,668.8805859,756.8517557,75.61810047,12.55235656,97.34671205,-0.252899186,0.2,0.009503367,2
2253.093785,37.24637563,839.1957743,833.5027691,62.08516513,13.94957945,80.8458004,-0.039085742,0,0.007922082,1
1880.017693,20.58157869,386.9373208,905.7180478,79.07910795,10.5569157,75.04776059,2.227060987,0,0.004943695,2
2553.760785,47.48340391,1212.612548,807.9316839,51.4730549,14.47670193,77.92129208,3.980722905,0.133333333,0.008282358,2
2074.195959,34.43931096,714.3387963,863.2863445,64.4059468,14.06670761,62.05390767,0.19066127,0.533333333,0.008848137,2
3122.923447,54.94453285,1715.875699,832.1430834,43.71995456,19.40965966,78.73364,0.382815418,1.266666667,0.012409776,1
1668.027002,42.7203026,712.5861829,919.63198,56.40025232,13.33666233,96.31567999,0.490160289,0.066666667,0.007481184,2
2973.882521,31.0675333,923.9119425,793.7734994,68.15665884,13.40334882,69.77645091,0.352041884,0,0.008079354,2
4816.483337,61.17105645,2946.293741,770.7969679,35.91736634,25.98707996,93.51457008,-0.688701313,3.8,0.018482341,1
5247.649836,43.73016585,2294.805977,1034.964039,56.21518112,23.37767071,109.9907891,0.063895908,3.4,0.009054509,2
3538.304773,21.98125267,777.7637125,931.6212788,77.95146655,13.96472377,79.51037864,-0.476188267,0,0.004689348,1
4008.57975,27.10339543,1086.461221,999.4041255,72.66157895,18.15457367,146.6475243,0.297010878,1.4,0.009142034,2
1215.489883,38.74882844,470.9880894,812.0050935,59.09978117,12.27912726,76.74884976,-0.315801403,0.066666667,0.008750379,2
8766.739885,6.16622761,540.5771353,1071.061212,93.72069279,17.09575385,301.8619331,-1.064455147,2,0.007489454,2
2022.103583,14.43357725,291.8618828,835.4379225,84.86339795,9.253905174,94.50600382,1.402353804,0,0.006094576,2
1157.051713,61.53004637,711.9344556,781.0662871,37.09449613,10.99757561,43.90521357,0.107093405,0,0.006527645,2
2585.403635,27.90369838,721.4232322,773.5389704,70.41705895,13.24272851,98.88420739,2.066025083,0.266666667,0.009490549,2
8881.394385,3.30364979,293.410167,1063.997245,96.6590058,14.32071475,258.4128947,-0.928737772,0.666666667,0.004527741,3
1630.621388,37.95618146,618.9216131,813.2111742,58.17468328,14.94596625,58.91323667,-0.192523822,0.066666667,0.011816368,1
3486.328091,31.14877075,1085.948345,766.8263871,67.46153625,14.43823936,149.8435659,2.504062097,0.6,0.009967279,3
1459.411132,57.81684595,843.7854862,790.3673629,40.9952555,11.98978013,52.35311231,-0.230110662,0.133333333,0.006694927,2
2778.785657,47.16354148,1310.573726,910.7784975,52.35800587,16.60138299,76.85139137,-0.172410959,0.266666667,0.008595857,1
6220.345635,21.05856023,1309.915232,870.6139742,77.863584,18.51308986,302.6748075,0.628319642,2.133333333,0.012601656,3
5511.224799,17.7099438,976.0348146,1114.513971,82.28301574,19.02835905,117.7707851,-0.115926752,0.466666667,0.005739499,3
5039.975117,62.08908098,3129.274232,773.8510434,35.27051584,26.30586022,93.24728885,-0.695520165,4.066666667,0.018585584,1
4933.967953,11.38683735,561.8229058,1226.485853,88.5996668,15.67553776,287.6064758,-0.618323282,0.933333333,0.005432734,1
2842.449706,30.37572585,863.41473,807.9490142,64.99604882,17.69375363,114.1531673,-0.293787469,2.066666667,0.015713718,2
2812.19419,21.156903,594.9731969,891.4968636,78.3307676,13.66950873,72.18798483,0.547628882,0,0.007534724,3
2101.917202,60.51743402,1272.026356,808.2416864,37.13763947,18.68855677,62.84404699,-0.196280952,0.266666667,0.013410994,2
427.0959011,40.44728488,172.7486958,577.8694661,54.14454271,5.637423032,27.26644964,1.553223313,0,0.006814316,2
1598.112035,28.89654307,461.7991325,742.8618067,69.97218059,9.527731215,57.89980113,-0.317339047,0,0.006179454,1
3839.018057,17.83923117,684.8513058,802.29909,81.43966266,13.20223064,134.876198,0.203893171,0.8,0.009414325,2
1674.812324,37.35462736,625.6199025,716.2164583,59.55548661,11.66916459,68.78357565,1.904992448,0,0.010142862,2
1787.065687,35.37830321,632.2335173,799.5272791,60.55911328,14.96829032,71.57893063,-0.205292056,0.066666667,0.012079088,1
5176.835001,32.87089521,1701.672009,1139.070652,67.09914954,21.88500531,164.1711028,0.292123657,2.866666667,0.007902103,1
3715.137556,23.19674241,861.7908889,907.8685553,76.64107161,14.86520953,113.8624614,0.372084754,0.8,0.006057414,2
5769.072902,9.772645621,563.7910503,1134.256958,89.44364413,16.84729567,392.9154531,-1.394254935,1.933333333,0.010547772,2
2896.237807,32.75576773,948.6849291,771.7720274,66.42389066,13.60956129,98.36685614,0.462473139,0.8,0.008451652,2
2564.093084,23.52125888,603.1069721,870.8021007,76.16526923,11.38158039,115.4604133,2.240666645,0.6,0.005861427,2
5754.216912,23.65973367,1361.432396,981.1518693,76.24634683,18.75631452,138.1596371,0.148116711,0.866666667,0.007885526,3
4692.280878,22.46121621,1053.943353,893.347384,76.98192812,16.54545285,121.9984176,0.017143829,1.6,0.009818424,2
3723.636088,20.85056144,776.3990304,800.6183644,78.15610418,13.5441282,176.3671528,1.59401761,0.133333333,0.008775793,3
5056.83034,18.80018518,950.6934683,1125.73577,81.19362572,18.70654963,113.518821,0.153478561,0.4,0.005531913,3
1258.749637,47.4012306,596.6628182,792.8670813,49.69281921,13.38390501,54.6130353,-0.224842571,0,0.010296373,2
773.9443,35.85098453,277.4666513,822.6532831,61.33107016,8.796466303,49.58076615,-0.612523711,0,0.006434586,3
4638.358619,44.12388184,2046.623876,982.4049681,55.65053959,23.1996938,107.2879116,-0.07596244,2.666666667,0.011614595,1
1844.543679,24.55969167,453.0142402,759.5997985,73.91887967,10.00905859,59.52075061,0.578018411,0,0.007190077,1
3733.308555,47.14121311,1759.926942,975.2581115,52.35934781,22.37799491,93.15390469,-0.12428125,2,0.012185886,1
5762.129369,23.40381513,1348.558105,985.3334404,76.50417957,18.89407587,138.5478128,0.152417984,0.866666667,0.007968435,3
2542.910501,21.65658105,550.7074737,954.790468,78.28981367,11.93425116,65.42379698,0.330521457,0.2,0.004317155,3
1206.513588,32.61502008,393.5046489,816.4492299,65.460678,10.05048785,52.55063592,-0.363441646,0,0.00706762,3
672.5050388,49.80268363,334.9255569,722.9017609,44.59938095,9.741221025,36.23601548,0.922303186,0,0.008738806,2
3069.142326,42.5737531,1306.649076,985.9501823,57.0555976,18.34951747,86.07210659,0.865499164,1.266666667,0.009145956,3
1890.673722,37.70597249,712.8969136,766.7238642,61.19985495,13.29901302,77.77873904,0.584626904,0.6,0.008755713,1
3198.475454,50.8242794,1625.602102,785.2742473,48.5240103,15.86072121,100.6221861,0.421028649,0.6,0.008625985,1
1402.924053,27.44803582,385.0750966,774.59252,70.15850778,10.23604969,51.54765882,1.748920425,0.066666667,0.00780127,1
2985.196164,38.01447925,1134.806776,814.1265007,61.02680052,16.25539078,103.8791584,-0.353755923,1.933333333,0.010050465,2
1115.877979,52.73442167,588.4517988,699.6960909,43.43652748,10.37977517,43.03795827,0.621558886,0.133333333,0.008550573,2
8067.459811,23.06456937,1860.724865,742.991306,75.15368395,20.61219809,184.77706,1.863356048,3.066666667,0.01596271,2
2214.166181,30.78264494,681.5789141,815.9065222,68.31945943,12.51867599,91.97807172,0.559051355,0,0.007554735,1
4643.711982,44.67951856,2074.788157,1013.908067,55.19102123,22.16715735,95.31116946,-0.387192121,2.6,0.009896139,2
957.3746059,43.9994529,421.2395888,751.5821697,52.928974,9.968596056,64.39692999,-0.591110598,0,0.007735186,2
8736.203676,19.97949621,1745.449482,792.3060462,78.73718537,21.03134317,255.6292407,0.30270478,3.266666667,0.016561693,2
4996.109117,2.324015069,116.1103287,1321.337161,97.59105161,12.72526026,530.9531892,-1.620710295,1,0.004985294,2
6578.612541,15.7613028,1036.875042,716.7398806,82.30307288,16.96749743,174.837276,-0.507696403,2.4,0.015753625,2
7183.459326,18.34732829,1317.972865,807.9722425,80.70413065,19.36820284,284.9138935,2.459602828,3.133333333,0.013827343,2
843.311143,38.08423576,321.1686039,781.5981689,60.59735338,8.248233959,57.52872083,-0.661650497,0,0.005339269,2
2558.883934,19.83862641,507.647424,954.7844501,80.06742929,11.58773329,64.37150461,-0.160853545,0.2,0.004813381,3
7047.066585,8.137268211,573.438709,1009.125244,91.09821861,16.46087661,378.8741152,-0.607312473,1.6,0.011976343,1
840.4147468,34.02496882,285.9508556,770.5374385,62.45506498,9.282718106,45.30899519,-0.165144997,0,0.007436187,1
4027.656045,77.24780187,3111.275762,786.8399996,19.72648077,26.09404604,78.20571705,-0.604991989,3.8,0.018018401,1
2088.701263,33.90885107,708.2546005,864.6470976,64.93636092,14.09042871,61.57927698,0.265554899,0.533333333,0.008905713,2
1995.81168,31.39037639,626.4927984,909.3687594,68.46240717,11.10460216,107.0341807,-0.887817644,0,0.004435541,2
5045.385318,28.74012212,1450.049902,735.3003949,68.30235119,17.71217359,308.1774648,3.601131594,2.733333333,0.01709935,2
4410.479883,5.25203369,231.6398893,833.8662395,94.30320446,11.47208898,463.4623918,0.505724744,0.866666667,0.008617547,2
3664.00578,27.43325144,1005.155919,1111.68725,72.5504213,17.80230616,90.82776533,-0.223528249,1.066666667,0.006552895,1
2033.569461,41.86852435,851.4255249,813.4995784,55.98112352,14.38557401,78.33819858,1.261568435,0.866666667,0.00987804,1
732.9129812,30.41606951,222.9233218,780.1319309,66.13993641,8.699204557,45.12700958,0.176590407,0,0.006966341,1
7639.880985,17.58742773,1343.658547,932.2153119,82.216334,18.59274407,262.2214361,0.140486805,2.866666667,0.009438164,1
4755.820005,23.26235872,1106.31591,903.3792199,76.44067044,16.92895456,109.0917524,-0.589083185,1.333333333,0.008993411,2
1644.891295,58.53595346,962.8528027,811.986654,40.55052242,12.59727549,54.33137119,-0.179821667,0,0.006854019,1
2363.446879,44.59240547,1053.917816,672.4415914,53.89964396,12.3899954,66.59915735,2.391421176,0.533333333,0.009068581,2
3557.451905,33.22688502,1182.030454,958.1000172,66.17693724,18.251333,177.8612704,-1.069646977,1.466666667,0.011607997,1
4523.465852,38.28635273,1731.870092,1010.965713,61.61220741,21.34332902,91.55145735,-0.412970192,2.466666667,0.009167878,2
583.8672611,34.45023336,201.1436339,777.7308388,61.80863557,7.46926317,49.35214458,2.516996748,0,0.006176598,2
3244.971499,24.1716031,784.3616316,758.9252768,75.02491541,13.09031792,149.5662022,1.179731919,0.8,0.010308723,1
1463.549207,28.89363272,422.8725325,762.2329703,69.69439912,9.715181529,57.76647591,-0.341552003,0,0.006259065,1
8979.343784,14.50820163,1302.741301,898.8214718,84.55809867,21.27840189,322.5394909,-1.072106879,4,0.015310841,2
3087.086721,45.1216006,1392.942941,1030.44187,54.77448397,18.48588216,74.05642243,-0.231160742,0.4,0.008319038,1
5921.336811,11.74633066,695.5398012,695.3605816,86.18956125,15.49304423,175.7117229,1.923825164,1.866666667,0.015576971,2
781.1407397,30.71342484,239.915074,873.0819544,67.50848263,8.843489068,50.92433058,0.2865091,0,0.006027253,1
2480.932878,20.86080621,517.5425997,923.3012827,78.90118949,12.27101554,77.5667095,0.300595812,0.133333333,0.005919878,2
2170.357836,22.28255931,483.611272,838.1589768,76.52156032,12.21252395,62.27164015,-0.199455643,0,0.007804571,3
2789.529947,55.63181429,1551.86612,829.5072407,42.85720416,21.07442045,67.3740941,0.412640808,1.466666667,0.01443126,1
5527.500259,4.828506493,266.8957089,1264.95103,95.15391326,15.79209931,279.5324952,-0.502071015,1.266666667,0.004876483,3
1241.194529,34.72194557,430.9668887,816.4097205,63.44117978,10.37964399,52.69852806,-0.40172533,0,0.007257945,3
2405.785015,20.06742038,482.7789923,953.8516531,79.8270538,11.63670981,64.4072945,-0.158780646,0.2,0.004810401,3
3628.559283,31.36648181,1138.151388,755.1272852,65.68271742,16.88526266,125.0754797,-1.05571721,1.933333333,0.014789533,2
2675.494061,32.47086106,868.7559593,668.4303952,56.42289378,19.4818127,95.7377685,1.531622171,2.933333333,0.024538511,2
4665.025402,18.27956002,852.7461183,567.0452689,75.17933668,17.03084313,131.2800005,1.131987024,1.466666667,0.025328378,1
2013.09379,49.27865959,992.0256359,841.3275518,50.22251264,13.75625615,62.73637089,-0.516968417,0.133333333,0.006847889,1
3529.901366,46.58959736,1644.566834,796.6028217,51.56855882,18.96172832,108.4699052,0.146055777,2.933333333,0.013316375,2
3406.113401,41.31385522,1407.196759,813.1693404,57.70958344,16.09091536,109.0052486,-0.460237913,2.133333333,0.009914981,2
3418.142073,13.73177617,469.3716188,757.6657774,85.35000046,11.26259855,134.2412834,1.599962034,0.333333333,0.008430807,1
3890.395945,29.66129771,1153.941923,678.9225341,64.43686403,18.60278689,149.3465388,0.251439487,3.066666667,0.017148343,3
5442.42772,8.792646199,478.5334141,841.0260081,90.23528312,15.57358238,271.0356596,2.697650487,1.333333333,0.01489085,2
1465.257631,38.11351223,558.4611463,867.3902802,59.89963983,13.85612507,57.22028647,-0.43325582,0.133333333,0.009838325,3
3306.5916,5.9859065,197.9294815,804.1160106,93.49518964,10.06239264,425.6300578,1.049588668,0.4,0.007078802,2
814.6266406,40.29388086,328.244688,732.1980762,54.70820969,10.25261163,42.41474638,0.633270556,0,0.009054283,2
3559.77217,68.56966725,2440.923932,726.332482,27.30006188,22.67161147,79.05685077,-0.590165801,1.8,0.017344216,1
2920.668846,25.92346112,757.1384526,907.1371332,73.82440214,12.81698427,86.93210487,0.454898077,1,0.006281163,2
1870.770282,39.08085132,731.1129525,865.6527505,60.1951396,12.76551658,75.41155008,2.835249598,0.266666667,0.007288978,3
3072.276006,23.10923317,709.9794258,882.8623671,75.62709663,14.2818745,102.8760947,0.666978778,0.933333333,0.009491454,2
6112.165349,10.63841956,650.2377937,1192.566159,89.35307589,17.21850866,188.9533827,-0.829008464,1.2,0.005204407,3
2964.278239,43.95248391,1302.873916,796.916453,54.47881144,16.55822899,78.06332905,0.61118639,1.466666667,0.011391374,2
2310.027633,33.95251017,784.312367,688.9469277,57.45732073,16.51197778,91.98102891,2.917605073,1.4,0.020409064,2
1130.517371,34.30926908,387.8722468,898.1947852,64.95779298,9.847997742,81.35663864,0.094904721,0,0.00585282,3
3117.001561,16.51117235,514.6534999,727.6722503,82.05031425,13.20239799,219.2066733,0.547080155,0.8,0.017724381,2
2012.659252,62.8724142,1265.407462,833.0990233,36.47250961,14.68881923,59.63228591,-0.46227016,0,0.007695518,1
2972.706226,35.74767181,1062.673265,626.3127247,56.75780587,18.27401761,126.3094312,0.461624982,2.2,0.023725238,2
2696.877126,64.76451647,1746.619431,692.4401672,30.87661533,19.18283314,68.07120376,-0.263636041,0.8,0.015662927,2
2296.703478,70.74396562,1624.779119,822.1630285,27.75998241,20.92876569,58.47834407,-0.174256996,0.466666667,0.013952288,2
1553.026873,29.91573789,464.5994488,750.3409777,68.71943833,10.00871289,72.77231758,-0.185104655,0,0.00711689,2
799.3294381,35.43896435,283.2740746,731.3085647,59.08611624,9.742886339,42.58370155,-0.083145253,0,0.008777146,2
878.9232581,40.07701785,352.2462311,789.4083362,56.89900608,10.67340831,56.37469319,0.841345801,0,0.008399988,1
2604.005102,24.52822362,638.7161946,856.9390063,74.39951463,13.40529689,81.8094713,-0.288160415,0.266666667,0.008607532,1
2391.985423,20.44971826,489.1542799,954.2889671,79.4402649,11.7281392,65.95826455,-0.179190221,0.2,0.004831436,3
4388.793451,66.15272118,2903.306294,757.6388757,31.36147721,24.61261904,85.05075992,-0.927118234,3.733333333,0.017150252,1
9084.651146,5.201356467,472.5250899,1192.367558,94.78586009,16.9713421,228.9303604,-1.08928782,2.266666667,0.004701685,3
2134.800647,42.03738308,897.4143259,836.3517456,55.58812986,15.56017363,98.61763242,0.18191276,0.866666667,0.011540404,2
4305.346162,19.28633261,830.3433807,946.9736665,80.61492228,14.65607977,120.3866805,-0.151505452,0.133333333,0.006010656,2
1032.551068,30.3458624,313.3365262,783.1739744,68.68211312,8.150869927,60.67336524,-0.603438959,0,0.00518377,2
2049.822114,31.04771904,636.4230109,882.5646823,68.2753455,13.45314063,76.03642452,0.369772818,0.133333333,0.007966727,2
6386.216311,12.88903318,823.1215395,1148.631468,87.10307554,18.72597083,156.579225,0.419590424,1.333333333,0.005611209,3
9527.124152,3.881161613,369.7630854,1173.027498,96.09095921,17.13400735,326.1580497,0.096596314,1.866666667,0.011753584,3
3542.443763,19.94221755,706.4418418,881.5411139,79.83142368,13.81341927,103.2973337,0.909702066,0.333333333,0.005937034,2
636.6781471,44.6305742,284.1531128,715.096005,48.44099979,9.209154755,33.98447383,0.713865137,0,0.008699677,2
1636.223747,22.54625919,368.9072469,719.0502415,75.32875061,9.379564981,57.6870041,-0.376315794,0.133333333,0.007630909,2
893.3551852,37.22208498,332.5254262,780.0594241,61.44762659,8.251063658,58.21235105,-0.724448921,0,0.005404598,2
1738.335732,30.56653382,531.3489795,956.0677814,69.2720789,11.83367694,52.1280855,0.378653636,0.2,0.005636662,2
4081.865383,18.15204836,740.9421784,773.4836421,80.63338158,13.75328744,160.7132483,0.102250209,0.6,0.010128401,2
6080.696197,7.763869059,472.0972906,1263.742689,92.18218574,15.81021311,280.9181079,-0.521684925,1.2,0.004888358,3
1729.88962,41.14188597,711.7092149,867.431795,58.3060555,11.83905524,61.09575355,0.593504932,0,0.006189182,3
1667.781117,50.05592864,834.8233258,598.6505023,47.12391865,11.24421119,86.839577,1.149561224,0.2,0.009879348,3
668.4627011,43.62177224,291.595277,717.2369381,50.39727718,9.499366356,34.59891917,0.698909498,0,0.008627951,2
1112.807195,51.02260682,567.7832396,699.7889976,45.19909887,10.32191968,42.77251908,0.682939372,0.133333333,0.008522117,2
2265.954902,26.2876918,595.667241,950.3290507,73.59356344,12.30416305,76.51549242,0.092104686,0,0.005347093,2
2376.664901,49.64703761,1179.943718,799.2966109,48.38237456,15.85319693,71.49396065,-0.10696987,1.333333333,0.010632815,2
3705.229452,27.74694599,1028.088015,846.6067302,71.51140674,15.40769062,126.6537198,2.081566798,2,0.010106615,2
4869.158398,13.86861061,675.2846184,900.5828979,85.19566791,15.60406678,303.8859713,-0.694232145,1.2,0.013021852,1
716.3876311,40.16107425,287.7089685,717.6885083,54.23326248,9.177685869,34.71991476,0.466993385,0,0.00815425,2
2285.539743,23.88952748,546.0046449,752.2920414,75.17144679,10.66901214,88.65728787,-0.468384814,0,0.007534413,2
9440.91793,17.13824711,1618.007844,873.8386279,81.81307271,21.39954666,317.7314643,-0.869796773,4,0.015678031,2
814.583447,36.64469571,298.5016255,731.9509643,58.15799344,10.00334106,40.10647842,0.209919933,0,0.009069222,2
1327.614268,37.22541522,494.2099236,764.1608814,59.00655342,12.68325793,57.06211564,0.127876942,0.466666667,0.010414199,2
4037.777194,16.570106,669.0639614,710.1599755,80.99665865,14.2482781,226.1317677,0.498759987,1.333333333,0.019806025,2
1721.994801,33.69328454,580.1966081,783.0077747,65.01626847,11.60701344,63.67058361,-0.116028753,0,0.007558577,1
4691.857484,16.02414063,751.8298416,654.5009441,81.22311101,14.84921119,139.2312642,2.307927797,1.466666667,0.01870946,2
1834.041118,26.43316242,484.7950675,922.9447254,73.05388036,11.92153574,64.23489317,-0.005516629,0.133333333,0.006304537,2
2101.949113,23.20683187,487.7957967,1107.746523,76.78951972,12.22028185,72.86458907,0.678735693,0,0.004113505,3
1033.402606,31.91900118,329.85179,894.8490103,66.90876667,9.521616689,56.59298454,-0.501456683,0,0.005915907,1
3091.153034,63.39408745,1959.608258,704.844348,33.11923145,20.45469945,70.35436595,0.696185947,0.8,0.016179465,2
2038.883406,29.91262427,609.8835326,958.2064804,69.91067162,12.59394083,77.90102922,0.006727991,0,0.005770269,2
6003.872362,15.76421211,946.4631741,679.4898666,82.63198456,16.46576617,151.678887,-0.462272499,1.133333333,0.015627933,2
4357.096925,26.13323383,1138.650328,945.5405424,73.73611983,16.70986454,124.9007389,-0.708513337,1.2,0.006891301,2
6031.840366,14.03818911,846.7611572,1003.271165,85.84372997,16.25643192,201.9395142,2.40221138,1.133333333,0.009644495,3
2741.349455,15.77676664,432.4963063,928.33088,84.07232997,11.18780196,71.15551507,0.06561305,0,0.004878728,2
2258.196796,60.74673478,1371.780819,800.1515703,36.68864163,18.70378849,69.49905168,-0.084131144,0.533333333,0.013157033,2
9404.955306,6.160621917,579.4037379,1087.06968,93.7207221,17.6637523,295.4315223,-0.947128561,2.2,0.007657513,2
4205.363223,17.46023971,734.2664996,858.2464659,81.54345413,14.3708019,325.8975632,0.509259743,1.6,0.010464355,2
1697.946793,36.46565101,619.1673521,932.2427273,63.07699007,12.2378121,71.16978163,0.111218089,0,0.006307143,2
2389.749266,27.05014558,646.4306555,801.6982305,72.09992004,12.36172213,100.2612627,0.205385374,0,0.007566173,1
2799.042343,23.78094274,665.6386568,887.722705,75.86455223,13.4891233,101.2598548,0.298134176,0.466666667,0.006297561,2
5111.754874,32.85277458,1679.353306,1071.735879,67.12820756,20.73123647,105.1157936,-0.035468894,2.133333333,0.007869126,1
2260.3407,23.78722961,537.6724322,839.4213913,75.14890433,12.02666606,62.28376804,0.043986366,0.2,0.00747565,3
3053.243301,39.24314433,1198.188675,960.3752062,60.51708235,16.73616931,170.351096,-1.13292204,0.8,0.007517594,2
3913.757494,26.30899631,1029.670315,1067.682635,73.66008306,17.34085787,92.31760014,-0.362818183,0.533333333,0.007004082,1
5804.326534,15.91170471,923.5672984,808.2932674,82.34453282,17.21485898,235.6929022,0.988209497,1.6,0.016343281,1
1237.347927,48.54374699,600.655047,814.3704676,49.59879096,11.52955092,63.15752556,1.481147793,0.2,0.007658414,3
937.8455775,41.56678294,389.8322355,746.6083112,55.35252265,9.652212608,62.13037846,-0.633981832,0,0.007530818,2
1245.617931,48.98637982,610.1831306,693.3297635,48.74358701,11.54729334,54.13236532,5.672365783,0.466666667,0.009456305,2
2642.79747,64.93405116,1716.075461,673.7323597,30.7445841,18.32548378,81.91154899,0.310364153,0.933333333,0.016114689,2
2601.546672,36.39466904,946.824301,799.4476598,62.18330199,14.33878616,64.3544997,-0.054392498,0.6,0.009240642,2
2792.907135,16.72195762,467.0287474,749.0298719,82.72547383,9.994102565,107.4045364,11.39265101,0.333333333,0.005967348,2
4242.681697,39.90304312,1692.959107,1068.390989,60.05384023,20.8187879,99.65142182,0.928326843,1,0.00855004,3
3433.030166,23.62064079,810.9037235,681.996167,75.09457681,12.46846518,102.9564928,1.749211281,0.533333333,0.009734039,2
4997.641135,15.15617046,757.4510094,1142.954567,84.83788567,17.17105923,106.0881877,-0.686489411,0,0.004895719,3
2572.907095,28.73429434,739.3066979,889.593989,70.95588438,12.50494459,87.48425069,0.662618798,1,0.006314595,2
1483.952235,25.88007688,384.0479792,748.1827245,72.40836651,9.66278299,58.35428117,0.52575943,0,0.00720419,1
3593.162777,20.19420194,725.6105472,932.1223179,79.71764682,13.74014755,92.46977792,-0.303428117,0,0.004854561,1
1650.123807,17.47984025,288.4390054,611.9740415,81.25176451,6.753249302,130.8372443,10.3217243,0.266666667,0.006767788,2
2490.737107,59.97062714,1493.710663,813.1656053,37.96423615,19.39732099,65.86247009,0.055186748,0.4,0.013189204,2
1239.120465,45.15507431,559.5257669,802.8635407,49.56571129,14.60712578,62.13458036,-0.239872509,0.066666667,0.012290289,1
2896.340963,10.44434113,302.5037304,690.7588579,88.91832152,8.332986529,227.7660889,0.594054929,0.266666667,0.0070302,2
3225.244414,30.86785823,995.5638733,836.9231423,68.76236251,14.60195358,113.0740638,-0.870029062,0.133333333,0.007831235,1
759.0000814,38.27322027,290.493773,824.2966472,59.10468315,8.992426358,50.00315877,-0.820495107,0,0.006806078,3
4145.763831,17.48220912,724.7711025,773.8755076,81.38572518,13.78926822,160.394044,0.112616521,0.6,0.010171846,2
5649.217636,24.30176938,1372.859842,981.9717194,75.6077559,18.77280039,138.2499748,0.149660941,0.866666667,0.007900799,3
1103.30993,54.40430968,600.2481513,748.6289193,36.31684942,14.79045911,43.6575214,-0.334902079,0.066666667,0.013893292,1
2447.877032,31.84658856,779.5653268,679.0005448,58.77295268,16.96283225,94.36703364,1.993430866,1.733333333,0.021089019,2
753.8595031,34.37011596,259.1023854,872.4279044,63.74136417,8.922029544,50.98322007,0.305364184,0,0.006100104,1
1178.307898,63.07698648,743.2411133,786.0842216,35.51667849,11.05908133,43.61170145,0.072679147,0,0.006627056,2
2164.433503,53.56135016,1159.299808,709.935922,41.3862542,17.50751339,73.98200695,2.605457478,1.8,0.016034098,2
2057.107208,27.41658797,563.9886073,806.8645287,71.7486248,11.58960158,89.33016973,0.977751269,0,0.00695458,1
5571.968882,5.066015569,282.2768111,1276.059432,94.91263212,14.76175364,268.2090909,-0.448749932,1.066666667,0.004310465,3
4230.652511,18.21353647,770.5514377,914.070782,81.62649995,14.65148936,117.7930931,0.123865421,0.4,0.006425961,2
2207.22915,27.80213053,613.6567295,779.0335363,70.86449919,11.84877233,61.45928775,0.305960652,0.2,0.008096831,2
1674.146466,23.56982368,394.5933702,766.2784253,75.24792432,9.619304203,63.8524835,0.480455432,0,0.006303761,1
2820.304663,39.18755325,1105.208392,827.3575953,59.83303843,15.57038157,104.9638495,-0.246156392,1.533333333,0.009560384,2
8565.251812,16.25968128,1392.682645,922.1064726,83.4901728,19.08920492,258.925962,0.38722546,3.066666667,0.009534049,1
1862.009814,65.62995694,1222.036239,816.5947387,32.24259643,18.73376389,54.0343195,-0.132169674,0,0.01305123,2
2976.002531,52.28458739,1555.990644,1023.144685,47.58483828,19.74732486,71.47314711,-0.273121468,0.866666667,0.009119132,1
3849.362085,37.88307399,1458.256687,1026.97348,61.97695948,19.68975415,116.8053778,-0.017442408,1.733333333,0.009209633,1
2564.532616,61.71978452,1582.824005,673.4852494,33.7683676,18.4017438,81.78428492,0.325408093,0.933333333,0.016198158,2
2634.363819,14.51204309,382.3000126,729.6109204,84.45486909,10.05281198,74.54824982,4.971006426,0,0.007439299,2
2200.543926,27.13006081,597.0089052,891.033854,72.63437258,11.93520359,66.51196266,-0.520328052,0,0.004881549,2
3792.014981,16.97238115,643.595236,737.8712246,81.06614536,14.0168958,119.1673523,6.210150652,0.6,0.013112966,2
2057.5346,21.30497689,438.3572711,812.8001591,77.27913026,11.43188695,58.66262243,0.095686792,0,0.007570345,2
6569.005271,18.52124157,1216.661335,585.4975562,77.05179509,19.32235175,151.3881416,1.162607177,2.533333333,0.023878478,2
1910.154887,33.90599925,647.6571016,854.6927751,64.91125149,13.31410965,59.7143671,0.093033876,0.133333333,0.008327864,2
4351.01578,33.15777766,1442.700138,715.4029034,63.67023635,18.40276074,155.8045592,-0.007632951,1.8,0.0182559,1
3768.229002,69.13582906,2605.196361,728.8650404,27.41934709,23.06739611,76.19666159,-0.660752434,2.133333333,0.016818936,2
3917.48635,40.44247281,1584.328352,961.6755421,59.19800994,20.83690019,110.9329898,-0.144396076,1.2,0.011166422,1
3853.997724,3.440832324,132.6095995,1044.708729,96.35399499,10.26223079,537.1444363,-1.666070862,0.4,0.005342775,2
3038.278871,31.65948404,961.9034145,817.2310362,67.80397128,13.99435966,108.0781482,-0.508620738,0.133333333,0.007989987,1
2809.297844,20.83771828,585.3935706,900.9086595,79.05668377,12.16599111,67.92375089,-0.307285744,0,0.00434291,2
2948.86166,31.08438702,916.6355711,810.1481744,64.42035116,17.65725698,116.3597946,-0.335793238,2.066666667,0.015657296,2
2083.097897,38.01004181,791.7863816,972.0125049,61.78504407,14.36482917,72.323805,0.462665072,0.933333333,0.006901932,1
1884.292307,34.4498093,649.1351066,805.9088274,62.15123984,15.04985382,67.42333498,0.08336863,0.066666667,0.01216314,1
3247.773246,15.5509534,505.0597041,812.5676744,83.52558082,11.83017462,75.73214633,0.067765484,0,0.007472946,2
3237.747213,33.78067393,1093.732829,838.5418662,64.10662111,17.07191399,144.1622581,-0.864346159,1.6,0.013572749,2
2800.608008,26.33284173,737.4796741,855.3765564,72.72970859,13.922646,78.97717626,0.047715822,0.533333333,0.008578306,1
1068.847071,34.10610955,364.542153,780.5847128,63.06810872,11.29393799,57.37302276,0.360121997,0.266666667,0.008894255,1
721.2605905,38.74297653,279.4378213,821.2436336,58.69784032,8.536878741,47.78288147,-0.811016557,0,0.0063432,3
1310.711338,25.56240282,335.0493119,768.8164927,72.8596671,8.964993003,52.1993892,0.475801173,0,0.0061359,1
1540.238963,43.33467062,667.4574812,841.0719892,53.73498046,14.00837339,65.33536007,0.215391987,0,0.010170047,3
1088.197923,49.19375915,535.3254653,716.9646606,42.50465369,12.77670934,69.83201615,-0.27571229,0.066666667,0.012777219,2
1463.962499,23.79559322,348.3585611,768.6424137,74.56079403,9.371125917,53.77641069,0.178718602,0,0.006791634,1
2968.137623,25.48523145,756.4367429,861.9130102,73.76638012,13.9983848,80.56788076,-0.22288318,0.533333333,0.008396014,1
2829.645341,57.51290921,1627.411356,847.8325662,40.95885329,19.76006258,66.43651,0.186065676,1.733333333,0.01273619,1
2837.395849,22.27933495,632.1529249,856.9225617,76.08071357,13.68288979,204.3622529,-0.531027271,1.266666667,0.012499982,1
1634.661668,37.72467892,616.6708656,718.0636143,58.85409712,11.68231051,69.43649386,1.846831342,0,0.010069089,2
2817.612698,22.83093508,643.287326,870.455658,76.87291287,12.30330023,96.38160202,1.112767211,0.133333333,0.005782634,2
1010.379535,54.70324613,552.7104039,691.5025505,42.43499824,9.139651893,40.22583564,0.478654902,0,0.007026247,2
2082.478973,30.45613659,634.2426405,733.6087792,68.6234707,10.43964539,78.11927402,-0.700533079,0,0.006425275,2
2630.291394,30.43813878,800.6117447,855.0937346,69.3262044,12.45932297,92.53899718,-0.505151746,0.2,0.005386512,2
1767.214776,39.74272461,702.3393016,828.3024381,55.08644961,15.34455984,95.37633182,1.499697923,0.733333333,0.013194256,2
2392.090115,61.15989053,1462.999696,799.4826677,36.51061177,19.62806596,70.52114164,-0.143224197,0.666666667,0.013617865,2
3749.305625,29.0237832,1088.190336,880.1013927,70.56484154,16.13138471,94.39995532,-0.658323009,0.2,0.008740384,2
4178.471489,67.79750726,2832.899511,764.6371672,29.19115455,25.91134747,91.50993026,-0.641544055,4.066666667,0.018593628,1
1523.85356,60.55903448,922.831003,785.633259,38.43731734,11.97984599,52.07188527,-0.17183858,0,0.006356846,2
5153.776321,13.57901297,699.8319549,1143.344298,86.4165258,17.14321497,106.0996895,-0.682684738,0,0.004883084,3
3268.569036,13.84762574,452.6192071,729.2131368,85.47261645,10.11254017,126.2009199,6.819752235,0.333333333,0.006898798,2
5688.949978,37.20905325,2116.804426,1062.114571,62.74178449,23.07288561,140.1176277,0.404503562,3.2,0.008978105,1
672.014167,46.92685541,315.3551165,718.3375776,47.14312613,9.575831528,38.19155954,0.960700089,0,0.008819308,2
1412.717068,27.51095955,388.6520212,664.2533634,69.76135396,9.264283861,46.85924827,5.265615891,0.2,0.008699379,2
2604.28115,22.9517768,597.7287968,954.2741266,76.93902036,12.20079769,65.40660202,0.316393312,0.4,0.004883271,3
2581.431971,57.0333359,1472.276767,809.5468927,40.96869236,19.34242273,65.82975827,-0.096833295,0.333333333,0.013411654,2
6500.855342,21.33319323,1386.840032,867.5924005,77.67944529,19.12342477,304.0129375,-0.269230126,2.533333333,0.01315712,2
1751.990308,23.78354939,416.6854802,766.8658406,75.11102444,9.666448878,64.83120352,0.38080238,0,0.006284567,1
5015.086736,15.35640271,770.1369154,612.6580657,79.75475413,16.63037041,193.989108,0.839353468,1.333333333,0.023512443,1
2983.980223,65.15517925,1944.217663,703.1049457,30.30106385,20.59392905,68.09396335,-0.261114838,1.2,0.01656808,2
1437.13716,45.29754977,650.9879202,728.2180231,49.73414865,12.76735961,74.43170806,1.343711493,0.066666667,0.011725301,2
1168.887739,33.85874943,395.7707705,780.388707,63.18177221,11.32532857,57.45424159,0.336375897,0.266666667,0.008918086,1
2911.135555,28.45390267,828.3316775,898.4564841,70.87687532,14.33840001,105.0584605,-0.247276329,0.733333333,0.008292959,3
4352.14343,13.65987931,594.4975401,929.9514019,85.75252026,13.98641892,368.8506138,-0.865164735,1.133333333,0.00911448,2
4044.496028,30.22061246,1222.271471,1171.504649,69.75340871,20.03484889,146.3967468,-0.38391728,1.933333333,0.00710072,1
3624.585522,23.13986226,838.7240974,677.1400004,75.41352666,12.2789352,102.4104953,1.771292521,0.533333333,0.009772252,2
2775.170538,21.60611701,599.6065937,891.0952455,77.88014163,13.67232292,72.66925192,0.517206625,0,0.007535433,3
4779.330375,7.623396806,364.3473192,1244.580245,92.33515014,14.1111072,306.8054442,-0.847168123,1,0.004718342,2
3085.271798,28.70440738,885.6089857,673.5733003,64.02474103,17.94077565,127.7880265,-0.031512989,1.6,0.021753888,2
678.4028057,42.06546326,285.373283,729.9756068,51.01216351,10.06623503,38.77673001,0.191089692,0,0.009549945,2
1219.640657,27.3824834,333.9679004,720.9041647,70.33844754,8.824797472,52.00465197,-0.206503561,0,0.00703347,2
1133.569577,57.65008064,653.5037754,700.7042695,39.48912058,10.42156344,42.97535721,0.574209722,0.133333333,0.008392086,2
1887.27153,61.22669693,1155.51402,828.7635591,38.08044261,13.9034254,58.1251633,-0.426090658,0,0.007266181,1
6155.655512,17.300087,1064.933759,905.2371162,81.94271408,17.22382267,193.7323991,-1.078560413,1.466666667,0.010956537,1
2968.623834,25.86721746,767.9003828,861.573975,72.45874216,15.2969223,70.76829284,2.547228846,0.733333333,0.010322812,2
1230.575382,51.66313769,635.7538539,617.3498122,43.29694749,10.70549512,46.38508008,6.910541493,0.6,0.01019045,2
4650.167021,21.71526849,1009.796254,776.587048,77.2657024,14.89099145,188.0597484,1.83716596,0.666666667,0.009580896,3
2556.621602,20.48186854,523.6438755,896.8424827,79.22355841,11.71806511,75.66456402,1.844560071,0.133333333,0.005528259,2
2375.231975,23.89302974,567.5148823,871.8817641,75.16255547,12.89803552,74.04585764,-0.034446708,0.066666667,0.007902,3
2950.281209,26.95128956,795.1388316,904.965043,72.79653645,13.00599948,88.57544923,0.259310505,1,0.006362851,2
8921.501816,9.575227854,854.2541269,923.8128182,89.82396472,18.12742461,309.150917,-1.039683305,2.666666667,0.012586253,2
2194.486485,34.27896611,752.2472783,856.8679984,64.47123362,14.46785741,62.87030612,0.276790433,0.466666667,0.009468487,2
5805.426706,12.48732328,724.9424007,711.4497912,85.22345059,15.25939839,163.505143,2.47187719,1.933333333,0.014190218,2
1091.497939,47.38451407,517.2009945,565.8140388,49.4006374,8.260227399,45.82416934,2.465605889,0,0.008644376,3
1566.290222,24.6788334,386.5421544,890.3081863,74.77358209,10.03586512,67.30084604,0.205394258,0,0.005355658,2
732.0450427,43.0630462,315.2408949,725.2401135,51.41578322,9.901119394,37.05942894,0.461845386,0,0.008722404,2
3800.720866,16.77860589,637.707975,734.7770135,80.77301799,14.2202933,118.6176503,6.599837414,0.6,0.013387432,2
2271.193047,17.75370236,403.2208537,825.5913065,81.41514478,10.14386453,76.14495007,1.885294313,0,0.006238336,2
1345.951322,57.90870555,779.4229878,778.420535,41.01250996,11.14931298,49.82760732,-0.289877763,0,0.006354522,2
2190.181704,39.9664847,875.3386356,948.8153283,59.59282642,14.65415341,95.24451669,1.194780302,0.6,0.007748078,3
675.3224284,46.73225758,315.5934168,718.1681931,47.44902076,9.596647359,38.25918117,0.940296509,0,0.008836316,2
2813.087971,24.47145588,688.4035817,882.8770366,75.28125272,12.90986337,73.94782948,-0.009994206,0.266666667,0.005591469,2
3581.811898,67.86973865,2430.966374,725.9280915,28.15220182,22.65426045,79.07271989,-0.58603712,1.8,0.017317301,1
3355.537032,66.72451278,2238.965735,725.7984761,28.84293931,22.28300922,70.23815138,-0.067992756,2.4,0.017316813,2
1104.576481,54.59039194,602.9926302,699.0910616,42.09215606,10.45318071,42.7767102,0.617538669,0.133333333,0.008495536,2
2156.00757,28.12097082,606.2902596,862.6601741,71.34095155,11.75761964,74.22578773,0.348716787,0,0.006096209,2
2115.463152,25.81530028,546.113165,834.0137209,73.25251696,11.89011981,74.85426854,0.075887492,0,0.007664342,2
1624.53581,26.75595868,434.66013,769.3150408,72.37917084,9.606750368,57.18661443,-0.440369898,0,0.005858695,1
2862.81178,66.53979741,1904.909158,677.1470117,29.43743121,19.27226598,75.96714267,0.605449209,1.2,0.017104248,2
6504.317784,15.66808241,1019.101871,833.0041078,83.90409554,15.30540826,157.3024782,0.287392171,1.733333333,0.008740686,2
9629.093061,5.802345827,558.7132794,1134.965697,94.09254396,18.3710269,289.3592769,-0.69670874,2.4,0.007544926,2
2242.420474,54.68620727,1226.294708,701.3006502,39.11242828,17.26353661,68.16151528,3.59108192,1.8,0.015957511,2
2905.701264,22.27474752,647.2376203,740.0421877,76.65423587,12.04614041,87.05619097,0.238662621,0.2,0.008523879,2
1730.498094,33.98285696,588.0726919,937.5726822,65.59552674,12.4859932,75.63332056,0.060237002,0,0.006365608,2
2429.484598,31.63985916,768.6855049,799.2695497,67.27710675,13.77958266,103.3529354,0.400684714,0.6,0.009147631,1
692.6724468,30.49315671,211.2176947,875.0028231,67.60504474,8.51882721,49.83257858,0.247111965,0,0.005792807,1
4428.244878,23.86936481,1056.993925,1081.677222,76.08692508,18.00830312,140.7593675,-0.190502514,0.6,0.00650142,3
2153.503373,25.84950281,556.6699149,830.9661426,73.00179861,12.61147778,61.76153992,-0.054715104,0.266666667,0.008312204,3
2175.558948,71.96169726,1565.569144,818.4046729,26.16875744,20.56295446,55.76481528,-0.051574968,0.533333333,0.013898327,2
1869.917824,39.93628926,746.7757909,820.8677374,59.13424372,12.96600343,75.22046264,-0.317434991,0,0.00752367,1
2195.063822,26.43591778,580.2852671,806.2039755,70.88793727,14.31666506,109.0109516,0.710928869,0.733333333,0.011698147,3
4805.267658,61.40415213,2950.633863,769.7955626,35.66549437,26.08196236,93.48197478,-0.672886871,4.066666667,0.018753414,1
4000.645102,76.46466086,3059.07971,783.0719738,20.60889978,26.12038962,78.93643965,-0.648985233,3.866666667,0.018190465,1
5217.154986,13.75622642,717.6836526,808.7195622,85.791915,14.15382298,130.8386978,0.770454916,1.333333333,0.008596877,2
4305.366067,34.68159694,1493.169706,628.8077964,61.35613555,16.61958251,99.25282644,0.080950561,2.4,0.016843217,2
1765.792792,19.17413939,338.5755713,650.2218395,78.30693442,9.095583978,103.5811999,4.463537557,0,0.009290117,2
5979.855269,12.35307115,738.6957762,964.4540512,87.53219907,15.811277,180.3800922,-0.791614054,1,0.005858706,3
3763.119739,60.27434494,2268.195772,919.2530241,39.03800316,22.67636707,84.18749862,-0.281120001,1.4,0.012571586,1
5341.149632,33.65384891,1797.502427,1047.495985,66.28851015,21.92659263,110.6255378,-0.202484363,2.533333333,0.008708786,1
3627.947917,27.12036348,983.9126619,989.7521973,72.56357543,18.12747028,147.7982485,0.434980005,1.4,0.009374574,2
2027.983974,34.32791631,696.1646414,961.949022,65.53848519,13.61711037,71.55572813,0.375937256,0.533333333,0.006301559,1
1952.34852,63.08571854,1231.653092,819.2972901,34.92280332,18.9087738,55.6985255,-0.221910707,0,0.013101764,2
2043.999785,40.80603031,834.0751718,971.3949318,58.96323909,14.43227331,72.63819962,0.40591085,0.933333333,0.00691852,1
3222.705884,45.60062989,1469.574182,803.5647861,52.23928163,18.47821822,97.85250707,-0.052721736,2.733333333,0.013116363,2
4337.838218,24.6253105,1068.20613,935.6483963,75.25822563,16.11515899,121.1756355,-0.423753091,0.733333333,0.006575297,2
1848.812316,54.23217167,1002.651069,815.5591074,43.66791029,17.32521574,52.89366773,-0.064435744,0.066666667,0.012196841,2
9582.35566,8.220023362,787.6718739,837.1854984,90.88264349,17.85901538,270.6957386,-0.456851294,2.133333333,0.01463923,1
1720.007581,38.52298732,662.5983025,784.6869036,60.03017239,11.94168297,64.06472267,-0.185120606,0,0.007805119,1
2746.319165,23.70036196,650.8875827,851.1628895,74.46276522,13.63380649,198.660289,-0.314531288,1.266666667,0.012513158,1
1665.094798,26.94601787,448.6767419,774.0079268,72.172448,9.707637172,57.2230629,-0.455896663,0,0.00587796,1
1815.139126,22.30462753,404.8600212,747.114854,76.63814791,9.213055496,86.13505741,-0.828948863,0,0.006511933,2
6589.110566,8.310253244,547.5717745,1174.136618,91.61322217,17.33267099,271.9663629,-0.957450183,2.133333333,0.006803157,3
1161.971766,46.93686249,545.3930901,778.1241407,48.90663552,12.72438842,53.14227462,0.269290428,0,0.010167172,2
1532.898717,55.67008521,853.3660221,778.632575,43.24601321,11.86423641,50.61044699,0.070255847,0,0.006434897,2
3286.217953,18.97104973,623.4300421,1073.082178,80.98684175,13.69587637,122.58923,1.244621433,0.2,0.004784374,3
6271.498555,10.15310531,636.7518527,1205.332506,89.83816362,17.75052017,193.6393229,-0.943338878,1.6,0.005193978,3
4575.333045,21.88616584,1001.364978,935.3798167,77.54075996,16.62386424,138.4569275,1.093592085,1.266666667,0.009599782,2
3641.37873,31.2805861,1139.044609,749.0445999,65.58559183,16.78228187,119.332393,-0.941209888,1.933333333,0.014783056,2
2558.722153,36.65378548,937.868529,921.4016704,63.02749251,14.28404189,156.9382312,-0.468001962,0.466666667,0.006803124,2
718.883551,33.25629878,239.0740616,872.7107975,64.78381634,8.591957326,48.7011381,0.19706994,0,0.00581928,1
1012.719618,54.06799424,547.5571848,785.234992,41.32116663,12.88122256,47.75065382,-0.445457783,0,0.010168664,2
3069.417053,51.51158297,1581.105312,913.114213,47.50876765,20.76749863,84.68466161,0.197170031,1.533333333,0.012414231,1
3938.801643,51.02834785,2009.905403,1001.565949,48.7672452,22.67071517,98.84118886,1.240684977,2.4,0.011317421,1
1897.495686,41.32441136,784.1289227,807.0425808,57.42990889,12.78511046,71.32173971,0.434877247,0,0.007946328,1
2642.687833,24.78015145,654.8620474,719.1282035,72.08796875,14.09812171,62.93820483,14.36526751,0.666666667,0.012050129,2
1421.002693,59.94632596,851.8389062,791.9953185,38.77905974,12.06499181,48.8861527,-0.007684157,0.266666667,0.007056508,2
3685.784265,23.3716241,861.4276436,900.3754107,76.42825624,14.49175219,99.31018726,-0.298345935,0.4,0.006283488,2
4476.851222,36.2039028,1620.794865,878.3518073,63.22537451,18.04999049,117.4001736,0.369575213,2.666666667,0.009917483,3
2421.345022,41.56249915,1006.371504,804.4989297,57.13171124,13.89248183,64.08436758,0.206190846,0.466666667,0.008616059,2
5384.266902,40.81221913,2197.438807,1040.025844,59.13059306,23.60661794,108.526973,0.101823595,3.4,0.00915526,2
1130.829069,50.72343663,573.5953663,720.838613,41.81585614,12.50824743,69.23359768,-0.279233143,0.066666667,0.012375237,2
1823.40986,26.12477208,476.3616701,766.6266356,72.15693522,10.90849867,57.28816211,0.449317462,0.2,0.007707028,2
4717.795951,16.9240536,798.4423153,709.7428533,79.35375136,17.54942144,151.7970027,2.06575467,1.466666667,0.020683033,2
2559.272386,13.97567452,357.6755788,732.0179474,84.80352668,9.845051876,73.99280244,4.960510091,0,0.007785528,2
1594.581179,22.20494059,354.0758035,718.4240926,75.66235399,9.435942577,57.53348087,-0.348969258,0.133333333,0.007647229,2
2729.949841,22.69847543,619.6569938,926.8727026,77.21305684,12.44940726,82.97993409,-0.436766958,0,0.004766574,1
1935.3652,54.19368159,1048.845654,632.7026946,42.29621039,12.85886997,63.57559753,0.705629787,0.533333333,0.011102544,1
1581.796809,35.22108902,557.1260623,733.1465893,62.43201191,10.98252059,73.37657781,1.856863662,0,0.009183195,2
2558.423153,68.0148604,1740.107936,828.4788803,30.52242238,18.57693573,61.85864056,-0.18798254,0.266666667,0.011309453,3
984.1812269,51.37711357,505.6439067,684.2303723,45.98043677,9.190156312,46.50705956,2.040288575,0,0.007041574,2
1056.542618,36.53066425,385.9620365,745.309696,59.1361651,10.83928615,46.99285523,-0.097885762,0,0.009189832,2
2022.296421,41.89220747,847.1846125,964.457937,57.87387617,14.36431456,70.48654428,0.530628279,0.933333333,0.006929301,1
2251.581921,26.79782677,603.3750229,886.412437,72.426593,13.35378784,72.69970347,-0.069587893,0.333333333,0.007947635,2
2512.237294,25.24274373,634.157622,905.0704909,74.69084056,11.92798367,65.19906321,-0.457102737,0,0.004043874,2
1723.571726,29.83917217,514.2995346,759.4994637,68.79400994,10.46005172,65.62525742,0.354563174,0.2,0.007128778,1
488.1831361,39.86497683,194.6140941,579.1049882,55.67127354,5.69278195,28.71601333,1.106874191,0,0.006772584,2
1340.479127,49.99723051,670.2024393,620.3081191,45.57728396,10.92452987,48.06800281,6.848839096,0.6,0.010286703,2
3764.41784,27.84782485,1048.308487,1109.416096,72.1368958,17.59565776,89.20032536,-0.152010098,1.2,0.006428048,1
3332.229284,49.44013095,1647.458522,900.9860529,50.16216556,18.00705023,79.8503487,2.468177518,1.2,0.009128664,1
4958.171521,14.51056537,719.4587197,830.8593056,84.69078668,14.96705906,115.2773879,6.002954815,1.133333333,0.010686378,3
3804.776269,57.15791262,2174.730695,894.5752281,41.89218904,22.49971436,94.26552747,-0.324784396,1.666666667,0.012943672,1
1114.365612,67.12271211,747.9924215,780.0949718,31.3267922,11.21110175,43.17019756,0.097261684,0,0.006676876,2
4212.049973,26.78121026,1128.037959,934.4274855,73.08009448,16.1607737,126.8315981,-0.590322526,1.066666667,0.006755229,2
6710.476995,13.76100479,923.4290606,804.706915,84.13151596,18.72336824,335.0911669,-0.536488213,3.4,0.0193708,2
6612.66325,12.60929638,833.8103077,1149.523318,87.38303679,18.69611846,157.3226461,0.365539985,1.333333333,0.005602933,3
3642.370163,27.89898035,1016.184136,1100.800186,72.0876864,17.27512561,98.28804926,0.013085138,0.8,0.006361263,1
3912.353638,22.82374199,892.9455002,905.6025976,76.45114882,15.22081731,340.7890469,-0.97319982,1.333333333,0.015187686,2
2156.345398,23.31681599,502.7910886,947.5322761,76.54092988,11.23695508,76.21139256,-0.412412614,0,0.004507549,3
1309.991462,55.98509249,733.3999318,772.559826,42.71661527,11.04563249,45.12053728,-0.057431864,0,0.006387882,2
6051.796464,10.1903248,616.6977158,1155.038229,89.77839374,16.22351251,281.4745754,0.018264834,1.733333333,0.005424335,3
4422.047516,21.83862184,965.7142344,1094.066358,78.12436944,17.35218436,145.8509064,-0.250465368,0.933333333,0.005948962,3
3732.53745,69.89013435,2608.675438,728.9726212,26.60690713,23.04048384,76.22330947,-0.664116167,2.133333333,0.016793222,2
2485.581587,26.38400568,655.7959871,938.5785189,73.53447197,12.26960827,76.96108331,-0.309229478,0,0.004618614,1
5849.061035,13.10886583,766.7455633,986.4985576,86.5666518,16.79222228,164.1037378,1.085403607,1.466666667,0.008821092,3
5436.932028,19.73513022,1072.985616,1105.760762,80.2565561,19.49109901,119.3151366,-0.101000531,0.666666667,0.006181158,3
2825.424772,29.71269048,839.5097171,907.9407524,69.6985483,14.44947581,114.0538371,-0.705381314,0.333333333,0.007663739,3
1038.112105,45.54951325,472.8550107,899.6104757,53.54520702,10.24994983,80.00366719,0.255779423,0,0.006007638,3
1912.85398,31.17986944,596.4253735,946.8729034,68.491237,12.47693791,79.91759994,-0.20178419,0,0.006036668,2
2117.438123,19.37736701,410.3037562,919.7605331,80.41631669,10.81155846,64.37442571,-0.274603175,0,0.005054963,2
6371.776684,14.65809648,933.981174,917.8170864,85.27387395,16.75508136,155.8861315,0.273005419,1.533333333,0.007479101,2
2578.737054,34.46760059,888.8287881,798.2757487,64.13840588,14.27080062,63.70593096,0.034866043,0.6,0.009251046,2
536.754045,44.32319933,237.9065653,769.1333329,52.48602808,7.579351025,58.97543834,0.245646947,0,0.006144381,2
2926.11453,26.61234082,778.7075716,861.5798791,71.96003799,15.54797013,70.53270701,2.309450936,0.8,0.010365955,2
1100.606067,21.01772346,231.3223394,847.6112345,77.87957739,8.281418606,57.04471379,0.225847452,0,0.005391879,2
2094.076463,28.87596606,604.6848087,958.6347945,70.95716923,12.61302879,79.27849616,-0.126868258,0,0.005743426,2
2343.706955,51.12936023,1198.322372,836.0394511,48.44715579,14.5066362,66.90662946,0.090638123,0.2,0.00729114,1
1447.06734,28.04682469,405.85644,722.2257542,69.95918741,9.543731471,50.62351793,-0.22518861,0,0.007234607,2
3295.16132,53.79980374,1772.790323,815.9107742,44.43246421,20.71595744,68.34875182,-0.399508584,0.666666667,0.013500977,2
2551.253828,26.51051473,676.3505219,781.2260969,72.12519974,12.31204243,69.7174333,0.157310391,0.133333333,0.008171735,2
3435.815644,51.12643754,1756.610139,956.9358026,48.28960193,22.39955918,76.11233234,-0.20153477,1.866666667,0.012640593,1
1988.225574,39.7054012,789.4329409,661.9696505,55.06313157,13.83072964,101.8297274,1.401668098,1.133333333,0.018748506,2
2646.094386,27.83736689,736.6030025,669.7220657,67.58470054,14.30987162,166.3425671,1.271172779,1.266666667,0.020482451,2
781.6211431,34.99455697,273.5248562,729.75036,59.45234896,9.706210353,42.55862224,-0.062012961,0,0.008880051,2
2338.168858,52.36036171,1224.273672,703.9532065,42.05868674,17.23786432,71.41517301,2.899213941,1.8,0.015642734,2
2419.126808,59.89543127,1448.946434,799.7241731,37.66858262,19.65306301,70.63448455,-0.151917764,0.666666667,0.013662609,2
3658.917105,17.19597914,629.186622,811.3662073,82.21502558,13.52748564,124.3728926,0.245295344,1.2,0.008214114,2
651.9956089,47.75128948,311.3363106,720.6948473,45.98234334,9.639207852,36.55251485,0.949962431,0,0.008830346,2
1198.027253,44.14352465,528.8514556,772.8913112,48.60796967,14.21671692,61.67691334,0.359017128,0.066666667,0.012779274,1
5456.571729,14.0166957,764.8310549,625.7036677,82.06498575,17.03568396,195.3839683,0.483103671,1.533333333,0.023915881,1
9924.719476,6.833415449,678.1973139,1096.347027,92.9896283,18.66251182,304.0284733,-0.660096291,2.466666667,0.008898334,3
638.6453228,31.12834063,198.7996915,780.0751568,65.7079584,7.309326397,51.32388444,2.097893578,0,0.00607259,2
4491.039254,26.07221931,1170.913604,889.170856,73.2402489,17.82402655,110.0338308,1.170239184,2.066666667,0.010542791,3
3275.412221,33.97538639,1112.833958,915.4091824,65.46657528,16.65045206,96.14536267,0.86345098,1.533333333,0.009291541,3
1840.097516,33.70487,620.2024754,907.8381537,65.83822989,12.17811771,77.50876014,0.438532149,0.466666667,0.006716498,2
3768.526269,41.5181625,1564.62286,986.00462,58.28890771,20.46764671,91.59124772,0.716027745,1.066666667,0.010024693,1
885.8057878,45.40313974,402.1836397,734.5396038,50.06437728,10.56453602,43.64276879,0.421122836,0,0.009236485,2
2051.427656,37.38286453,766.8824216,787.8812602,61.49777454,12.36367062,67.40742436,-0.038042746,0,0.007693484,1
1270.659018,27.54485663,350.0012049,836.8537341,71.49576341,9.315367421,70.64380006,0.802712374,0.066666667,0.006188652,1
3779.852783,36.56507515,1382.106011,797.055822,62.50977015,16.57734644,130.9126719,0.268198605,2.333333333,0.011468367,2
2829.91091,25.98272873,735.2880751,860.8556108,72.17413514,15.23686982,70.02477437,2.761053083,0.733333333,0.010269293,2
2455.586422,50.01958223,1228.274069,842.180536,49.58065497,14.9971137,67.93147669,0.17591763,0.2,0.007493447,1
3427.811355,29.35303033,1006.166507,889.6954406,70.14705092,15.50884056,96.63979615,-0.536046162,0.133333333,0.008419614,2
968.6476577,34.1820961,331.1040733,836.4210011,63.95782581,9.345566099,46.48277479,-0.156576235,0,0.006316393,3
3669.477831,29.4489355,1080.622159,873.626722,70.04027226,15.7836983,93.78027889,-0.654757822,0.2,0.008733865,2
2120.62591,20.31889994,430.8878568,918.9684714,79.47303645,10.65814021,60.83217956,-0.399032289,0,0.00502581,2
1234.909091,72.8290894,899.3730456,796.16461,24.91801413,12.95189371,42.46893097,0.284855733,0.4,0.008489439,2
2308.743635,47.29918584,1092.016942,831.2166467,52.31451588,14.34972606,66.22496405,0.089738775,0.2,0.007272072,1
3611.584031,72.16714047,2606.376921,734.6390072,24.66205998,22.74524564,77.26102597,-0.539034355,1.666666667,0.016144906,1
6309.495375,26.85058075,1694.136151,760.5963931,71.01370793,20.96219877,169.3394438,0.581111982,3.2,0.016311019,3
3164.86431,71.96421554,2277.569774,713.7984778,23.24055536,22.20940881,72.31920095,-0.401528755,1.266666667,0.017304254,1
1221.354892,40.16736174,490.5860377,782.1322814,55.91788515,12.81036026,54.27592162,0.332153306,0,0.009947984,2
1753.432067,37.78248083,662.4901343,830.3109061,56.88858614,16.60237054,98.21904553,1.458052951,1.333333333,0.01376466,2
2848.572925,40.47260289,1152.891608,826.7895703,58.55166206,15.53272917,105.0101926,-0.255007823,1.533333333,0.009562014,2
3833.675011,49.83517227,1910.518546,994.1314546,49.95744671,21.7799613,107.3527663,1.005533821,1.733333333,0.010662317,1
1884.282155,67.56724181,1273.15748,816.8475883,29.77559845,19.68592795,56.06205894,-0.401593648,0,0.0140031,2
4455.382965,20.26581776,902.9197922,953.7128845,79.62892289,15.75407893,117.0407734,-0.025719561,0.4,0.006481727,2
3006.42215,23.31808361,701.0400305,868.3957648,76.3794819,12.37956302,97.73577396,0.999241893,0.133333333,0.005808705,2
3881.934353,28.71461117,1114.682355,1076.217132,71.26274481,17.43182221,91.01534179,-0.365595914,0.4,0.006527838,1
1876.495759,33.05417715,620.2602323,945.6948531,66.58808213,12.56920718,79.31878164,-0.139045806,0,0.006102009,2
5182.755534,29.4174069,1524.632284,620.818905,66.592397,18.72265051,173.3123104,0.664934632,2.133333333,0.02396605,1
4515.391748,25.37577661,1145.815723,855.0331391,71.29131259,20.99824021,222.4878011,0.295767351,4.2,0.017621528,3
1740.946423,23.02313482,400.820442,766.978423,75.60279018,9.544299144,61.7058176,0.191073818,0,0.006901052,1
1893.247481,35.78397236,677.4791551,767.1546132,63.04285213,13.34828281,77.56778823,0.619766825,0.6,0.008867377,1
1024.285759,50.92019879,521.5683446,782.1398765,44.07107677,12.62791943,47.07125935,-0.404446071,0,0.010113097,2
2016.679397,61.65643614,1243.412644,819.4194155,36.54618732,18.80726113,54.75855901,-0.271349512,0.266666667,0.012822367,2
629.0894963,43.89294787,276.1259247,713.6768082,49.07024702,9.360467284,35.19269836,0.67226841,0,0.008839387,2
4753.467735,39.72172038,1888.159162,1017.62569,60.20015153,21.7732322,92.91989712,-0.39467161,2.266666667,0.008980788,2
5425.640418,45.33746513,2459.847833,1020.712259,54.60063158,23.73726383,102.794415,0.00204432,3.333333333,0.009796464,2
1484.146636,57.97683882,860.461303,792.0398783,41.0224342,12.1053811,51.15295072,-0.074294501,0.266666667,0.006864271,2
2058.942275,23.95336005,493.1858564,848.502678,75.56389262,10.69573547,67.85464787,1.119370322,0,0.005787247,2
2347.310136,27.5239866,646.0733273,776.8711273,71.00727096,12.02152531,63.82478002,0.109275673,0.133333333,0.008093926,2
1213.790566,37.97205952,460.9012762,896.2561241,61.24189733,10.37885366,81.64967992,0.036715773,0,0.006160261,3
1083.875972,53.9475817,584.7248756,895.3483546,45.21515883,10.9238553,98.17972006,-1.296430266,0.2,0.006283331,3
3379.5964,69.30298717,2342.16126,724.4905064,26.94182337,22.35928104,73.80292775,-0.394151939,2.466666667,0.016801093,2
4433.822146,13.15577793,583.3037953,926.4862393,86.33323799,13.91228325,372.0794027,-0.876219821,1.133333333,0.009064791,2
4564.217916,13.53615977,617.8198295,954.1367763,85.69697326,15.87878308,320.5133923,0.433845667,0.733333333,0.009928633,2
2911.750224,44.77913069,1303.856438,806.336928,54.31167253,16.13711882,79.83630506,0.371560769,0.466666667,0.009725337,2
2002.070529,27.59455869,552.4625273,828.7463309,71.16504569,11.86439962,67.17278668,0.634146862,0,0.00747427,2
2001.082157,43.37109532,867.8912498,741.691252,53.48144586,14.11767363,85.87520506,6.452923373,0.866666667,0.012601299,2
4403.248087,24.22167362,1066.54038,875.5465852,74.9780679,16.80396299,117.1434752,0.13748256,1.933333333,0.010233794,2
3040.747979,23.03516174,700.441215,878.6004952,76.65992003,13.03139822,82.72399552,0.412021532,0.266666667,0.005998866,2
1930.782131,23.77882324,459.11727,724.4183472,75.08939197,9.389836722,66.80249277,-0.261168968,0,0.006653877,2
4357.783229,45.42719415,1979.618648,1087.162746,54.53724972,22.05167312,95.75275196,-0.267419178,1.666666667,0.008420992,2
2047.892075,25.37152646,519.5814796,763.1465754,73.47715422,10.72519183,82.02619084,-0.071112587,0,0.007470737,2
2056.089833,34.5535812,710.4526701,859.4912245,63.91379802,14.15081518,63.17544141,0.028938664,0.466666667,0.009246041,2
912.0211441,31.42548965,286.6071103,878.3194782,67.40995342,9.10576516,46.14857168,-0.107429619,0,0.005817397,1
1939.556888,37.77461132,732.6600757,779.1744546,61.08585593,12.10721514,68.40103944,-0.274305203,0,0.007736009,1
5631.477827,9.647048784,543.2714132,1210.663993,90.29647975,16.83517302,296.9505734,-0.940404378,2.266666667,0.006379577,1
3921.604543,30.80234398,1207.946121,1072.957147,69.1779259,18.10227522,88.30400352,-0.049099031,1.133333333,0.006839915,1
2689.708035,60.59984601,1629.958928,837.1506508,38.42775829,19.24791698,70.96215292,0.644590325,0.2,0.011781643,3
670.6209326,49.13169866,329.4874557,722.224173,45.28590681,9.741114471,36.90973646,0.836513395,0,0.008742219,2
3440.559708,49.03824624,1687.190142,953.8700479,50.43814044,22.01913598,76.32354569,-0.186450731,1.8,0.01243566,1
1238.274259,47.52175157,588.4496169,573.8346299,49.44487211,8.8647846,52.83293695,1.859396752,0.133333333,0.008689571,3
4547.530208,43.15622792,1962.542501,1018.401013,56.75847631,22.17234395,93.33288671,-0.443392432,2.4,0.009194619,2
2361.386815,22.21984419,524.6964711,941.9619191,77.67518441,11.89797296,79.12165738,-0.412077798,0.133333333,0.00457017,3
1026.491307,46.2229153,474.4742075,902.0792193,52.84582019,10.188275,79.88457857,0.308359551,0,0.006003567,3
1474.566266,60.62980887,894.0267084,793.2677314,38.29199385,12.20140912,48.99065024,0.023365448,0.266666667,0.007008396,2
570.5608371,34.60603621,197.4484899,582.2680593,62.019846,5.556907972,31.28316727,0.872823704,0,0.006092803,2
1687.951904,45.35629749,765.5924872,681.5148773,49.69995214,12.55402654,75.21774126,4.263185244,0.866666667,0.011506506,2
2671.280289,21.59066178,576.7470924,928.0799432,78.22096749,12.30115904,81.9810255,-0.569857665,0.133333333,0.005277884,3
2594.357938,17.0174809,441.4943666,849.6453607,82.49579601,11.06975936,119.0742179,-0.639842883,0,0.006375149,2
2345.520599,54.95591934,1289.002408,707.1703608,39.16336552,17.48154391,72.74460706,2.764037306,1.8,0.01580733,2
4711.294572,42.57548401,2005.856467,1018.70966,57.33867109,22.17927407,93.23507095,-0.44323104,2.4,0.009208448,2
1714.480842,15.1106794,259.0697035,637.7067594,82.62386192,8.317374283,101.5087814,6.217558729,0,0.008921705,2
3422.909995,67.92978998,2325.175571,724.5395158,28.74502218,21.96324792,72.42362967,-0.494403309,2.266666667,0.016326288,2
4891.30788,29.89724281,1462.366194,658.5604733,66.58417041,18.65305369,171.3577304,-0.081581009,2.066666667,0.021896893,1
2530.638612,26.08164911,660.032283,886.9343994,73.72846542,12.30582892,68.63449223,-0.520660778,0,0.004911377,2
2771.042799,23.41089723,648.725982,869.3842083,76.37289286,12.89657558,73.92615301,-0.418650305,0.133333333,0.005455065,2
2239.379307,56.31677086,1261.146113,807.2744606,43.09362271,14.17578237,68.64266118,-0.227395599,0,0.007258047,1
2945.412094,25.75972746,758.7301281,881.6692894,73.61775479,14.07390632,95.03624811,-0.375145559,0.2,0.007718864,3
5100.868952,14.37801095,733.4034965,898.6732695,85.41659893,14.83360227,100.4640381,-0.070996504,0.333333333,0.007260278,3
3711.720117,43.94698011,1631.188902,756.5998793,54.56267974,17.6930874,101.2036804,0.134479094,2.6,0.012451377,2
2693.694982,36.20958566,975.3757919,796.8296955,62.91863603,13.39699013,66.42926005,0.54662156,0,0.007985802,2
3090.268119,48.01447175,1483.775913,777.6876826,51.12097466,15.61694867,95.88375733,0.588065617,0.6,0.008752734,1
2774.203868,24.66870739,684.3602345,907.8592636,75.27019323,12.2892922,70.68919696,-0.320498065,0.133333333,0.00433581,2
3419.326866,59.64525972,2039.46639,859.4720564,39.20447944,22.26378775,90.65774497,0.035230667,1.333333333,0.0137203,1
2736.441108,30.70258329,840.1581105,803.8187871,68.29361449,14.07763733,72.8955057,-0.282112349,0.533333333,0.008570435,2
2970.092058,40.95639481,1216.442629,786.249625,58.29665291,14.05600249,71.20287921,0.328292807,0.2,0.007891735,2
1821.331936,34.69757227,631.9579648,772.6193363,61.72159499,14.63356262,108.205148,1.096575328,0.533333333,0.014044847,2
1117.345184,53.1438896,593.8006913,699.2188667,43.39316977,10.49731819,42.88810707,0.584612988,0.133333333,0.008484432,2
2944.237859,31.42325529,925.175379,876.8991476,67.09227088,15.99406554,132.5487958,-0.070020593,0.933333333,0.011919852,2
6668.682673,16.85354842,1123.909663,787.3443841,81.23537495,18.11780578,264.0607731,-0.110538229,2.466666667,0.017640471,2
3237.203968,33.64673326,1089.213384,948.8000397,66.1668006,15.87459588,120.8525428,-0.265121545,0.4,0.007446448,2
1915.306469,61.68532023,1181.462929,829.1295777,37.62488522,13.89759524,58.23218967,-0.438865435,0,0.007267794,1
2747.764606,21.2403483,583.6347729,902.0022862,78.65169898,12.04269997,67.56055839,-0.279211755,0,0.004238114,2
2195.586624,35.21603989,773.1986614,970.51977,64.5649225,14.01733205,76.73770068,0.476106113,0.866666667,0.006798755,1
4457.817495,44.57826815,1987.217837,958.3338077,55.0946487,21.06901329,132.4463831,-0.644829933,1.533333333,0.009514017,2
3753.462902,17.13890165,643.3023154,711.6500576,80.40387688,14.21771584,226.0411435,0.478526163,1.333333333,0.019771105,2
2227.093581,61.81336832,1376.641558,804.6882909,35.75514404,18.68286348,68.4658624,0.143991975,0.6,0.012878942,2
4054.265468,51.72746398,2097.168709,1004.998971,48.04956476,23.30154555,98.57037391,1.402036691,2.666666667,0.011799015,1
2332.044218,25.58528838,596.6602384,887.1020953,74.18271092,11.81378801,67.48592289,-0.506847555,0,0.004874212,2
2867.537382,33.06636287,948.1903162,771.9168975,66.09706983,13.65693137,98.49595831,0.458969169,0.8,0.008452179,2
3071.976762,41.05932463,1261.332911,921.3743355,58.19603387,18.25996311,99.4765797,0.052828298,1.2,0.010972393,2
733.4521208,40.97114415,300.5037257,729.4572612,53.27922211,10.12739924,37.2271277,0.405271823,0,0.009127426,2
3735.751578,72.78717072,2719.147879,761.3382866,24.28126942,23.29667966,81.61773709,-0.63356281,1.933333333,0.016121407,1
1026.417483,47.7621043,490.238589,564.5191356,48.92341726,8.289915572,45.55931096,2.672129777,0,0.009009808,3
3102.145853,51.29164674,1591.141692,1014.899856,48.56901639,19.78459161,72.85919619,-0.31480765,0.8,0.009210941,1
2088.515503,31.9054413,666.3500876,766.5864338,62.62951807,15.36714776,124.6090755,-0.085431945,1.2,0.015384711,3
4200.789307,50.6328272,2126.978391,1026.457806,49.23464777,22.27081455,91.66683308,-0.458857545,2.933333333,0.00987171,2
2513.170305,26.09630728,655.8446451,842.1667936,72.92647197,13.10447257,71.88705337,-0.129124678,0.066666667,0.007886128,3
2008.574477,71.28161095,1431.744245,815.7444036,26.70732426,19.80194957,55.74701678,-0.118540096,0.333333333,0.01339374,2
1777.286988,39.82708262,707.8415569,817.1159533,59.18731858,12.66400132,70.78429945,-0.296240287,0,0.007535622,1
6305.72648,28.44941834,1793.942506,978.7061313,71.19567128,21.9527691,266.5370538,5.726005191,3.733333333,0.011309982,3
3532.990238,23.79143512,840.5490802,809.1142915,75.85807977,13.69770475,116.4052597,-0.839156054,0.133333333,0.007587617,1
2367.839397,23.68793384,560.8922297,868.4457282,75.37450533,12.88292739,75.2275758,-0.154584203,0.066666667,0.007947969,3
1726.360087,22.24109866,383.9614502,714.7749703,76.09915719,9.679925413,64.52896091,-0.271883447,0,0.007708643,2
6696.941892,14.51190224,971.8536604,1006.225182,85.42981437,17.1063247,177.5823013,-0.349352179,1.733333333,0.006575976,3
4712.894976,15.6053864,735.4654719,1110.194439,84.09166141,14.85499297,352.987495,-1.180476858,1.266666667,0.010820484,2
1666.287085,36.16748349,602.6541064,723.6736748,59.88816454,12.52492434,76.83845399,1.090617603,0,0.011280527,2
5275.659264,17.46247569,921.2607165,1124.224952,82.53072296,18.48501542,116.7672264,-0.129126725,0.266666667,0.005496888,3
2083.498662,23.03119582,479.8546568,893.1985976,76.52990909,10.89041383,71.84447614,0.423593159,0,0.005657332,2
1496.781625,38.85577972,581.5861711,852.4077369,60.43518206,10.8814745,57.977261,2.587653217,0.4,0.006515736,1
8737.482852,5.283305592,461.6279201,1202.023773,94.70351941,16.97858367,228.9999103,-1.09455067,2.266666667,0.004745074,3
5465.311481,10.72636484,586.2292491,832.1835655,88.84140165,13.29492138,359.6105345,0.124918687,0.6,0.015235107,2
3795.650157,15.39221142,584.2344968,712.8713344,82.46562503,14.34758061,226.0111949,0.459607209,1.333333333,0.019769646,2
6210.054441,12.71074734,789.3443296,1146.612883,87.23289548,18.39753361,270.9142991,0.50605705,2.533333333,0.007283434,3
1312.653029,57.14485493,750.1136692,773.5834724,41.69646149,10.99779021,44.83833137,-0.026660465,0,0.006212117,2
2425.984787,32.3794856,785.5213947,762.2698482,66.66061613,12.03429841,70.9735889,-0.466299539,0.2,0.007353366,1
3024.607819,22.77108669,688.7360684,871.9642838,76.57339467,13.94943597,92.74732869,-0.438829863,0.533333333,0.008361349,2
2045.738003,21.80417938,446.0563838,733.6271308,76.93305945,10.19747314,62.9482243,-0.274710729,0,0.007350735,2
2652.435683,27.87439766,739.3504699,662.3407212,67.72982672,14.32977481,155.0022582,1.208262978,1.266666667,0.020527393,2
2124.227643,42.23455562,897.1581056,828.8115665,56.99613386,13.80272609,80.98166833,-0.136640133,0,0.00785341,1
633.916408,40.88702134,259.189537,871.8522749,56.73819553,8.641031654,51.08163983,0.462062802,0,0.005947142,1
4149.916501,9.918403451,411.6054615,662.0124178,89.30299693,10.56392117,204.1403109,14.1419743,0.6,0.007915135,2
3616.671397,46.63105661,1686.492086,996.7854145,53.12714277,21.71065802,79.25704779,-0.034299298,1.866666667,0.010993612,1
8520.707801,7.688065079,655.0775609,856.5155623,91.73151823,16.10116019,233.6934628,0.382837184,1.466666667,0.011405994,1
2590.325205,53.02997302,1373.648757,804.5804814,44.62449188,18.54061261,68.99716271,-0.182336234,0.266666667,0.012910869,2
3304.879813,48.8301161,1613.77665,990.7836376,50.83061063,20.88427487,96.92280608,0.855083236,0.933333333,0.010817977,1
5146.092439,48.28090332,2484.579915,1030.329076,51.66272191,23.7606555,106.3645931,0.248809565,3.466666667,0.009430472,2
3460.119431,35.99543684,1245.485104,638.8271779,61.35680723,14.84225387,94.83444635,0.547329771,1.666666667,0.01470547,2
2655.174948,26.21682596,696.102595,761.4487263,73.08691213,13.2694601,90.72200874,0.809353198,0.666666667,0.008406038,2
6305.529101,22.40199389,1412.564244,1089.144225,77.57979377,20.19837648,153.0733418,0.674664776,2.666666667,0.007282377,1
6880.379041,17.19400979,1183.013046,1136.503227,82.73919276,20.77857633,279.1074039,0.367990656,3.533333333,0.008519415,3
1500.82119,24.03723209,360.7558727,717.7688766,74.17912564,9.275011979,51.29922239,0.049542203,0,0.007359168,2
2822.758656,23.21267935,655.2379156,870.6914516,76.47705888,11.43698203,115.556087,2.22643793,0.6,0.00597474,2
4198.447397,17.74659649,745.0815183,739.0266326,79.64357376,15.51641877,128.6674548,4.193208107,0.933333333,0.015613291,2
4953.808014,20.33303629,1007.259581,1126.399917,79.65953335,18.79563632,113.6415034,0.147973556,0.4,0.005539219,3
1504.073451,59.92040956,901.2469717,783.7208227,39.07937682,12.00854609,52.67376418,-0.12770997,0,0.006346996,2
1859.292549,31.5790014,587.14602,907.6697618,67.95690021,12.16466279,77.34317363,0.458555169,0.466666667,0.006713515,2
1599.098044,24.57721687,393.0137941,731.2901524,73.84285766,9.160376075,73.99137895,1.637118015,0.066666667,0.007219705,1
2825.814225,48.73976395,1377.295183,813.2856148,50.55376219,15.99075395,79.35894823,0.587408045,0.4,0.009360512,2
4082.159431,16.9256145,690.9305687,771.1859444,81.96769517,13.94168756,161.7506469,0.091375284,0.6,0.01062373,2
3755.506988,17.73222852,665.9350813,713.0410521,79.80301194,14.30627575,225.9534767,0.460234081,1.333333333,0.019759871,2
12356.4628,6.316053142,780.440757,923.0093752,93.18991757,18.99509089,332.1977017,0.220938177,2,0.011785255,1
1778.104688,21.52966816,382.8200388,905.9049502,78.10209244,9.937054205,73.04286143,2.365384055,0,0.004770759,2
3224.120639,60.19479463,1940.752797,709.523075,35.23118497,21.07271221,74.93111125,0.745873703,1.4,0.017386726,2
1914.159335,18.18227863,348.0377835,650.5017761,79.36089593,9.083114451,103.6469717,4.422080507,0,0.009267822,2
1259.080372,21.57439146,271.6389282,827.2411587,76.8571176,8.667928341,62.67772442,1.278721045,0,0.006013266,2
1751.724976,38.07007083,666.8829392,785.8621827,60.56477918,11.88203688,64.68818903,-0.212363207,0,0.007777471,1
4141.165893,28.12205012,1164.580748,1009.072821,71.77186468,17.894046,152.1322099,-0.511264748,1.333333333,0.007358623,1
2978.680072,20.32091172,605.2949477,801.8441559,78.60874185,12.51338329,85.77674636,0.005779399,0.133333333,0.007999002,2
3559.364458,61.0589902,2173.311995,920.1803946,38.14685206,22.70742252,84.41402459,-0.317464446,1.4,0.012575332,1
1309.900813,29.50899598,386.5385783,740.1897072,68.88642651,9.200136916,50.59607996,-0.482635648,0,0.006526187,1
3617.152635,16.86916119,610.1833085,710.7075131,80.62995903,14.25534596,226.1026463,0.491025129,1.333333333,0.019777448,2
1541.588739,55.73863905,859.2605828,787.0921437,42.35537977,12.95053303,54.06475863,0.367422707,0.333333333,0.008279772,2
4345.839044,15.29965656,664.8984485,823.9549867,84.09031592,14.91020716,116.0375055,5.959739606,1.266666667,0.01049893,3
2268.447637,39.80918387,903.0504909,804.6559841,58.28307245,14.65135258,75.97787131,1.091053831,0.866666667,0.010194916,1
2337.83915,70.25074861,1642.349504,815.1455918,28.01718736,20.86448384,58.37889395,-0.162394445,0.533333333,0.014058157,2
2387.068911,58.73939043,1402.149728,808.1045823,39.32040462,18.96844268,64.1650882,-0.058355907,0.133333333,0.012946968,2
679.1023754,40.19926499,272.9941635,717.9916148,54.16744653,9.24148321,34.95650111,0.423758719,0,0.008206529,2
3199.144033,47.16653049,1508.925246,922.5127759,52.05370211,20.50401762,78.74217194,-0.002559109,1.666666667,0.012147667,1
2102.669096,29.22551144,614.5157972,773.2827584,69.1210359,11.72764552,57.757141,0.413118018,0.2,0.008198298,2
3417.990974,32.30559574,1104.202347,912.9936107,67.31107881,16.6086614,96.61373852,-0.196864819,0.733333333,0.009238155,2
3551.830022,66.79932995,2372.598656,723.7915299,30.11841912,22.08913471,74.16326791,-0.521314421,2.266666667,0.016335378,2
1058.476207,56.21190392,594.9896286,753.9877114,34.91280894,14.53812115,43.42210969,-0.086837088,0,0.013261046,1
1076.243797,46.46564821,500.0836566,731.2633169,49.59356185,11.16737088,67.21134239,-0.163481827,0,0.009741812,2
5129.35578,19.79426744,1015.318401,1121.264046,80.19819919,18.84229539,115.2339649,0.025490634,0.4,0.005582405,3
5409.297945,46.18064883,2498.048888,1013.254151,53.75112695,23.72052775,104.1739818,0.062418503,3.6,0.009657742,2
1572.021723,13.339835,209.7051041,644.5360982,84.831961,9.297608241,102.9475171,5.184866294,0.333333333,0.008166879,2
4055.608886,17.49341407,709.4644556,981.9636982,82.38757337,14.72302554,135.5434197,-0.423638016,0.466666667,0.005791246,3
3620.496151,67.10554923,2429.553827,733.8328126,30.51327864,21.23941986,81.11060886,-0.663897697,0.933333333,0.014697711,1
3318.639,48.65582227,1614.711094,909.1071124,50.97253681,18.08159614,80.76918199,2.665622356,1.2,0.009021857,1
1725.146024,35.35711024,609.9617815,788.5599971,63.24371844,11.71271826,65.45833582,-0.200983861,0,0.007676697,1
3736.305415,34.4257501,1286.251165,1013.685365,65.4356021,18.90683131,129.050547,-0.369910435,1.6,0.008783412,1
2597.326559,23.00823908,597.5991044,871.8621426,76.66625203,12.18433787,89.43203572,0.492092976,0,0.005687831,2
3823.44412,26.88908946,1028.08931,859.8584568,72.4667475,15.03845138,136.6473057,-0.412967201,0.533333333,0.008231188,2
2794.108141,48.06560784,1343.005062,909.8001086,51.46816397,16.92450625,76.96797535,-0.192375798,0.266666667,0.008786593,1
3956.223368,33.58644802,1328.754905,761.9258891,63.73720143,17.91840517,123.1723759,1.886725275,1.2,0.01437941,1
2105.015296,54.08652765,1138.52968,701.3547152,39.45368349,17.26286017,68.95139071,3.58303134,1.866666667,0.015877652,2
4471.18968,40.45906982,1809.001754,1004.186085,59.41772409,21.34159803,89.81941711,-0.292669144,2.266666667,0.009436529,2
882.1537413,44.08372826,388.8862582,738.8383942,50.74020723,10.11011596,53.97608279,-0.848261382,0,0.008930667,2
4757.942019,38.98629929,1854.945515,1135.731269,60.97769166,22.29989384,160.4797395,0.476233183,3,0.008264255,1
3016.717752,63.243386,1907.874453,696.9594721,32.76055863,19.81427006,70.04810534,-0.317984362,0.866666667,0.016078118,2
8800.021639,7.052496712,620.6212367,1172.057389,92.46563818,19.46892332,405.669845,-0.597278479,3.066666667,0.015688715,3
4378.571009,45.50808911,1992.603996,785.959611,51.52448411,21.52838512,159.4310945,-1.091347991,3.266666667,0.016290003,3
4259.229964,15.22009773,648.2589629,943.8181684,83.84698538,15.99934954,320.8301675,0.598262536,0.733333333,0.010156525,2
1119.05943,32.69642891,365.8924712,743.4558142,63.31098035,11.23542745,51.2391156,0.115994391,0.2,0.00916392,2
1304.853561,26.22977077,342.2600979,656.0522324,70.42938633,9.112064661,97.64373734,4.988152363,0,0.009522945,2
2127.98453,48.44982614,1031.004805,845.9896167,51.06865324,13.83652021,63.60565818,-0.554463856,0.133333333,0.006837805,1
2916.685834,49.87777398,1454.777968,1026.840006,50.00648982,18.65074924,72.48033775,-0.307638446,0.4,0.008434952,1
1310.219315,56.18927584,736.2027452,772.4230875,42.59064653,10.93978209,44.33901985,-0.00782235,0,0.006188968,2
6812.064657,16.82989147,1146.463088,621.7593877,80.78167265,17.29009266,156.8726927,-0.21946314,1.933333333,0.018939173,2
2358.48023,24.11310046,568.7027072,951.8249517,75.77628458,12.15192744,59.5903771,0.189467194,0.2,0.005481548,2
3380.951136,31.15192732,1053.23144,794.3821335,67.92700357,14.7533673,89.41539921,-0.544952904,0.8,0.008965594,1
4887.602704,62.05654539,3033.07739,775.848783,35.08087752,26.21922909,93.31860793,-0.747127649,4.333333333,0.018529638,1
2376.758953,30.09812537,715.3598896,979.1242794,69.78331504,13.48539611,77.74190617,0.207194687,0.066666667,0.006049249,2
4426.384265,39.08021757,1729.840601,1013.853598,60.82709391,21.36474207,91.72769753,-0.405672771,2.533333333,0.009023767,2
1888.575922,36.24700287,684.5521687,856.7309911,60.68168501,14.71479992,63.53522056,4.67968474,0.666666667,0.010360089,2
3845.28048,36.98782492,1422.285612,864.2390394,61.97957387,19.29157817,88.96822347,1.037314654,2.466666667,0.012543896,1
3148.690561,15.94847203,502.1680334,813.4670091,83.19306664,11.59683115,87.01449472,0.872569855,0,0.007218409,2
1373.981948,61.57913365,846.0861802,791.3351385,37.12935781,12.07800905,48.41627058,0.080002894,0.266666667,0.00707108,2
1809.70538,38.57959032,698.1769217,976.2085905,61.26582467,12.91989313,62.17234528,0.442401518,0.2,0.006080824,2
7180.964371,8.31355666,596.9935417,1109.344488,91.18871103,17.71787753,399.1547187,-0.777925869,2.2,0.015615138,3
8452.49789,10.43308608,881.8563807,901.213356,89.32404547,17.63612332,215.3234027,3.202420076,2.4,0.009033434,2
4030.220508,41.49159853,1672.202913,979.2658632,58.17940737,21.52362694,107.8106895,0.37474705,1.333333333,0.011241143,1
842.1748602,39.37246727,331.5850212,637.4884024,54.71595922,9.009357873,57.73952474,3.541588469,0,0.00958181,2
1275.323164,41.86665464,533.9351449,796.2167718,51.85058747,14.5990231,63.68921354,-0.359083056,0.066666667,0.012632893,1
2149.910205,33.60940053,722.5719318,967.7611294,66.1682562,13.86355794,77.11524433,0.332040718,0.866666667,0.006820555,1
4688.311231,13.54385681,634.9781599,895.4631861,86.1881361,13.72207641,186.5874561,7.519372539,0.933333333,0.006743891,2
2485.991055,24.63915894,612.5272873,864.9420714,75.01401071,11.41755075,112.2405088,2.701381376,0.6,0.006013291,2
3592.836778,17.94722418,644.8144709,713.5065644,79.8723062,14.43940352,226.6536209,0.411901347,1.333333333,0.019768876,2
2492.200426,41.68423863,1038.854773,885.4355971,57.34114776,16.50392868,77.71703534,1.025369427,0.4,0.009808173,2
3802.42733,19.69142878,748.7522698,809.6920723,79.70268907,13.17637337,121.5174363,0.109669146,1.066666667,0.00819488,2
4003.010142,43.83056602,1754.542003,1053.299847,56.13135131,20.63380697,103.4007442,0.975924213,0.8,0.008511534,3
1797.208284,31.62274641,568.3266181,956.9528902,68.2476687,11.97744276,51.70704117,0.457873481,0.2,0.00567304,2
5981.799721,15.73115705,941.0063082,687.9080235,82.69801247,15.7519415,148.3467287,-0.349153098,0.733333333,0.014791301,2
1869.652816,20.56623213,384.5171381,734.4752811,77.89647412,9.94568751,62.0378581,-0.183321032,0,0.007333603,2
3341.507552,43.86609607,1465.788913,1047.708991,56.04115943,19.4421585,81.4571277,-0.257037224,0.8,0.008486151,1
2941.819753,24.31765225,715.3814973,878.5238738,75.45494463,13.33644742,76.81316489,-0.202836589,0.266666667,0.005740517,2
4962.081553,15.18538823,753.5113482,989.4368286,84.38114794,16.35711222,163.3791286,1.106386069,1.333333333,0.008820544,3
1349.751182,27.83443457,375.6956097,705.1088303,70.39619035,8.647143829,77.65463246,2.292364791,0,0.006902586,2
4626.584936,14.1077767,652.7082717,803.4174232,84.61440593,14.69555299,232.5379615,0.930605206,1.066666667,0.011718697,1
5069.769294,15.34557142,777.9850678,991.0881616,84.25398735,16.45554894,162.2330771,1.115214227,1.333333333,0.008876643,3
1396.071063,66.9555751,934.7474091,795.9063544,31.1668471,13.37350353,45.45033036,0.053081369,0.466666667,0.008772739,2
1927.305445,27.39376993,527.9616195,880.3838798,72.30019631,10.89389837,59.19173249,-0.366879509,0,0.004579499,2
782.8073403,45.53160417,356.4247396,728.6804477,49.51369402,9.883431354,37.96045095,0.655388523,0,0.008555124,2
3390.396801,39.72099031,1346.699185,813.9514924,59.28210346,16.64603357,110.2466908,-0.480155728,2.266666667,0.010354061,2
4064.891547,17.03220839,692.340799,773.9875933,81.83815589,13.77325411,160.3580525,0.112519892,0.6,0.010156532,2
2736.854998,26.67931477,730.1741596,860.8237981,72.31628171,13.82452914,77.35663565,0.00661359,0.533333333,0.008532901,1
3010.909527,19.7050274,593.3005471,802.9777597,79.23642964,12.51784489,87.20557629,0.140393747,0.133333333,0.007999907,2
1981.361045,35.74699676,708.2770688,840.5056302,61.89710918,14.22816592,81.26953558,1.091395105,0,0.010292716,3
4004.892581,14.02456683,561.6688364,1161.338335,85.8510762,15.75921792,317.8990398,-0.697499781,0.933333333,0.00733637,1
9776.133941,4.239948031,414.5029985,1184.677143,95.75130364,16.95551297,291.6008485,-0.63594287,2.6,0.004631444,3
2942.24455,27.81452814,818.3714382,859.8601156,71.40268346,13.51889581,96.39801258,0.653627552,0.4,0.007990552,3
4004.920892,44.37256844,1777.086264,1048.783531,55.58230974,20.65176921,105.1916264,1.049328453,0.8,0.008588121,3
2082.983705,25.24342921,525.8165171,886.0032104,74.5156937,11.15738113,63.60338954,-0.314935917,0,0.004459265,2
2595.771339,24.05976439,624.5364681,817.658159,75.28465116,11.66098616,111.5594706,2.583915004,0.4,0.007018838,1
6876.020109,9.987162285,686.719287,1064.621772,89.8883444,17.30044299,272.7598535,-0.685121144,1.933333333,0.008359245,2
4369.145171,70.49744251,3080.135605,755.9473864,25.86328604,25.71907026,84.56125216,-0.612240879,4.733333333,0.018463033,1
1760.889886,36.50727187,642.8528579,976.1880963,63.35703227,12.86787169,62.11576091,0.512159476,0.2,0.006045516,2
3384.310339,24.32719652,823.3078268,956.047068,75.33308564,14.65524384,97.88252713,0.209787011,0.4,0.007199713,3
3203.208134,53.24781935,1705.638481,830.0420543,45.43745203,19.47332465,79.63858532,0.218870754,1.266666667,0.012567306,1
1233.184854,57.77683635,712.4951949,777.6737231,40.83100023,10.94023447,52.15123021,-0.485476865,0,0.006443867,3
2796.935976,27.47334052,768.4117449,861.4241096,71.86768937,13.19546491,94.57568325,0.902521525,0.4,0.007652756,3
1330.176702,54.9931853,731.5065386,779.2234576,44.05143586,10.9791131,48.86973588,-0.280570501,0,0.006120899,2
1956.710311,25.88411784,506.4772028,920.7307156,73.61856391,11.94696987,63.07657814,0.103847743,0.133333333,0.006322532,2
1332.222746,56.79173562,756.5924197,774.7270014,42.11141361,11.06578047,45.4213561,-0.096265999,0,0.00617619,2
3048.528983,24.6919782,752.7421119,859.1659936,74.57058315,13.851368,81.81629076,-0.038368695,0.333333333,0.007958162,1
2419.994093,22.79297891,551.5887432,933.5900792,77.08810271,11.82957836,82.56418576,-0.726708028,0.133333333,0.004627578,3
2078.135113,29.03313434,603.3477591,775.2660079,69.44158142,11.86851036,58.8898028,0.34325885,0.2,0.008187018,2
9055.253421,10.82587562,980.3104722,875.2198066,88.37591416,18.08393166,280.690908,-0.614211859,1.733333333,0.013424132,1
1544.975487,43.77236807,676.272357,861.0173893,54.01610909,13.88871589,50.74626693,-0.054246989,0.2,0.009386894,2
10978.22302,11.36716127,1247.912315,1019.971095,88.56802424,21.25248085,208.9550204,0.15385521,3.933333333,0.008023829,1
3653.063042,58.63312089,2141.90487,907.0382266,40.51714478,22.36411737,90.57230868,-0.350418012,1.4,0.012605793,1
2338.201749,70.62961514,1651.462897,822.5377454,27.8670154,20.93428151,58.60637128,-0.179404622,0.466666667,0.013923294,2
2849.46874,63.04277998,1796.384308,669.2282548,32.51304688,18.91560797,78.60473666,0.641781371,1.066666667,0.016939609,2
5357.768922,13.2429132,709.524688,808.7398481,86.37440763,14.18930662,130.8399811,0.769870467,1.333333333,0.008658811,2
1626.641946,41.95837534,682.5125331,858.7447845,57.49392721,11.68889532,55.38599808,0.911432915,0,0.006228304,3
2329.346638,53.14289565,1237.882253,702.6665921,41.95004792,16.67421037,69.71124733,3.209990937,1.466666667,0.014827083,2
4859.715009,18.58657499,903.2545744,1005.731625,81.28131642,16.14664507,154.2151321,-0.912861332,1.066666667,0.006003519,3
4903.444842,62.90469293,3084.496921,775.3828495,34.64216077,26.00133792,89.24802864,-0.739661119,3.6,0.017962838,1
2984.758957,47.93093618,1430.62291,673.1993212,47.13290967,16.66219418,90.89395364,1.557590568,2.333333333,0.017298946,2
3169.744456,66.82010953,2118.026717,718.3748394,28.2037354,22.03748472,69.3675584,-0.406416205,1.666666667,0.017886899,2
2171.616249,71.70919732,1557.248581,817.3660242,26.38471788,20.57282121,55.62648794,-0.047136085,0.533333333,0.013930409,2
4589.37059,16.08181862,738.054254,651.7926785,81.26248543,14.67536204,137.8817024,2.547566846,1.466666667,0.018676789,2
2112.740526,37.24114943,786.8088564,784.8094812,61.73801418,12.35811676,70.5643092,-0.294393224,0,0.00762325,1
4245.17941,24.89208895,1056.713835,940.0697296,74.98288132,16.22133778,121.6164824,-0.5423467,0.733333333,0.006641433,2
6139.771819,11.58658955,711.3901601,1051.89154,87.54185471,17.21057645,397.9255125,-1.45713914,2.066666667,0.011709696,2
1976.277584,37.15087851,734.2044843,764.0867187,61.79445285,11.82811464,72.92425816,-0.072801315,0.2,0.007636135,1
3895.652089,70.11535149,2731.450155,761.2178422,27.27191272,23.37743323,82.7719746,-0.70096019,1.866666667,0.01591855,1
2383.109888,25.63870425,610.998496,772.9730825,73.62764563,11.38363496,110.1137355,7.939177742,0.333333333,0.006594878,2
3916.863481,50.94286652,1995.362535,1005.279179,48.86164281,22.6949951,99.61109063,1.222462587,2.533333333,0.011218956,1
5487.322065,2.275824546,124.8818225,1319.731648,97.65441251,12.66528506,533.1873991,-1.616956405,1,0.004676495,2
2356.900923,29.64604733,698.7279633,806.1195319,68.93109759,12.99159455,65.95049538,-0.200328205,0.266666667,0.008336661,2
1963.603541,26.8094541,526.4313899,926.4583853,72.72468285,12.09148092,67.42887061,-0.103731004,0.133333333,0.006296198,2
1882.703723,32.40253374,610.0437091,853.6964491,65.42688496,14.26372826,84.58190508,4.602802253,0.333333333,0.011227976,3
2759.560409,25.36397171,699.9341214,716.6835836,71.04073269,14.1313973,65.70855593,12.41030868,0.666666667,0.012212328,2
2663.591159,30.31455969,807.4559318,666.2709008,56.62845719,19.69442636,95.32566943,1.49238267,2.933333333,0.024758063,2
1988.551746,34.84432527,692.8974384,858.9362729,64.01725087,13.6932837,61.01955483,0.171017498,0.4,0.008491528,2
5241.520163,20.52451999,1075.796854,881.1012424,77.73310371,19.13402309,239.2586637,-0.507409252,3,0.01395768,3
5909.804507,23.01302275,1360.024656,977.7853805,76.90915031,18.62329282,137.329695,0.167710349,0.866666667,0.00784869,3
8773.088934,10.23224819,897.6842332,925.7624731,88.99811943,18.40556145,351.0477509,-0.33884202,1.866666667,0.01348836,1
2064.350985,46.5180352,960.2955177,854.9456381,52.0025646,15.90228371,67.91771496,1.937511657,0.666666667,0.010007136,2
2424.093671,32.36846743,784.6419704,775.973184,66.01250556,12.99397362,134.679629,3.980120421,0.133333333,0.009286899,3
2754.704101,14.87302669,409.7078762,726.5676101,84.08284187,10.04076585,76.36379406,4.586062551,0,0.007611706,2
777.4293726,31.43164404,244.3588331,776.0869394,65.03386168,8.955599789,45.55103725,0.025035176,0,0.007259778,1
3682.379171,20.96428426,771.984437,934.0948839,78.95486122,13.6333265,92.63957394,-0.291402243,0,0.004846835,1
1138.896714,32.63956505,371.7309339,923.9376955,66.84947436,9.524667786,86.42987924,0.280587316,0,0.005220097,3
996.4298822,47.58063056,474.107621,897.1433905,51.36310363,10.2458256,76.77990031,0.558545057,0,0.006133128,3
947.9764402,36.07224656,341.9563988,780.424969,62.72851904,8.224085777,59.57757411,-0.584035704,0,0.005281974,2
9312.744111,11.71481637,1090.970872,856.4061365,87.79929855,17.51265785,293.7062063,0.110819354,2.266666667,0.012419114,1
2901.027839,48.63383447,1410.881077,809.1514491,50.41613062,15.11566667,80.80018007,3.313338052,0.133333333,0.008684018,2
1771.69304,29.31055348,519.2930362,794.1709161,67.88864362,12.30354066,106.6270895,1.261771314,0.6,0.012302238,1
6007.810692,10.81372026,649.667842,1157.988918,89.15314534,16.4323413,279.6244342,0.048729574,1.733333333,0.00555447,3
2077.069025,29.75859456,618.10655,725.9566681,69.37310689,10.21739593,76.08800744,-0.554580147,0,0.006339953,2
9662.62522,13.39695807,1294.497849,811.0041854,85.43909014,20.61171226,227.2870773,1.201307521,3.333333333,0.016320616,1
1871.159135,23.11131781,432.4495344,737.3925508,75.35409687,9.955558202,79.41088836,1.640262755,0.133333333,0.00767458,1
2238.230665,58.25688324,1303.923425,762.1705565,40.5899803,14.1552862,64.12000751,2.607949147,1.066666667,0.00894301,2
1712.343092,33.88366988,580.2046806,814.8290618,62.5401873,14.32336,59.41791174,-0.144660759,0.066666667,0.011323327,1
2983.73591,31.12001275,928.5389958,749.1681339,67.95466856,12.97352828,80.45585793,0.790380762,0.4,0.008145542,2
6668.373301,17.63032594,1175.655948,790.5091436,80.58987534,18.53520075,353.3835383,0.807670951,2.933333333,0.017005374,2
4364.72292,15.99919951,698.3207279,837.6653044,83.176212,15.07981329,117.3537237,5.271017174,1.133333333,0.0106997,3
6063.161703,9.258875029,561.3805649,1166.327373,90.69900276,16.36968528,271.9670837,0.16431582,1.466666667,0.005698962,3
2285.573749,30.15125328,689.1291298,981.3319402,69.72012733,13.76962494,78.42028604,0.098070556,0.266666667,0.006236126,2
4552.071289,25.15999624,1145.300965,1099.744012,74.77529369,18.43618207,160.7484849,-0.422673954,0.933333333,0.006722779,3
1582.22149,36.14036838,571.8206753,864.4340229,61.20911444,13.670682,56.97679451,0.321197096,0,0.009490879,3
3363.127068,55.45699661,1865.089264,710.7538767,40.86955174,20.33446329,79.25882678,0.907278597,1.2,0.016139345,2
1159.786385,53.52050656,620.7235483,577.2713771,43.04868623,10.03202776,54.89735762,1.836121776,0.266666667,0.009339455,3
6822.745514,15.57718623,1062.791775,1022.16335,84.03002191,19.36146098,236.8127313,-0.142833081,3.533333333,0.013711726,2
1182.524088,48.84559284,577.6109011,750.4933717,41.84092428,15.17380046,47.1270187,-0.279782581,0.2,0.014448824,1
2793.922143,24.45622578,683.2879075,909.2500101,75.48328463,12.23529055,67.80896522,-0.267922177,0.133333333,0.004314123,2
1683.790332,35.47049134,597.2487041,848.0331577,63.86217974,11.79271102,102.3006355,4.698034809,0.2,0.006275854,2
1661.384223,23.77314693,394.9633126,738.2572195,74.61460827,9.581294149,61.92445777,-0.187394378,0,0.006942281,2
1782.786353,56.53811253,1007.953754,635.0075572,39.64778277,12.54710418,61.51785293,0.680058154,0.533333333,0.010849093,1
4316.998234,47.89735487,2067.727964,923.1036732,51.60222165,20.83763586,122.1359867,0.725251576,3.466666667,0.010668323,3
1878.919406,59.04481338,1109.404457,836.0363336,40.30817329,14.37208925,61.08704033,-0.105986698,0.133333333,0.007718785,1
941.1161611,27.64653578,260.1860162,768.0903553,68.37743527,9.403788968,46.20848303,-0.039534819,0,0.007835749,1
1358.56383,42.54721184,578.0310306,807.0157355,53.99686376,13.65504303,52.31681281,0.21369161,0,0.01061463,1
3559.431281,67.95981275,2418.982834,726.3058234,28.07810553,22.76763802,70.53420019,-0.117895414,2.533333333,0.017594416,2
1722.198044,25.11712824,432.5666913,766.8464095,74.03487737,9.359863415,61.87630093,0.009991115,0,0.005853731,1
3404.519433,25.28808477,860.9377601,890.0169171,74.22337338,15.23717423,104.1559633,-0.321878848,0.133333333,0.008107561,2
3129.73401,21.73372579,680.2078077,869.635506,77.65358692,13.66054906,92.40695984,-0.466882035,0.533333333,0.008133973,2
8883.515051,9.545788125,848.0015248,924.3690716,89.80350683,18.13654284,308.6391658,-1.03590449,2.666666667,0.012619997,2
2123.97331,49.65150457,1054.584705,733.4263757,46.89817189,15.38769633,84.48533633,6.358001932,1.2,0.013623807,2
1280.398656,49.36729176,632.09814,792.6157575,47.25486251,13.26048569,54.38861989,-0.205826066,0,0.010307931,2
1591.289057,37.9964086,604.6326922,720.6023967,58.16191067,11.99547851,72.48238612,1.469034129,0,0.010905384,2
4581.333734,25.70988531,1177.855649,890.4259662,73.4532466,17.79089657,110.7201193,1.151046541,2.066666667,0.010541085,3
1403.316914,56.76683578,796.6186082,783.062233,42.31416684,11.71304487,50.98497818,-0.26378671,0.133333333,0.006550042,2
2900.511699,33.47797895,971.032696,743.4412353,65.5829672,13.13151938,85.92978441,0.325172161,0.4,0.00851168,2
800.4402281,40.75699914,326.2354169,744.8770496,56.07313614,8.730743423,62.9829806,-0.789359296,0,0.007002665,2
2546.884154,37.07605694,944.2842192,829.6379026,62.37045774,13.93043664,86.47081261,-0.427242165,0,0.007695457,1
2041.755719,32.79108002,669.5137516,900.5023163,67.05722163,11.59517948,106.2308074,-0.95763396,0,0.004616045,2
7032.214794,7.861936893,552.8682893,1004.719498,91.34370909,16.86691708,382.4120144,-0.635216501,1.866666667,0.012516754,1
4009.755123,30.90675099,1239.285031,1071.689056,69.07420748,17.95536406,88.87196131,-0.089198322,0.866666667,0.006766439,1
771.9766144,31.82462045,245.6786275,776.2452526,64.59072611,8.945259276,45.45698171,0.050314028,0,0.007261392,1
1593.074656,57.19338532,911.1333266,785.0759858,41.19508572,13.04742848,55.8020627,0.439677568,0.333333333,0.008611781,2
1769.206189,64.67035608,1144.151942,815.9676354,32.91518357,18.06766768,51.7811844,0.08384371,0,0.012737495,2
1300.809855,60.07432542,781.4527452,793.8195003,38.70374762,11.72975759,48.44518529,0.023274881,0.133333333,0.006710294,2
2439.476251,51.89228649,1265.900005,804.6187191,45.75665231,18.41279325,69.16164343,-0.174184381,0.266666667,0.013062051,2
1677.149864,56.93704145,954.9195134,815.2480833,40.69322628,17.04078858,52.00266406,-0.166710923,0.066666667,0.012089468,2
663.49899,26.09222475,173.1216477,784.7218593,71.06408078,7.095937428,56.42426527,1.327250314,0,0.005871427,2
6193.805357,11.63481319,720.6376825,999.1909395,87.98627212,17.64749796,218.6215109,1.695819127,1.933333333,0.011531224,3
918.3500576,37.65084697,345.7665748,767.5085854,60.11163409,8.82781188,43.60889663,0.801038866,0.066666667,0.006238459,1
3912.48075,29.68276128,1161.332321,913.2410441,69.9575608,17.19644503,105.8714545,-0.252184719,1.066666667,0.009149589,2
3890.521997,30.48225128,1185.918691,751.1695939,66.82665382,17.11169174,127.7804852,-1.121364276,2.066666667,0.014842076,2
1915.3849,21.36744095,409.2687375,1043.715278,78.5905791,11.12516974,78.3833212,0.830917337,0,0.004074551,3
1063.551731,59.01522829,627.6574821,572.4648975,37.41584335,9.170199385,48.73636046,1.828488911,0.133333333,0.008979312,3
2411.143786,14.06643702,339.1620221,728.2110916,84.86514827,9.19128726,74.29986181,5.084423587,0,0.006873352,2
3354.986984,30.8405196,1034.695418,880.5816895,68.64653125,15.83561889,89.76167308,-0.483666336,0.2,0.008689715,2
4187.664027,40.27123438,1686.423995,973.6017145,59.50571268,21.63020758,103.37321,-0.128320643,1.533333333,0.011046582,1
2102.556411,24.85116917,522.5098504,880.9022989,74.90708927,11.47230542,63.17969336,-0.308655178,0,0.004704508,2
2942.597413,23.00754863,677.0195308,898.5751467,76.91281544,12.5473369,70.38140482,-0.431184156,0,0.004289663,2
6495.907917,24.4733282,1589.764864,818.0909244,74.38680657,19.57988673,269.8613391,0.699557979,2.866666667,0.013837786,2
1625.890602,30.94068031,503.0616133,747.9236109,67.62170828,9.922778118,55.94583921,0.313928236,0,0.006704256,1
1070.054452,49.96660797,534.6699129,725.1783188,42.36628,12.55585669,69.84581175,-0.30953481,0.066666667,0.012360476,2
3703.914132,54.97405555,2036.191813,1002.667044,44.85168594,22.33919207,99.65741417,1.183464809,1.933333333,0.010799128,1
1834.492946,53.14468073,974.9354194,830.2824807,46.27757435,13.57230818,62.0658625,-0.152645108,0.133333333,0.007061111,1
1891.524824,27.31955822,516.7562254,761.2269935,71.46043029,10.8082661,80.69512797,-0.027394669,0,0.007507266,2
5242.817456,26.23709946,1375.563231,824.6115695,71.58132921,20.23755016,260.1929715,1.370679432,3.733333333,0.017650138,2
1878.999488,25.75359134,483.9098493,904.6808125,73.85593118,11.11085983,74.18998028,2.195573759,0.133333333,0.00541222,2
819.9094189,36.93762046,302.8550293,731.9080728,57.88547352,9.984978108,40.06981221,0.218478615,0,0.009064444,2
2829.318573,27.50828316,778.2969645,722.9728141,68.83640083,14.66880112,64.14385111,12.6848966,0.933333333,0.012703154,2
2272.410995,37.48615497,851.8395071,883.5637923,61.64310294,13.83019757,83.04730567,0.476047443,0.933333333,0.008095344,2
2677.824595,35.81455999,959.0510961,850.0508716,63.42667572,14.80130444,111.5510206,0.194397557,1.2,0.008903335,2
7605.144183,7.885031257,599.667996,1113.68627,91.57922191,17.85016021,397.0227552,-0.733231463,2.2,0.015612356,3
2055.282213,57.59923695,1183.826872,828.2259611,41.65030607,14.76445364,61.47024596,-0.245937013,0.133333333,0.007965693,1
1234.708291,36.85430413,455.0431487,816.1547992,61.08430538,10.39041568,52.53299701,-0.379138292,0,0.007259572,3
1309.035831,56.93433874,745.2908944,771.9130901,41.96302405,11.03498808,44.8271525,-0.028462782,0,0.0063148,2
4813.47222,15.32209478,737.5247757,836.3538738,83.79823329,14.93288022,116.8058032,5.446595076,1.133333333,0.010574126,3
3146.039193,19.7992832,622.8932093,683.4039411,78.4524449,11.75377221,101.6886073,1.438628581,0.266666667,0.009756489,2
3376.110919,23.97683371,809.484501,790.0237489,75.63996835,13.24983265,113.9891958,-0.939515505,0.133333333,0.007485447,1
5382.484008,6.737473364,362.6434264,1003.401376,92.7045404,14.11017098,357.8633633,-1.084439286,1.266666667,0.010826066,1
2232.874109,36.75357235,820.6610011,805.9389803,62.56680148,13.00633573,82.50154434,0.185936559,0,0.007524253,1
3449.874023,16.82483763,580.435703,845.7537345,82.53543948,12.49590779,103.2389568,1.690987417,0.933333333,0.007734684,2
1724.65736,61.02848155,1052.532199,812.9028599,38.12801378,13.26485413,55.9328145,-0.357067413,0,0.007102459,1
4597.06737,43.29036518,1990.087252,1020.049554,56.62272937,22.37025107,94.05341135,-0.475516638,2.4,0.009263452,2
975.3674672,53.83554325,525.0943747,912.2984599,45.37172822,10.43714361,89.35859199,-0.862323255,0.2,0.0058633,3
8136.36671,15.12356279,1230.508528,993.0524416,84.27632229,19.73560586,348.8474102,-1.130521747,2.666666667,0.01247752,2
4327.810128,24.77970812,1072.418718,1067.073488,75.14440586,17.53118129,162.7782007,-0.877471231,0.533333333,0.006511511,3
4178.390277,21.26543042,888.5526771,1092.571242,78.6945892,17.14049758,144.4376211,-0.1939828,0.533333333,0.005954078,3
2122.22838,72.74742623,1543.866525,817.6639102,25.35985197,20.42219393,55.70255129,-0.064443576,0.533333333,0.013818834,2
2843.911256,26.80885035,762.4199125,858.7877788,71.85260689,15.49855463,68.30978519,2.801933727,0.8,0.010433709,2
1193.709437,47.71703058,569.602697,723.1816139,45.54993395,12.73778982,66.66488121,-0.321797856,0.066666667,0.012584117,2
3709.623474,73.86862499,2740.247852,758.1688105,23.20030092,23.21256612,81.75972768,-0.707014162,1.866666667,0.016134838,1
2010.713463,25.28203009,508.3491829,846.7651237,73.73829901,11.89105641,79.01369002,-0.043030628,0,0.007700056,2
1899.071135,21.18544259,402.3266249,729.6592487,76.93023198,9.96926219,65.40284111,-0.220648153,0.133333333,0.007978457,2
2664.059476,46.71327884,1244.469531,666.8908393,51.11713519,14.0764692,80.65419367,2.46297986,1.266666667,0.011332721,2
2148.759647,40.98407901,880.6493515,750.3981075,56.96500166,13.34615455,104.5295824,2.594037551,0.133333333,0.009757432,3
3246.711076,6.565225706,213.1539102,802.1593637,92.8879622,10.15422105,423.3349464,1.110688905,0.4,0.007080167,2
1849.038695,63.20822491,1168.744537,818.1521418,34.51740113,18.22779295,52.58678191,0.024600383,0,0.012675155,2
2660.004506,23.45794168,623.9823055,886.8316968,76.37143643,12.20350541,66.22943188,-0.27253471,0,0.004506883,2
1668.565012,26.10005646,435.4964103,663.5364239,71.50144871,10.05928538,51.56118884,3.447044309,0.4,0.009697974,2
1948.937608,38.01824654,740.9519047,805.276652,60.72780366,12.63791101,71.25247009,0.404442903,0,0.007927186,1
3209.314926,27.19781302,872.8634727,820.4496356,72.44988715,13.94566493,118.9161609,-0.948446638,0.133333333,0.007603433,1
4266.237516,47.17706962,2012.685843,992.0002782,52.5979953,23.57510914,109.121055,-0.144157456,2.466666667,0.011883036,1
1134.629478,55.19289645,626.2348727,701.1346679,41.66125879,10.53707683,43.12384498,0.529435597,0.133333333,0.008440378,2
2124.034275,28.20190574,599.0181441,880.9182799,71.10306571,13.18052189,80.16689071,0.289458098,0.133333333,0.007980704,2
2581.025096,36.64342659,945.7760364,859.2304975,61.79201009,16.03577054,72.85268062,1.658976172,0.666666667,0.010161173,2
2885.183815,47.76192645,1378.019372,911.3359966,51.72425479,17.40081764,75.04751534,0.687110996,0.533333333,0.009045846,1
1807.691406,35.01658671,632.9918286,731.185996,63.88010951,10.45943315,78.93270721,-0.765533748,0,0.006501429,2
956.525505,37.86494355,362.1878425,792.8354335,59.72669829,10.98662941,45.10085258,0.027586428,0.266666667,0.008197287,1
4852.155357,14.37481952,697.4885752,1143.522873,85.6198319,16.98938798,104.8766622,-0.614088321,0,0.00481276,3
6019.580318,23.74780877,1429.518422,652.1415781,74.82913399,15.89198663,141.754418,-0.467020183,1.4,0.022297828,2
4929.066904,15.41942744,760.033895,989.4900146,84.21653364,16.34217305,163.3234946,1.109696076,1.333333333,0.00877506,3
1493.600097,39.19718325,585.449167,871.0888075,59.08785597,13.6696541,54.19352801,-0.263315223,0.133333333,0.009518309,3
922.6093206,38.50732269,355.2721483,790.2799066,58.77496241,10.78279587,57.08996886,0.770292935,0,0.008419808,1
2676.205855,18.25373052,488.5074048,969.9910886,81.23162848,12.65536213,337.3024346,-0.830754562,0.6,0.007785949,2
3449.644541,24.92428361,859.799189,716.0262464,73.17240974,14.29479859,75.5219469,7.354217813,0.933333333,0.011072477,2
4474.105893,38.95098814,1742.708456,1005.585699,60.92030042,21.07783037,90.69040447,-0.244391241,2.066666667,0.009226067,2
1944.803265,56.36885503,1096.263333,809.061798,42.79925275,13.77013193,63.47604144,-0.349035647,0,0.007389824,1
2888.181777,27.76077289,801.7815837,859.3972868,71.45318803,13.5581703,96.36114023,0.647941547,0.4,0.007994778,3
7109.244657,18.19149761,1293.278072,922.221342,81.58451877,16.93324043,194.4502484,3.215273077,1.333333333,0.010303012,3
2025.977636,48.97594146,992.2416209,841.0570986,50.51457007,13.76960388,62.96448246,-0.529518302,0.133333333,0.00686175,1
1146.513543,20.78814628,238.3389125,847.0352202,78.17089866,8.404396226,56.30077081,0.141257007,0,0.005490349,2
3496.061523,30.2070536,1056.057178,839.5164187,69.46301379,14.8886962,114.1078649,-0.835762294,0.133333333,0.007719527,1
3267.439936,60.97250962,1992.240129,713.4242008,36.00750816,19.79505591,80.67162798,-0.664387883,1.6,0.014357806,1
1471.140111,19.47584169,286.5169191,828.0774497,79.51371329,9.159731691,86.18271806,1.184084928,0,0.006192952,2
2082.830561,54.87598851,1142.97386,702.2208837,39.2462508,16.79103878,68.89722525,3.423414087,1.466666667,0.014947587,2
2044.093046,58.99021091,1205.814799,762.1589756,39.53576889,14.13648587,64.21018734,2.579766359,1.066666667,0.008937124,2
1726.649879,30.86225262,532.8830475,786.4608729,65.99520305,12.46816114,107.7095678,0.803448001,0.733333333,0.01255273,1
6188.650161,28.54825183,1766.751433,964.8119415,71.11300898,21.97508747,266.651682,6.194378016,3.733333333,0.011356533,3
1640.283886,36.22336656,594.1660448,788.5582597,62.1957162,11.70939671,65.9036706,-0.251550433,0,0.007677897,1
2707.860809,37.40467452,1012.866522,797.3788761,61.66645856,13.68157918,71.0186788,2.596955889,0.133333333,0.007818936,2
1514.581745,28.00364452,424.1380878,767.1507776,70.22884947,9.653974514,56.81350732,0.32935052,0,0.007006858,1
4023.923969,36.65553051,1474.990678,628.9610045,60.61863333,16.76986405,99.82147459,0.059934075,2.466666667,0.016907507,2
5141.055479,21.11755774,1085.665359,1048.060038,78.83345662,17.92293065,171.2991682,-0.912084519,1.266666667,0.006872655,1
4042.833465,48.69449028,1968.637149,1007.847414,51.07170101,23.27273462,91.16099467,0.353732988,2.333333333,0.011889943,1
8783.946777,11.63727265,1022.211836,891.2202048,87.4530521,17.92823542,306.5537071,0.010579724,1.733333333,0.013422092,1
4401.526382,66.47884515,2926.083907,770.2180247,29.37917333,26.09449677,83.72285373,-0.4591315,4.733333333,0.018968915,1
6119.969826,11.79645111,721.9392487,1168.43365,88.1953211,17.89600878,175.2021018,-0.352249489,1.2,0.005377798,3
1617.332518,40.51843717,655.3178604,726.3515419,55.27244379,12.76246496,77.17275407,1.135479577,0.066666667,0.01156802,2
3041.118129,27.19629144,827.0713496,887.6062169,72.6920351,13.18057472,77.39034964,-0.381995571,0.133333333,0.005041319,2
2500.130028,34.81369794,870.3877162,829.1379479,64.67063654,13.91710539,86.93523892,-0.459670459,0,0.007683158,1
771.3315756,35.92806915,277.1245418,727.8447194,59.39778857,9.349072874,43.64656371,0.054587188,0,0.007931464,2
2767.418984,56.68113102,1568.60438,851.7932356,42.95593708,16.2932482,72.58565606,-0.197518604,0,0.007912918,1
5860.763301,12.08813466,708.45696,1040.447668,87.19890347,17.52927632,303.8836745,-0.430397634,2.133333333,0.014036525,2
2420.547015,35.91225542,869.2730268,800.7550193,62.67404634,14.13830446,64.30301619,0.117294584,0.6,0.009050694,2
6102.557385,26.1848133,1597.943258,949.6289534,73.42439217,21.09320194,266.4919794,6.775147341,3.533333333,0.011040893,3
3088.145829,30.31216308,936.0837998,648.3786186,60.97774919,18.01666278,121.7018135,-1.057804074,1.6,0.022723684,2
2118.508315,45.84228744,971.172671,866.2687892,52.26772981,16.57173059,68.16297174,1.411333736,0.533333333,0.01097871,2
10113.30875,8.761588927,886.0865395,875.3419706,90.57431283,18.41539048,274.7317005,-0.331344962,2.133333333,0.013638651,1
4959.943031,15.64092328,775.7808843,628.2394962,80.40524989,16.81381058,142.8608299,4.358368458,2.333333333,0.021680911,2
2812.89747,57.37476209,1613.893231,829.6633436,40.59707419,21.14422204,67.25962319,0.431373324,1.466666667,0.014513168,1
6892.17781,17.21042656,1186.1732,1136.388138,82.72199798,20.775867,279.1728422,0.366971255,3.533333333,0.008519716,3
6173.673257,30.29943746,1870.588267,999.5914504,69.63850563,22.22228767,123.7788627,2.626888064,2.6,0.009425775,1
2163.818038,19.43772962,420.5970998,922.7083158,80.38203083,10.77773007,63.36192618,-0.49775056,0,0.004996668,2
1720.485346,23.2737144,400.4208458,723.8218915,75.14308172,9.63446209,61.25191526,-0.157588599,0,0.007410927,2
4509.495686,18.97927872,855.8697552,1023.77799,80.93159555,16.18650358,148.3002683,-0.92394917,1.133333333,0.00611987,3
2344.225527,69.2251897,1622.794568,826.1027832,29.5353925,20.80677293,57.46722747,-0.103883081,0.466666667,0.013811477,2
2099.062014,42.18779158,885.5479078,693.4947247,45.53960553,18.66500544,72.74294749,1.21748344,2.466666667,0.019907372,2
2095.43103,31.96905128,669.8894206,863.2156112,66.87332201,13.89739749,62.39037786,0.380026671,0.533333333,0.008670359,2
1962.952666,34.81993059,683.4987558,792.5734713,64.21487961,12.92958545,65.84743799,0.0983879,0.133333333,0.008486993,2
7221.837547,4.227550879,305.3068567,1240.757107,95.76150652,14.87495128,297.5460065,-1.141037062,2.066666667,0.00415627,3
3119.637033,52.0946561,1625.164184,1013.473698,47.75868969,19.94345135,73.12432498,-0.339561616,0.8,0.009293979,1
1175.904818,28.12756126,330.753348,767.1577814,70.19652794,8.943918135,51.15271909,0.639936523,0.066666667,0.006150494,1
4236.712051,35.79460164,1516.514201,719.6515525,60.21063185,19.29919765,132.4673471,-1.03499553,2.866666667,0.018204623,2
1774.42973,34.40967175,610.5754454,816.9160517,62.12195108,14.90874306,57.24566486,0.006793972,0.066666667,0.01172707,1
1963.553202,22.82237428,448.1294608,1056.221188,77.14366954,11.31334806,83.34329072,0.869475129,0,0.004123055,3
2648.465228,32.58834258,863.0909217,811.1201674,66.55524957,13.43370564,93.60806274,0.189721533,0,0.008026053,1
1731.741057,37.03727249,641.3896541,724.9068799,59.13485476,12.57567779,77.17428574,1.083845178,0,0.011325583,2
5152.982893,17.77025322,915.6981085,1128.144865,82.22389131,18.73497501,113.8590098,0.146819205,0.4,0.005519416,3
12696.09628,5.614777197,712.857519,926.0932821,93.84674483,19.26835702,329.6434808,0.258228296,2.133333333,0.013066961,1
3817.706668,65.61648507,2505.044926,745.224188,31.29411058,22.87617057,77.22772054,-0.826312473,2.2,0.016613765,1
4963.717947,39.03582948,1937.628474,1031.070971,60.87842322,21.99270254,103.5583271,-0.095106415,2.666666667,0.00894371,2
2465.381684,24.56202753,605.5477279,780.3743362,74.78142403,11.39325302,73.12024555,-0.233235196,0.066666667,0.006751209,2
2314.563895,70.32627774,1627.746633,825.213467,28.29453629,20.74440594,56.5584849,-0.29543194,0.4,0.01387126,2
2569.134694,28.24652869,725.6913685,805.4824911,70.85875849,13.26009481,69.83436128,-0.252000021,0.2,0.007683731,2
2544.957581,27.48558266,699.4964197,875.0721067,72.15835942,12.26668678,83.59319462,1.184995933,1,0.006301942,2
8516.671471,5.675012321,483.3221554,1061.496572,94.20393984,16.53482189,302.798857,-1.069778811,1.6,0.007382228,2
4222.292426,32.79517954,1384.708382,717.2352503,63.73173129,18.56123068,129.7445457,-0.96626837,2.466666667,0.01760227,2
2069.016707,52.93670997,1095.269373,701.5258298,40.72450408,17.28028647,68.24812552,3.57953992,1.8,0.015991396,2
4439.9182,22.39921397,994.5067778,1091.938317,77.56567059,17.31950277,146.2854534,-0.308365042,0.933333333,0.005931566,3
2642.9477,28.50283135,753.3149255,862.856639,71.29336247,12.60316532,100.8101528,-0.771677832,0.2,0.005322984,2
4183.899757,69.0418387,2888.641322,759.6854884,27.99048418,25.16072888,90.31976345,-0.554716529,3.266666667,0.017809501,1
2383.705815,22.82243814,544.0197851,952.7179759,77.07881049,12.13402636,60.05203302,0.128431507,0.2,0.005472602,2
4422.998058,21.27943594,941.1890383,1074.302518,78.68446289,16.83619061,155.1971302,-0.632468548,0.933333333,0.005906504,3
2743.642172,19.99226173,548.5161238,937.3515925,79.86816581,11.83918989,73.31201094,-0.368388594,0.2,0.005073243,3
2415.803604,36.25267275,875.7933747,782.4205637,62.49124038,13.85553726,98.35629638,-0.012722001,0.6,0.009433219,1
7553.907588,13.35735488,1009.002244,955.3599674,86.28281329,19.20641194,326.9700184,-0.464378148,3,0.010934655,3
1614.341335,18.46591773,298.1029428,799.613557,80.01325999,8.991772527,107.3037249,2.015948092,0,0.006810224,2
3674.765558,68.80802687,2528.533672,728.6729222,27.12939012,23.78129269,78.27470068,-0.456303473,2.2,0.018364877,1
508.37134,39.59493804,201.2893171,580.7203686,56.38949716,5.689149903,30.73762175,1.194858081,0,0.006425006,2
7180.949158,13.62620756,978.4910373,977.8996336,86.27783455,17.02304033,161.7653763,1.1677919,2.066666667,0.006818972,3
6087.564318,12.07563611,735.1121152,972.7621872,87.82259232,15.64695403,183.7920953,-0.900359469,1,0.005785742,3
1950.627236,18.35963007,358.1279445,658.0798094,79.17281264,9.350204721,102.4492182,4.141702159,0,0.009499612,2
2924.365278,21.44912065,627.2506367,757.934951,77.1647681,12.43133352,97.31131614,-0.239127821,0.2,0.009299206,2
6142.349869,11.30988121,694.6924736,1184.65851,88.68166209,17.54049572,187.7267983,-0.723882302,1.2,0.005299298,3
4298.948256,11.72869889,504.2106964,759.8656625,87.56304113,13.16227879,141.7142161,1.242133027,0.666666667,0.011234998,1
2768.693678,38.93136949,1077.890366,786.124329,60.15566689,14.09280879,71.06731966,0.343196986,0.2,0.007982089,2
6656.20613,14.1999615,945.1787081,843.7731532,85.42020593,15.42788922,168.5951444,-0.047858666,1.733333333,0.008685582,2
9970.376761,5.425652293,540.9579754,1130.8691,94.48182747,17.96651365,289.3158356,-0.713608735,2.266666667,0.007322266,2
2624.072807,45.16614023,1185.192404,793.498191,53.80968957,13.96853846,71.97691681,4.53297788,0.133333333,0.008241427,2
3221.844311,34.25549255,1103.658638,754.8594735,64.66160367,14.86117871,85.39751249,1.186838282,0.666666667,0.009507932,2
1926.795729,39.47313686,760.5667151,788.9389525,59.45799002,12.51508106,67.72160337,-0.057841528,0,0.007769538,1
2646.939547,14.34992715,379.8338968,730.29627,84.46675556,9.883927236,74.1396038,5.066250033,0,0.007407395,2
3143.673889,32.66448366,1026.864844,746.5904982,66.42530973,13.28396918,86.57306082,0.256620618,0.4,0.008102444,2
2120.701662,25.96913702,550.7279204,824.3415033,71.32200384,14.32835441,96.37933852,1.870271753,0.733333333,0.011454653,3
4330.362741,48.43943744,2097.603351,1010.500545,51.35625372,24.08596738,100.4057686,1.22415352,3.266666667,0.011870813,1
4851.228295,62.62153495,3037.913622,776.2554463,34.6104645,26.20318541,93.44460295,-0.759886248,4.2,0.01844427,1
3076.129726,55.30668,1701.305224,832.0185086,43.35456075,19.56474152,79.21186326,0.319809854,1.266666667,0.012490203,1
2927.126424,44.68273606,1307.920174,931.5686875,54.4032187,18.15806176,89.78802201,-0.0536553,1,0.01050159,2
1166.377891,45.10862959,526.1370824,773.8265663,47.43071859,14.50927526,60.99758372,0.399212181,0.066666667,0.013065812,1
4335.074095,66.9321219,2901.557078,768.5443917,28.89744793,26.11611976,83.93733161,-0.411477876,4.666666667,0.019313359,1
3883.318249,47.77130829,1855.111933,1026.526515,52.10387063,20.36468132,128.2032248,0.22007004,1.2,0.008627772,2
2037.593326,27.43787307,559.0722705,845.7740798,71.10506872,13.72689194,65.40655259,2.045634712,0.133333333,0.009873976,3
3628.955286,27.08949223,983.0655601,852.5458082,72.20787965,14.59771717,133.5298952,-0.18333859,0.466666667,0.008148104,2
3179.228603,54.24183575,1724.471957,827.5842489,44.37302645,19.30695899,80.40595874,0.299796325,1.266666667,0.01230998,1
2125.276349,38.98339069,828.5047823,757.3770403,58.94848257,13.36530406,104.6787034,2.278233198,0.133333333,0.009582269,3
2728.912823,49.14647921,1341.164573,804.8878996,48.70612382,18.68541036,63.57488066,-0.566734907,0.266666667,0.012601635,2
2120.346466,61.17650405,1297.153842,807.9954326,36.25502641,19.05435507,62.26365807,-0.189716464,0,0.013641187,2
1755.214027,33.48119649,587.6666573,812.2583268,62.80080942,14.48929519,61.34184563,-0.203573597,0.066666667,0.011462568,1
3832.128738,18.44308921,706.7629219,943.2671683,81.41564408,14.2110845,118.0609361,-0.220066971,0.466666667,0.005795588,3
1949.276008,36.90777316,719.4343673,792.3104111,61.89972239,12.37051087,71.69107119,0.083487896,0,0.007863682,1
9613.657771,7.951129361,764.3943658,1078.947583,91.85502287,19.52529417,311.6839369,-0.770563127,2.8,0.009563653,3
3917.329901,20.36183429,797.640223,921.7118632,79.5503019,14.10279977,89.29751312,-0.420359146,0,0.004938336,1
720.0221401,33.17053081,238.8351658,875.678998,64.94036309,8.477962859,50.64881847,0.170385305,0,0.005780844,1
2896.34332,25.59210096,741.2351065,862.2223941,72.70656034,15.21183265,69.96490691,2.742944246,0.733333333,0.010292067,2
1257.987934,46.33948981,582.9451905,573.9405458,50.61821075,8.809509139,52.276018,2.015881008,0.133333333,0.008678453,3
1639.416717,26.45038067,433.6319626,767.0457139,71.70744157,10.64658718,54.82912916,0.406368918,0.2,0.007612155,2
1748.274499,35.40811638,619.0310691,974.2113478,64.44850914,12.51329932,62.75105881,0.435315274,0.2,0.005891171,2
2885.570529,66.07655351,1906.685554,677.1253917,29.92679548,19.2768948,75.96295476,0.607235018,1.2,0.017082156,2
1666.704008,43.45284353,724.2302846,854.7049439,55.84524008,11.76426411,52.72444955,1.072876737,0,0.006421557,3
7068.087441,10.7313098,758.4983602,853.8369923,88.97133273,15.83657016,175.4958152,-0.405088445,1.733333333,0.008702884,2
1986.922093,23.81534505,473.1923524,711.1166988,74.97233334,9.377210087,84.26477888,1.488584057,0,0.007040495,2
4222.919736,12.74825685,538.3486544,731.4403511,86.79471001,10.81653754,243.3550893,-0.785671141,0.866666667,0.007320682,2
3212.575258,43.89842225,1410.269852,987.3025317,55.79578611,17.94687418,162.9078762,-1.172969117,1.266666667,0.007859916,2
3015.18181,63.60136989,1917.696936,703.270811,32.28844115,20.72582531,67.91214102,-0.207192606,1.4,0.016839002,2
4432.213014,20.27154273,898.4779551,953.0894866,79.61771871,15.56365884,116.586124,0.008342576,0.4,0.00643473,2
2686.316143,37.93363142,1019.017264,781.4377725,61.10067293,13.7951861,71.34284675,0.424365267,0.2,0.007745828,2
1519.866869,26.57676421,403.9314341,706.7230026,71.81134209,8.815907119,78.51385316,2.215660267,0,0.006903433,2
8581.413533,21.12589532,1812.90044,804.8365985,77.4590861,21.28250655,270.3844775,0.006630289,3.533333333,0.016547065,2
7338.360753,14.77263775,1084.069451,968.2985149,85.06509275,16.53631289,219.0089244,1.573188182,1.133333333,0.009778601,3
3639.763997,19.7189818,717.7244001,551.9933025,73.27691838,17.08141032,117.490114,3.374086272,1.133333333,0.02645283,1
1239.770472,30.90702892,383.1762184,729.4493638,66.74586982,9.391104624,51.56261864,0.355366448,0,0.007438216,2
699.8738256,41.45936839,290.1632676,727.7461492,52.34780186,9.944642695,39.0238297,0.380091212,0,0.00939937,2
3496.298798,26.45394224,924.9088645,764.7198157,71.35370207,15.86440053,115.8453986,-0.769214908,1.466666667,0.013539216,2
6060.573396,7.731472933,468.5715917,1263.480571,92.21248225,15.81044045,281.1987972,-0.526448824,1.2,0.004888311,3
5176.070042,15.51787206,803.2159268,849.9879424,83.75185355,15.72088611,117.9607528,4.933601211,1.133333333,0.011031041,3
2712.691774,39.55491072,1073.002809,865.5576766,58.97851154,16.99198666,74.72261575,1.639387071,0.733333333,0.010716649,2
5777.695407,9.365464043,541.1079858,1134.089948,90.57501381,15.32348348,316.9356502,-1.080424643,1.8,0.005614532,1
1289.3799,52.06139619,671.2691781,578.6219853,44.85690726,9.287110075,52.34412188,1.662967077,0.133333333,0.009096537,3
1711.299234,23.92264304,409.3880071,766.7850272,74.92558367,9.6565368,64.77840727,0.387450458,0,0.006286734,1
3481.356126,67.16330599,2338.193868,727.0180226,28.41057936,22.87478106,70.48625884,-0.373818299,2.2,0.017568709,2
5307.157474,49.89519469,2648.016554,1025.947321,50.05176396,24.11066197,103.9537182,0.279244824,3.466666667,0.009635942,2
2184.453007,25.79433864,563.4652059,879.5264273,73.97108454,11.66295693,62.85792233,-0.292325722,0,0.004749354,2
2478.730774,55.73120894,1381.426627,811.2243878,42.31837932,18.7608676,62.19933567,-0.489034773,0.133333333,0.012692396,2
2851.484725,24.98947348,712.571019,903.2029593,74.94783135,12.50113058,72.1573143,-0.318923646,0.133333333,0.004533806,2
5203.912584,11.35667107,590.9912347,738.7374456,88.33586179,10.70924454,241.471998,-0.832660017,0.666666667,0.006390588,2
2304.87273,25.44665041,586.5129061,831.9757071,73.10051195,12.6043986,61.96105978,-0.066487842,0.266666667,0.008277992,3
3415.079634,27.45643208,937.6590202,889.542909,72.41969775,14.24450862,87.81138856,-0.429076258,0.333333333,0.00561692,2
3842.513392,23.94046446,919.915553,946.4003702,75.39523369,14.41796774,340.7074765,-1.225845909,1.066666667,0.011682875,2
432.4236742,45.37299639,196.2035781,780.2569107,49.84735941,7.408679773,44.75474585,1.107696303,0,0.006269331,2
3416.369373,17.40678958,594.6802279,779.840281,81.25172525,13.24399587,154.0328634,0.253361161,0.333333333,0.009783445,2
1211.881593,47.27550128,572.9230981,779.3181482,48.6739371,12.71745362,53.4010097,0.286881589,0,0.010147289,2
2029.212239,29.9528442,607.8067805,772.5345936,68.45155629,11.43140566,57.389681,0.450599696,0.2,0.00802988,2
4384.345402,35.60553642,1561.069699,880.7328209,63.83555767,18.31501443,119.253927,0.271949794,2.666666667,0.009960742,3
4657.288124,53.77825237,2504.608161,1031.39859,46.15096996,24.31617289,95.71344478,-0.320850992,3.466666667,0.00990871,2
4126.845943,19.65097789,810.9655838,550.7847717,73.87894697,17.10557024,117.4627838,3.453287556,1.2,0.026696631,1
2264.447631,27.80019503,629.5208576,887.824416,71.39260711,13.37731573,72.47009777,-0.018862965,0.333333333,0.007969227,2
1874.669818,26.5151525,497.0715611,920.5059507,72.9685761,11.92102616,63.23054869,0.145829509,0.133333333,0.006299797,2
1487.003017,27.88444706,414.6425689,764.8951061,71.01255628,9.435897886,59.60463646,0.051031535,0,0.006546148,1
1495.472836,37.20291155,556.3594363,738.1485874,60.19633607,10.84620973,72.82020149,2.277504284,0,0.008925707,2
6972.012391,17.20486125,1199.525058,616.8809723,80.35472908,17.59136131,157.8250052,-0.181249207,2.066666667,0.019479393,2
1221.84767,33.67310851,411.4340918,816.5449752,64.294332,10.15799603,52.50650896,-0.372746485,0,0.007163003,3
4058.38198,75.87388935,3079.252253,788.3303105,21.16552536,25.83397035,78.50216215,-0.579534183,3.6,0.017785184,1
2475.678381,18.61922815,460.952206,773.3818879,80.1059277,11.39194356,66.49392983,0.577786834,0.2,0.007787045,2
1207.553202,58.37239747,704.8777549,774.0903915,40.37753963,10.84730727,43.0789979,0.020984913,0,0.006300677,2
3391.364153,68.43145108,2320.759701,724.596576,27.18547839,22.39402093,68.88305238,-0.038216046,2.4,0.017375502,2
6699.856849,13.61676742,912.3039247,908.2184381,84.96864203,18.21915099,257.3763222,0.182263997,2.8,0.014259006,2
3383.696067,48.79529712,1651.084549,791.6190094,48.83996411,19.11359007,115.8234615,0.083570507,3,0.013368842,2
1144.24362,56.60867378,647.741138,694.3683312,40.74081843,9.789796559,42.8321895,0.655250481,0,0.007350803,2
2546.545361,60.24895284,1534.266913,808.5851907,37.45858534,20.04850949,73.61793732,-0.132571526,0.733333333,0.013832736,2
6148.666267,8.420958511,517.7766353,1157.818316,91.55161911,15.90676918,282.731854,-0.057115619,1.733333333,0.005141,3
1096.567734,48.68400231,533.8530611,733.6397811,45.26211277,12.35465009,74.22819847,-0.472230826,0.066666667,0.012049705,2
3263.630587,25.12753861,820.0700358,957.432411,74.56869297,14.67187741,97.30382258,0.289509191,0.4,0.007214695,3
6002.625697,27.71393168,1663.563585,712.4289369,69.12795274,21.08620599,186.4467806,3.327060608,3.533333333,0.018933624,2
1936.721668,37.96071209,735.1933363,887.5115395,61.56522644,12.20453026,144.3281394,0.942578423,0.2,0.006205697,2
1332.74095,42.58176918,567.5046752,692.7282168,55.27171747,10.07321483,71.12226362,16.23195816,0.2,0.007195128,2
1163.929075,62.32898147,725.4651374,781.1647687,36.30295215,10.99736119,43.82922398,0.12359018,0,0.006519191,2
778.9564683,41.78935707,325.5209,730.7313419,52.99732257,10.21747009,41.33695154,0.754743545,0,0.009040431,2
7172.453856,19.94624959,1430.635548,796.0918428,78.40777135,20.08779281,219.1898551,0.804108315,2.666666667,0.015182515,3
4494.170008,17.08298662,767.7384612,727.0725889,79.70430485,16.7672374,137.2410795,3.286630594,1.333333333,0.018466473,2
2534.602307,27.10675243,687.0483724,883.3824323,72.67708351,12.45409563,67.95250757,-0.583150753,0,0.005064846,2
4460.90873,34.70904886,1548.33899,880.9518027,64.73947882,18.31491062,119.4080977,0.263877601,2.666666667,0.009955321,3
3667.121479,27.42840167,1005.832809,1112.614995,72.5557349,17.74214005,90.74578948,-0.223270832,1.066666667,0.006491687,1
5062.319228,44.35910262,2245.599381,1045.878278,55.55751508,23.11069744,99.42083164,-0.450080112,3.333333333,0.009258521,2
3133.999778,17.45606396,547.0730058,729.9320009,80.93938738,13.10014632,217.6455226,0.587776063,0.8,0.01745018,2
2489.055004,32.86420031,818.0080225,822.6383897,63.08196022,16.80652766,105.5547143,0.645995951,1.6,0.014180745,2
1226.317274,54.0810892,663.2057386,786.1348768,44.58504437,11.03755916,52.74134335,-0.520281568,0,0.006537423,3
3867.241941,59.55588504,2303.170164,893.5756558,39.52196991,22.49706061,94.42393576,-0.336173478,1.666666667,0.012937452,1
1143.695619,33.39636664,381.9527821,766.7749995,64.72699317,9.268327187,45.76357607,0.757820647,0.066666667,0.006668046,1
5278.747766,29.46368958,1555.313855,1080.647822,70.51813555,20.63312825,104.5061177,-0.012592408,2.4,0.007841108,1
2410.630305,40.27368067,970.8495511,797.1796509,58.42582522,13.93496097,75.80171958,2.256257755,0.6,0.009029781,2
612.3446446,41.02066873,251.1878681,705.3879113,51.0427311,9.389011975,32.87365043,0.617540025,0,0.009208376,2
2960.266301,35.48163975,1050.351024,966.8093911,64.3327307,16.8116795,93.54261618,0.460634619,0.4,0.008393276,3
678.2053957,42.70824812,289.6496432,716.7345592,51.05276996,9.311490463,34.03532106,0.793036216,0,0.008462153,2
1304.147129,42.83639124,558.6495665,773.0965281,54.37585366,10.96230104,66.81429057,-0.357137854,0.266666667,0.00841046,2
6329.439597,18.6179581,1178.412412,865.6517404,80.54369795,19.29245435,303.9660406,-0.251086586,2.733333333,0.013220124,2
5357.313657,45.85314057,2456.496562,1020.807728,54.09276411,23.87664284,103.7207295,-0.020087759,3.666666667,0.009698272,2
1438.126025,29.21344374,420.1261373,768.1342478,69.22751949,9.526011784,56.77743635,0.390646498,0,0.006610994,1
2097.325886,60.26901799,1264.037715,762.84747,38.53511641,14.11392458,63.82209749,2.7399423,1.066666667,0.00864765,2
1849.696936,60.90738073,1126.601955,827.0033415,38.29732181,13.81094644,58.0259012,-0.40530735,0,0.007278628,1
3707.371402,49.09541402,1820.149339,782.5942891,48.70474388,19.17664323,116.1610271,-0.112240924,3.066666667,0.013403062,2
4453.252019,24.84538578,1106.427644,941.3516273,75.03080613,16.63883204,125.2868394,-0.6509832,1.2,0.006835263,2
1267.528168,39.48998013,500.5466218,775.4821542,56.5522902,12.53298493,51.68032227,0.99205681,0.4,0.010046383,2
1490.862366,40.04962446,597.0847789,851.813891,57.83700332,13.30312549,54.3166136,0.929592514,0.133333333,0.009111148,2
3044.564838,20.01659425,609.4181903,682.3062958,78.09444595,11.74876163,101.6895814,1.444751416,0.266666667,0.009763064,2
1984.989271,56.06827272,1112.949198,807.8478878,43.12065056,13.94646914,64.1890799,-0.340028125,0,0.007436159,1
9942.628521,6.237036485,620.1253685,1017.82208,93.64149551,17.74610314,315.7440718,-1.074919263,2.6,0.008026847,2
2360.510049,22.88982886,540.3167105,947.3463143,77.00447523,11.72651244,78.77455879,-0.303347386,0.133333333,0.004605097,3
4628.811883,14.78647172,684.4379603,940.8096518,84.3462155,16.03675595,320.3988542,0.670694222,0.733333333,0.010184094,2
4694.734679,21.62727699,1015.343273,1075.940784,78.29302907,17.66222842,162.4950822,-0.781539364,0.533333333,0.006527384,3
3545.572343,4.150956664,147.1751714,942.3518858,95.53533974,9.930089927,506.0452466,-1.077285793,0.4,0.005921115,2
6160.629071,7.743605359,477.0548029,1258.428707,92.20034168,15.86309981,285.8782236,-0.609035766,1.2,0.004907509,3
5017.788572,6.989739212,350.7303354,1118.517448,92.81704991,14.41672143,345.5351092,-1.480307302,0.733333333,0.007109576,2
3266.859283,21.20383025,692.699297,714.5016776,75.92085897,14.27975967,73.51216989,8.312094663,0.933333333,0.01225948,2
1917.356461,26.21500005,502.6349971,858.8752846,72.68502033,11.67805502,82.47306516,0.079130007,0,0.007571706,2
3256.718397,31.52629137,1026.722531,792.8745365,67.59649045,14.79113387,89.1274323,-0.550780469,0.8,0.008976866,1
6568.813271,30.34915119,1993.579071,994.9354988,69.59094795,22.76518889,127.5129404,1.97606444,3.066666667,0.009514653,1
4456.765004,19.83665091,884.0729157,942.5752443,80.03508338,15.71990948,126.0836846,-0.301312213,0.4,0.006603797,2
2935.589932,28.04217342,823.2032196,888.2472445,71.85167521,13.03531013,77.17413346,-0.363972692,0.133333333,0.005012221,2
1395.600767,25.45450324,355.2432424,727.4997755,72.39210414,9.302702945,60.96670729,-0.012828765,0,0.007286472,2
2338.875071,26.63132931,622.8735223,800.6143092,72.5014297,12.27222442,104.7704947,0.369455711,0,0.007852359,1
1560.274431,62.35105451,972.8475609,792.0588624,36.62951817,12.39366171,51.14755775,-0.193521062,0.133333333,0.006806888,2
767.5178632,40.0354329,307.2790991,760.7958773,55.24158363,9.882326043,38.2546854,-0.003379094,0,0.008193199,1
6917.190303,19.0263535,1316.089079,1121.577455,80.88923966,20.87043521,285.9074954,0.353570845,3.533333333,0.00882988,3
3358.250886,22.6500845,760.6466632,942.4702649,77.0425994,14.60255815,98.89621437,0.084381806,0.466666667,0.007314487,3
2085.999022,70.84226369,1477.768928,835.1916918,27.80396263,18.98001329,57.8067004,-0.613239134,0.266666667,0.01200433,3
1962.059761,15.89059978,311.7830641,800.9172299,83.53275533,8.828617983,107.6950795,1.872414221,0,0.005336173,2
1576.467556,24.90870175,392.6776017,737.3663224,73.36733441,9.488968565,60.98815441,-0.074984991,0,0.006953587,2
1894.601989,47.31479446,896.4270368,844.149014,52.17509243,13.19180275,60.65941553,-0.417141682,0,0.006657209,1
3620.64831,21.30393088,771.3404134,1050.252703,78.6575245,14.7053379,141.3993804,-0.063831738,0.466666667,0.005520483,3
1673.970075,37.19669532,622.6615486,721.6043351,59.70056407,11.58854957,70.32694382,1.852966743,0,0.010008571,2
1515.462892,42.41986102,642.8572525,830.4568992,55.54478765,13.16764649,75.00155371,1.6700033,0.133333333,0.008696713,2
3157.183277,67.69129491,2137.138243,719.4056201,27.54699541,21.77344805,71.19736146,-0.30037001,1.333333333,0.017522087,2
2334.444299,28.14597059,657.0520059,758.1041226,66.79384648,15.44207531,123.461106,-0.09854631,1.2,0.015454185,3
2819.235679,24.15714261,681.0467835,908.9750534,75.78483774,12.24867584,67.70281817,-0.253781063,0.133333333,0.00431017,2
4547.898568,43.83333638,1993.495677,782.2666276,53.45544877,21.50833882,159.1832588,-1.063625687,3.266666667,0.016306096,3
5356.529687,13.98116984,748.9055131,719.8029868,83.57219143,14.93527149,156.3014422,2.966002853,1.933333333,0.013673414,2
2522.879085,34.00750247,857.9681673,811.9099123,65.3802131,13.22293793,90.09811238,-0.188745668,0,0.007455868,1
2769.487082,51.166055,1417.037283,782.6428539,48.1363126,14.94744157,94.33389846,0.688049296,0.466666667,0.008238677,1
4456.30289,28.41322207,1266.179236,1002.908708,71.49593307,18.30808745,143.8730452,-0.501016531,1.466666667,0.007609165,1
1167.591818,50.81608727,593.3244772,698.3166257,46.67180551,10.06927922,46.73156856,0.410624581,0,0.007542019,2
3580.302929,21.50550994,769.9624022,934.3541222,78.40629557,13.65394142,92.59732406,-0.28392313,0,0.004854845,1
3493.858363,73.37589082,2563.649698,731.6457771,22.91588802,23.08311136,74.85260714,-0.47261799,1.666666667,0.016894624,1
1790.413206,59.39659344,1063.444453,817.7029602,39.86050499,13.38233435,56.54798248,-0.522134527,0,0.007096406,1
1914.419317,17.4326281,333.7335998,644.8750409,80.5283435,8.853080672,103.7659741,4.861443237,0,0.009013592,2
912.3175757,47.23936289,430.9730103,883.7938593,51.45974694,10.07840636,69.11270005,0.757028255,0,0.006260545,3
809.5177298,41.21073268,333.6081876,732.5331901,53.69259529,10.30718963,42.5494291,0.598061451,0,0.009073867,2
2999.730088,51.12397958,1533.581398,1023.978246,48.75032776,19.37391434,72.134272,-0.282132948,0.533333333,0.008828034,1
6193.395134,8.467738183,524.4404845,1200.507368,91.444025,17.13237185,279.0648562,-1.005168004,2,0.006632047,3
2653.016635,56.55744682,1500.478472,840.0921217,42.30210768,19.20179502,73.57373371,0.960369318,1.266666667,0.012252525,1
765.1854476,37.97367316,290.5690209,759.7013308,57.8797426,9.561541992,38.59833653,0.224244086,0,0.007903634,1
1713.521823,20.66236975,354.0542147,901.8911316,78.93563856,10.01349878,58.08645942,-0.081777569,0,0.005161848,2
750.4222813,34.20802129,256.7046138,725.3239787,61.04894245,9.17360329,41.97568997,0.306790924,0,0.007862743,2
3615.086953,68.01072611,2458.646887,728.4345481,28.77750921,22.50287154,75.35389592,-0.624388934,2.266666667,0.016428172,2
1534.909832,35.12644097,539.1591962,959.6370559,64.70420161,11.77274244,51.18586317,-0.131678943,0,0.005771313,2
6255.902835,15.45253656,966.6956728,682.8601383,82.99604669,16.16663116,149.7161721,-0.43540549,1,0.015501163,2
1927.622335,27.29226898,526.0918726,880.2005214,72.40180304,10.90065429,59.0216645,-0.352082639,0,0.004604464,2
3462.692222,43.28072173,1498.678185,1039.484921,56.59487944,19.82817118,100.2408091,-0.026192861,1.533333333,0.009480965,1
2125.235413,19.97640544,424.5456427,921.6681594,79.81063763,10.84908113,63.69338251,-0.330549889,0,0.005019191,2
3482.683161,31.81971448,1108.179838,706.6107558,64.5210587,17.29548165,81.68392301,7.080545267,2.066666667,0.01549856,2
1914.664317,34.69095962,664.2154251,785.72893,61.63772738,14.72320661,70.34777391,-0.442912877,0,0.012166161,1
2166.833877,33.25803629,720.6463971,980.5621658,66.61581353,13.76609104,71.58706503,0.413923897,0.2,0.00642644,2
3672.866925,34.16824681,1254.954236,977.5483865,65.22889575,18.26915155,163.0609692,-0.796340248,1.533333333,0.009655844,1
5711.695419,4.701203851,268.518445,1283.442545,95.27909332,14.8586288,258.653227,-0.429846343,1.066666667,0.00432024,3
1522.045366,43.02515667,654.8624031,848.5726131,53.96884862,14.13320864,57.94884958,-0.402563189,0,0.010350487,3
1236.326345,21.72827313,268.6323651,851.6501112,77.33281361,8.81227635,57.5593808,0.173906714,0,0.005461102,2
1580.96785,56.34373937,890.7764048,812.7369198,42.76315359,12.62498726,54.24514653,-0.178924963,0,0.006870286,1
1344.248765,35.20576963,473.2531235,969.9191801,64.67444554,10.53190884,81.67604063,-0.373141302,0,0.004748185,2
6582.679141,16.78210491,1104.712119,717.4550988,81.59015083,16.91530985,175.0134623,-0.525973237,2.4,0.015698319,2
1284.760128,36.2398157,465.5947025,743.5991096,60.14991129,11.04869264,50.89861442,-0.017557311,0.2,0.009046555,2
7401.15179,10.92097021,808.2775822,906.9899033,88.01770497,18.07429713,316.9313272,-1.060492965,2.533333333,0.014334347,2
2137.829927,42.58479123,910.390411,697.2168526,46.79858532,18.64233467,73.10322457,1.361328342,2.466666667,0.019764828,2
2515.055354,59.02941095,1484.622361,809.2422748,38.74787944,19.48114986,63.65712128,0.094463753,0.4,0.013437287,2
6385.621883,11.86974951,757.9573222,983.0525268,87.70721608,16.7659262,165.5098413,1.050772806,1.466666667,0.008810726,3
2637.669182,60.21080938,1588.161963,806.7602529,37.3586241,20.37703472,73.97880648,-0.126586773,1.066666667,0.01412573,2
4726.512258,37.52985422,1773.85316,1011.576832,62.33686883,21.13373193,99.16480301,-0.411649145,2,0.009316835,2
5931.594609,13.1321273,778.9445547,974.6580317,85.95628998,17.46727861,290.6021602,-0.695712103,2.133333333,0.014411889,2
2232.118682,68.87271622,1537.320766,822.0279075,29.5723866,20.12837583,57.03845552,-0.325489928,0.4,0.013474341,2
4963.899646,12.03763455,597.536099,1221.205603,87.87403334,16.13041328,293.391887,-0.631947139,1.2,0.00654825,1
3599.661416,35.14407056,1265.067548,758.3728923,63.70259684,16.0620809,103.9585244,-0.073107229,1.8,0.011183897,2
3534.478371,31.74570143,1122.044951,920.8346078,67.94361321,17.57768145,116.8724114,-0.492679225,0.933333333,0.009337581,1
1095.108186,32.86927747,359.9541481,897.2007903,66.23652327,9.915044492,46.24643397,0.147471197,0.066666667,0.0062065,1
1868.009451,15.15284806,283.0566339,812.7492469,84.20841804,8.402775204,100.9644506,2.402304489,0,0.005045592,2
6808.423249,16.26085063,1107.107535,941.1570299,83.34462997,19.20179373,170.4789959,1.597149703,2.466666667,0.010589948,3
1935.696642,51.84967974,1003.65251,836.6393246,47.54389614,13.3132921,61.25937519,-0.08866467,0.133333333,0.006914311,1
2188.341052,35.98867651,787.5549821,810.2750272,61.7718777,14.02678557,82.72115419,0.579624118,0.866666667,0.009762156,1
2821.73333,21.28583061,600.6293769,893.8408792,78.43584611,12.52416727,80.57278189,0.973510352,0.266666667,0.005613979,2
1904.163376,30.4032973,578.9284523,702.0990254,68.16124273,10.29540836,97.56162141,16.36784588,0.2,0.007186252,2
4624.849614,24.41078569,1128.962128,905.4376798,75.22490468,17.22947964,110.1647418,-0.628355459,1.4,0.009101713,2
4624.02314,36.61020545,1692.864371,1016.53194,63.2825735,20.87924306,100.3627176,-0.334296396,1.933333333,0.00914722,2
2946.461088,42.71660671,1258.628195,985.1182574,56.92712666,18.53626388,86.04469421,0.857034817,1.266666667,0.009281825,3
2501.246953,24.18151031,604.8392898,905.5111577,75.37098436,13.0947464,90.02280454,-0.356061149,0,0.0070297,3
2022.964452,25.37410339,513.3090916,744.2254495,73.49026911,10.58175751,88.63057583,-0.601450864,0,0.007619278,2
1548.138653,31.3341731,485.0964452,764.4225144,67.05275459,10.24167562,56.28026335,1.660560505,0.066666667,0.007213284,1
3077.452876,17.46169842,537.3755401,819.3363337,82.03896947,11.65578,114.4653772,-0.697195344,0.333333333,0.006771634,2
1523.923414,29.02796221,442.3639128,763.2080899,69.44485809,9.798266678,59.7839575,2.117945897,0.066666667,0.006919756,1
788.0777673,36.02410667,283.8979755,770.7707437,59.67135385,9.544313486,43.31860069,-0.160469951,0,0.007816706,1
2547.937001,53.9425199,1374.421424,810.3693559,44.14317893,18.97437112,62.19898199,-0.508068622,0.133333333,0.012850192,2
3378.244492,62.14668066,2099.466816,717.2188173,34.95453124,20.08505855,83.2157369,-0.67293625,1.666666667,0.01449128,1
3323.544448,33.87293119,1125.781924,951.2849515,65.95217914,15.82748378,118.9482686,-0.119127937,0.4,0.007403495,2
4155.788453,68.18862131,2833.774851,753.8064104,29.19112301,24.17636243,81.55510462,-0.731358798,2.6,0.016901741,1
688.4376227,38.71483164,266.5274666,718.2688517,55.43245763,9.170931414,34.67218113,0.491890569,0,0.008123698,2
1346.738203,56.67058034,763.2043555,781.2880518,42.30037012,11.57332646,50.10469439,-0.27975275,0.133333333,0.006513121,2
7037.528378,18.60781494,1309.530257,1104.546496,81.30195639,20.93479095,281.3551022,0.679418878,3.533333333,0.008926581,3
4589.126661,21.73063685,997.246449,1077.38556,78.19512101,17.67734942,162.3180746,-0.759748523,0.533333333,0.00653568,3
2502.307718,21.29713179,532.9197725,899.6253126,78.41751271,11.8144731,74.76225641,2.08751206,0.133333333,0.005512896,2
4709.278322,38.6447603,1819.889319,1015.275582,61.26731581,21.47872094,91.55479504,-0.37953372,2.533333333,0.009058421,2
2889.76744,33.20727607,959.6130516,875.5185286,66.57481726,13.83770314,83.20052919,-0.459695661,0.2,0.005767484,2
2269.719132,66.95659074,1519.72655,840.4016056,31.90185809,19.21496183,59.17515518,-0.568462817,0.266666667,0.011927046,3
2836.657663,57.05696768,1618.510846,828.7230581,41.33059717,21.44644865,68.58318356,0.395502281,1.6,0.014524404,1
9226.911091,5.882739209,542.7951165,1090.08468,94.02275293,17.60836616,280.2576421,-0.698315341,2.133333333,0.007379538,2
6745.909486,8.088417269,545.6373078,1000.970764,91.10787607,15.35650394,393.3574305,-0.725686439,1.2,0.011409574,1
2013.26615,22.19966178,446.938276,813.0817559,76.36706778,11.41329487,58.68375141,0.091585408,0,0.007541027,2
1334.38826,56.4981158,753.9042245,771.9645497,42.31785661,11.02481296,45.29399195,-0.084368481,0,0.006282148,2
1872.538779,23.20905105,434.5984812,720.1637735,75.74920311,9.533836848,84.76045291,1.899768145,0,0.006958313,2
1161.614975,32.04815965,372.2762219,902.5288687,67.08783895,10.20827905,46.71077717,0.231443686,0.066666667,0.006304342,1
3090.948083,31.48340566,973.1357237,825.4549437,67.95318614,14.2515429,110.6394597,-0.665392357,0.133333333,0.008164509,1
4196.950466,11.47107652,481.4353993,1197.853848,88.45953422,14.92400605,305.7246253,-0.821619004,0.733333333,0.006495092,1
1447.916837,27.24054176,394.4203906,721.3432045,70.79642729,9.566991315,51.22861939,-0.245282355,0,0.00715702,2
3314.919916,16.18483369,536.5142755,722.995037,82.42054958,13.48124249,221.6732807,0.493068082,0.933333333,0.017993756,2
4819.304455,24.54989842,1183.134349,825.7423488,72.54473054,20.19247985,259.613981,1.382981342,3.733333333,0.017482875,2
4549.224487,16.97998347,772.4575657,581.8175624,77.23889186,17.04524287,159.1517018,0.951349563,1.4,0.025159589,1
5439.085149,39.69212843,2158.888663,1059.955829,60.25875539,22.99849564,140.0475533,0.389240818,3.066666667,0.008928347,1
4639.244788,20.9641211,972.5768953,885.9353742,78.20306507,16.83753435,121.160041,0.092027648,1.933333333,0.010225002,2
2991.253634,64.601262,1932.387598,700.771522,31.12378287,20.41829251,66.61181616,-0.289811337,1.066666667,0.016572803,2
2261.7346,27.96751994,632.5510752,870.0408052,71.70839001,12.10160242,64.91418762,-0.664207284,0,0.005449363,2
1571.651932,40.49935706,636.5089276,864.2285487,56.70158985,14.09035759,57.96987171,0.523961581,0,0.00987115,3
2090.903419,22.9033759,478.8874698,848.8448438,76.5825647,10.70338938,67.6592688,1.15216154,0,0.00579361,2
2397.069638,34.8644566,835.7253035,852.0578639,63.6223108,14.93964202,71.36636269,1.327314993,0.533333333,0.009502223,2
3841.493387,24.7903894,952.3211694,845.9973428,74.00514286,15.27876285,330.5735188,-0.640635417,1.333333333,0.017778142,2
4684.615814,27.31067461,1279.400182,951.1564235,72.57518972,17.12319482,122.8306304,-0.707655722,1.066666667,0.006905648,2
4278.449393,49.1117683,2101.222153,1020.870376,50.739944,22.22132259,95.77468352,-0.373383744,2.733333333,0.009880957,2
1434.013463,23.87133691,342.3181852,769.4407033,74.36761868,9.303157706,54.04629857,0.133474295,0,0.006749666,1
6251.201937,8.138144509,508.7318472,1200.382617,91.78314562,17.15803115,278.947724,-1.003283774,2,0.006636263,3
2674.434492,21.83155792,583.8707152,785.1554354,77.54038315,11.72227181,78.66531476,-0.13078507,0,0.00693725,2
3118.699214,24.77644596,772.7028256,769.8923737,74.43761603,12.48007409,142.8079166,1.399039296,0.666666667,0.008649864,1
3060.521835,44.99944504,1377.217841,671.8632058,50.39086479,16.52099823,90.14141964,1.588363882,2.333333333,0.017292646,2
1347.703556,52.87704363,712.6257975,579.2307115,43.9936668,9.3387961,52.6751237,1.569024542,0.133333333,0.008932746,3
3657.458718,21.21684294,775.9972718,929.6424689,78.72075755,14.09033757,80.20717218,-0.452838248,0,0.004820207,1
3369.246372,20.64633223,695.6257997,882.1311105,79.12041747,13.66656167,104.5167149,0.922878775,0.333333333,0.00591013,2
6549.746677,17.58844013,1151.998273,663.941439,80.45102754,17.10527431,157.3567705,-0.637089494,1.666666667,0.017208288,2
7405.703582,15.31167225,1133.93706,963.9710204,84.53085019,16.78603009,218.0986452,1.651716266,1.266666667,0.009847325,3
9966.875414,7.610128256,758.4920021,834.6999893,91.56926469,17.85914649,271.6168301,-0.463534588,1.933333333,0.014640309,1
1896.279231,38.50770511,730.2136144,791.7525627,59.79931543,13.97779285,66.05516382,-0.045256509,0.133333333,0.009956833,2
1456.514314,28.61338489,416.7580467,761.8639725,70.09961072,9.662101077,57.87514699,-0.359710412,0,0.006252739,1
3733.194787,39.83757308,1487.214201,876.9436566,59.37020218,18.80332131,93.46430622,1.226665446,1.933333333,0.011522647,1
2055.877645,30.21020959,621.0849454,837.5658062,68.23040452,13.74103204,64.50892328,1.599807532,0.266666667,0.009664393,3
3372.617479,61.49053688,2073.840595,722.9694712,35.39126018,20.56052251,85.06359284,-0.745881862,1.333333333,0.014741708,1
3168.303571,13.75689173,435.8600919,734.5742109,85.74830746,10.08127743,121.1668425,7.948615695,0.333333333,0.00627676,2
8199.074911,5.185005638,425.1224964,1170.760876,94.80302344,16.07853206,233.11241,-1.1740225,2.266666667,0.004635725,3
2160.428341,64.10186044,1384.87476,817.6997551,33.60779844,19.60255091,58.0763307,-0.320167793,0,0.013835599,2
4937.56139,45.07981165,2225.843375,1043.496515,54.82194156,23.00605477,98.85189489,-0.441180483,3.133333333,0.009238592,2
8452.680568,7.929934468,670.2920298,810.3698543,91.52232811,15.4407442,189.8119582,1.819049256,1.466666667,0.011419455,1
1577.525334,21.42483973,337.9822744,600.3236869,76.92350491,8.464778188,72.70449657,7.667175635,0.2,0.007404198,2
2228.723599,28.99266151,646.166289,862.3907464,70.72013614,12.16683297,64.68720915,-0.694253441,0.133333333,0.005452226,2
4463.123328,41.8483138,1867.741856,1040.736801,58.05627605,21.73660358,100.9189912,-0.372737903,2.4,0.00881707,2
848.2278774,32.64937127,276.9410689,881.3949807,66.34243411,8.79269318,46.4968457,-0.347463185,0,0.005591322,1
4630.723315,32.99519728,1527.916293,1005.572984,66.90148957,19.46513016,127.8948671,-0.690276814,1.6,0.008041103,1
2385.530867,29.45841473,702.7395762,805.9364115,69.2515348,13.02802509,65.75973827,-0.183855589,0.266666667,0.00834381,2
4673.989587,17.29319735,808.2822434,719.4645108,79.32609529,17.18788349,144.2714086,2.604382462,1.4,0.019311973,2
2939.921037,64.41068879,1893.62339,697.7189714,31.20833872,20.19852645,66.45651693,-0.254819034,1.066666667,0.016571232,2
3245.726612,41.01940089,1331.377611,817.683929,58.06095937,15.51862464,106.0189942,-0.395898278,1.533333333,0.009551404,2
2367.543604,33.10125962,783.686755,766.1678226,65.72865209,13.29543795,86.77125091,0.416222058,0.6,0.009129981,1
1435.001786,50.04079559,718.0863105,609.9816202,45.58021484,10.71518726,47.68127885,7.135373809,0.6,0.010354436,2
1721.599241,40.9591095,705.1517184,914.0227056,58.16374295,13.08329035,96.21147584,0.434582497,0,0.007415575,2
2908.343675,30.29425727,881.0611152,816.8795287,65.5308724,17.53152077,121.0314614,-0.414068,2.066666667,0.01545916,2
3975.564311,30.50734671,1212.839188,1068.584994,69.47378264,17.66671335,90.47990478,-0.268168525,0.733333333,0.006478071,1
5543.863842,2.540642862,140.849781,1318.010704,97.39290945,12.85490537,535.6839172,-1.610691946,1,0.004657068,2
2027.392974,57.61936261,1168.170909,827.5621589,41.62720677,14.87007941,61.4375483,-0.228438422,0.133333333,0.008026907,1
1592.1924,56.25783472,895.7329686,780.5082103,42.78208913,12.04965551,52.18714457,0.065679934,0,0.006450398,2
6227.228631,17.13648841,1067.128312,994.7837224,82.78303124,17.66359421,184.6460139,-0.526129609,1.8,0.0068893,3
1039.610884,54.89648103,570.7097919,782.4206612,40.60922531,12.69276166,47.29811424,-0.439629258,0,0.01013058,2
3381.545356,61.11301722,2066.564396,855.0185796,37.83608946,22.06277012,90.05871315,0.082390808,1.266666667,0.013599153,1
2544.834091,15.29682331,389.2787745,728.3444006,83.46558994,9.859625608,73.39378347,5.512336198,0,0.007732152,2
1153.560878,55.44731387,639.6185206,751.5216053,35.54547185,14.64993733,43.14298646,-0.199988458,0.066666667,0.01359266,1
2524.752013,24.51445489,618.9291933,906.2075726,75.42088106,11.88783151,65.09368477,-0.464320743,0,0.004021808,2
2344.623227,48.78953517,1143.930774,899.2241466,50.04980038,16.98288507,74.65785048,1.471148856,0.6,0.010032063,2
2697.042227,19.98681678,539.0528884,923.177781,79.89473759,11.7912862,95.6712913,-0.667338359,0,0.004548361,1
1099.765053,56.80206695,624.6892816,691.4527397,40.41380271,9.675949397,42.41356373,0.730239643,0,0.007271644,2
3558.237449,43.12353022,1534.437602,983.1998861,56.67643691,20.10009748,100.7195096,0.189721933,0.666666667,0.009865007,1
8214.156302,7.37214664,605.5596479,1079.98806,92.51644665,17.59301374,278.6083465,-0.676414627,2.133333333,0.007438641,2
3396.366764,33.51218202,1138.196612,941.321238,66.22189716,15.98944012,125.951073,-0.549818418,0.4,0.007568076,2
769.9824639,41.38544627,318.6606789,773.1199691,57.07989725,8.087890096,66.05675039,-0.492494346,0,0.005461237,2
2842.110028,25.25767833,717.8510087,903.3669991,74.66689077,12.71196546,73.24639937,-0.350093241,0.133333333,0.004583345,2
2686.433444,31.78150439,853.7889631,811.0809805,63.54203062,17.67902325,112.5222661,-0.105374336,2.066666667,0.015792398,2
1061.57063,34.00817436,361.0207907,831.3290275,63.57748125,9.759095335,50.23815936,-0.44739193,0,0.0068908,3
4864.028505,65.5174093,3186.785464,788.1593896,31.87388746,26.44837731,84.76477219,-0.740096103,3.8,0.017930607,1
1903.55375,44.03306393,838.1930395,836.6404385,54.54578021,14.62368015,80.74179496,1.222168721,0.4,0.009488907,2
1333.385116,42.81548153,570.895258,574.8159812,54.3354258,8.904663269,52.5327185,1.852139286,0.133333333,0.008698935,3
8578.746318,11.5440749,990.3369001,1043.599374,88.37476727,19.3562768,202.7538364,0.358421646,3,0.00757618,1
781.1085288,47.92079704,374.3134328,678.5521102,48.16439087,8.719174158,41.29822249,1.826174231,0.133333333,0.007419961,2
2080.558517,14.77492402,307.4009402,831.5114932,84.33420269,9.362724518,74.18066392,2.192399838,0,0.00602408,2
2913.916684,50.48121651,1470.98059,778.5571808,48.7518129,14.76305224,94.63040998,0.564593553,0.466666667,0.008206992,1
1547.736988,25.8461053,400.0297316,754.4280249,72.36763953,9.865918994,56.55820237,0.697097669,0,0.007168296,1
1218.517846,57.36071935,698.9506016,774.4080509,41.41934734,10.83566237,43.20416528,0.005421566,0,0.006246029,2
1337.288214,44.41641305,593.9754567,778.3559343,48.39954224,15.08653583,61.22515301,0.147937271,0.066666667,0.013389151,1
2291.348458,25.77121763,590.5083976,805.8946106,71.74169114,14.33812159,109.1014751,0.695315948,0.733333333,0.011774534,3
2714.394784,22.0983832,599.8373608,789.870737,76.70622025,12.31837254,71.24818152,-0.204106022,0.133333333,0.008043061,2
549.8883904,44.98905016,247.3895638,777.7841928,51.97090234,7.473672978,49.16859466,0.151852035,0,0.005746197,2
5490.699138,41.3615272,2271.037017,1033.825747,58.58687921,23.4320464,111.0818294,0.011224381,3.4,0.00904867,2
2387.865586,24.08184473,575.0420827,829.5349913,74.76773972,12.4536172,71.6521248,0.108869734,0,0.008066536,2
5885.956846,16.56686583,975.1185735,686.7121355,80.9162568,16.39520779,163.3498426,0.188529259,2.333333333,0.016412819,2
3301.773297,28.75852787,949.5413939,741.2883407,70.2027912,13.78658481,92.75479728,0.012993634,0.6,0.008995349,2
2922.227776,55.30849458,1616.240191,832.2189354,43.32429674,19.24929759,79.58321998,0.456252295,1.266666667,0.012255645,1
4074.115803,46.86372294,1909.282342,986.4679145,52.91056271,22.70328132,113.4999963,-0.315731158,2.266666667,0.011555931,1
566.3159438,35.99685272,203.8559162,778.0033746,59.93535249,7.466379476,49.53260743,2.475027757,0,0.00617345,2
2998.624424,37.12595857,1113.268061,763.7455931,61.81930583,14.66364062,78.89558594,2.05062408,0.666666667,0.009089355,2
9638.016527,14.37204875,1385.180434,1070.732524,85.55117434,20.96780681,189.6113357,0.524413231,3.466666667,0.007692092,1
3317.808797,13.67526735,453.7192233,729.1043024,85.65921611,10.12348941,126.1795915,6.832239884,0.333333333,0.006898403,2
1713.080593,37.04904123,634.6799353,744.6867273,58.62170703,14.90867454,132.6806478,-0.31728239,0.8,0.015929044,2
4442.245543,40.78027822,1811.560092,1005.779392,59.10028472,21.34424677,93.33414402,-0.481087465,2.4,0.009123122,2
3544.062776,73.05176882,2589.000546,732.3238565,23.27297425,23.07834815,74.98201517,-0.48528605,1.666666667,0.016878636,1
2132.791995,18.90295761,403.1607667,919.6761661,80.90968958,10.79097089,61.21635752,-0.429017058,0,0.005053882,2
1505.136785,44.26464781,666.2434972,861.3526031,53.37105107,13.85796566,50.54202042,-0.03812335,0.2,0.009367615,2
3102.14705,37.81785517,1173.165479,828.6915437,59.85710667,17.18890843,110.7717434,-0.281909239,1.733333333,0.012740623,2
1415.448096,26.62968487,376.9293675,665.773064,70.85534296,9.028145597,46.82036114,5.194959421,0.2,0.00841348,2
958.8260213,52.11245623,499.6677907,910.2506428,47.04210176,10.57713514,90.27666873,-0.932721311,0.2,0.005932535,3
3807.365718,48.37989457,1841.99952,987.1067183,51.20964913,23.01441806,91.3990109,-0.288335654,2.466666667,0.012409573,1
5810.633396,11.16819058,648.9426112,1000.42688,88.24635007,17.30524184,371.6497292,-0.401776914,1.8,0.011606436,1
4399.407112,42.9202839,1888.238023,870.4991407,55.40117972,20.26886885,158.4128403,-0.811451323,2.533333333,0.013422077,3
2705.363904,37.50168456,1014.557038,860.898629,61.12424231,16.27669058,73.66449344,1.64228154,0.733333333,0.01024294,2
2879.586452,39.55739589,1139.089413,816.7477319,59.47701776,15.47837133,105.2840862,-0.370021393,1.533333333,0.009494224,2
9081.424512,7.516918139,682.6432465,1113.170924,92.25660524,19.15841791,298.8161945,-0.567939383,2.8,0.008984969,3
9364.760291,8.4329053,789.721367,1048.186676,91.35701831,19.08749898,253.5070801,-0.231310582,2.8,0.009082627,3
1282.814973,59.10123581,758.1595022,774.9845254,39.52294207,10.95234568,50.82495966,-0.520397722,0,0.00648314,3
4278.933126,24.95258097,1067.704253,939.9374014,74.92075607,16.2119054,121.5702132,-0.537648295,0.733333333,0.006635337,2
2938.622277,22.87399808,672.1804032,886.8978972,76.84942383,12.86800774,81.16729013,0.726652584,0.266666667,0.005767904,2
3243.965678,33.26064889,1078.964034,753.6695845,65.52250361,14.36061946,84.93303279,1.171204021,0.6,0.009104569,2
6334.22526,26.40369179,1672.469315,954.8548739,73.22764298,21.30837443,266.3563017,6.597995939,3.533333333,0.011168266,3
891.7462991,42.37259043,377.856007,737.9418859,52.35676251,10.19397544,53.67971083,-0.792392325,0,0.00909915,2
1338.939127,28.4849608,381.3962856,728.6064278,69.16190468,9.500469575,52.45361447,0.312939217,0,0.007391371,2
3388.07841,47.70119302,1616.153822,948.8803245,51.69589516,21.3685103,76.53131541,-0.158400704,1.533333333,0.012218433,1
3566.433634,47.97353122,1710.944153,982.2474344,51.70207192,21.34011051,107.8879297,0.439357893,1.333333333,0.011172884,1
3715.99093,28.46217867,1057.651978,909.3396081,71.17605033,15.69411759,137.2253886,-0.970984284,0.4,0.007686171,2
3058.611087,41.27463581,1262.430587,921.6728462,58.23509135,17.82233014,95.61484668,-0.263917134,0.733333333,0.009623048,2
9886.144876,8.575118279,847.7486163,831.9726637,90.59708931,17.84995646,266.11248,-0.288047766,2.133333333,0.014639777,1
760.2577491,43.8924249,333.6955616,767.1909907,52.34882148,9.002661163,56.6462044,-0.726767186,0,0.007432743,2
3371.695427,60.52215,2040.622564,718.5448654,36.65683251,20.1699258,84.22560924,-0.714816478,1.6,0.014574752,1
4542.948011,10.73158276,487.5302255,1226.215034,89.23232839,15.35529918,288.7938853,-0.618237355,0.933333333,0.005597802,1
2156.678129,36.45803168,786.2823956,969.0723362,63.28888861,14.23260162,76.50285166,0.468267034,0.866666667,0.006903674,1
3329.366779,32.07343181,1067.842184,743.2544359,66.73721031,14.01280698,92.54289692,0.158456039,0.6,0.009016514,2
2725.298756,49.69339617,1354.293508,833.479936,48.56880909,19.92598169,69.37412944,0.370217223,0.933333333,0.013606372,1
981.046652,39.35133993,386.0550029,771.5310662,57.54475903,10.9257847,51.75606432,0.030263452,0.066666667,0.008606007,2
2478.295547,36.93698549,915.4076665,798.1970859,61.57229021,14.20547804,62.7556926,0.085102038,0.6,0.009186935,2
1410.368743,65.09327242,918.0551679,796.1935234,32.78133396,13.37032526,46.1948216,0.001411718,0.466666667,0.008789229,2
736.7632819,34.94116221,257.4336534,723.3442276,60.15780882,9.018658584,39.54204044,0.350561452,0,0.00779207,2
4323.314146,18.82406498,813.8234642,928.9602361,81.02613795,15.06982407,124.8965574,-0.249120165,0.4,0.006430216,2
2053.97043,49.65117302,1019.820412,787.1813686,49.08049819,13.03678425,62.86610553,0.028287149,0.4,0.007961315,2
2762.096229,29.97204784,827.8568032,700.063601,64.78367976,15.51933262,129.8593724,-0.093200596,1.2,0.018753772,2
1512.26788,28.9795141,438.2478834,736.60336,69.707942,9.300757886,53.02719521,-0.652717237,0,0.006311868,1
3536.908537,34.24939932,1211.369929,924.2532412,65.39350196,17.9572769,114.3224237,-0.320415551,0.666666667,0.009772024,1
1426.299662,27.10284309,386.5677595,666.4084087,70.28170135,9.217290963,46.92914501,5.099536945,0.2,0.008592943,2
9756.478924,7.956778702,776.3014371,827.4314578,91.26322817,17.60125555,258.7436019,-0.022601198,1.866666667,0.01449148,1
3356.544831,44.12397388,1481.040964,1048.396386,55.79042634,19.53605803,82.32400747,-0.283202657,0.933333333,0.008435503,1
2825.663185,16.45981018,465.0987966,763.6713221,82.85438465,10.47789859,185.8169741,1.47825287,0.2,0.006708901,2
5715.752489,20.46111941,1169.506942,988.2617264,79.39550089,17.35708415,159.615228,-0.150585335,2.333333333,0.007329433,3
6706.509723,19.57282144,1312.653173,734.4413524,77.87856184,19.15743963,235.2886413,1.081766786,2.866666667,0.019463157,2
8437.443864,11.14174842,940.0787681,907.0841857,88.65292172,16.39182755,227.8388039,2.0720346,1.733333333,0.00784749,2
453.8316648,50.58477871,229.5697434,782.9921769,45.54493074,7.294650523,45.80313298,1.190380306,0,0.00568728,2
1549.779496,38.89901954,602.8490289,801.0832612,57.65349228,14.1002446,51.36845117,0.140093989,0,0.011083265,1
3263.24144,43.69282055,1425.802226,970.2888259,56.02622981,19.51509459,106.7536677,-0.174914972,1.066666667,0.00996682,1
6744.6155,9.365175423,631.6450731,1055.095969,90.51439048,16.27780629,225.6289897,-0.755787277,1.866666667,0.007049406,3
1864.724578,20.8584042,388.9517896,616.3711322,77.41159851,8.917045585,72.23274871,5.776710792,0.2,0.007431077,2
1289.220569,42.70383373,550.5466082,797.5648714,51.09444336,14.6682647,64.00032619,-0.404408439,0.066666667,0.012592924,1
1918.518659,26.2719137,504.0315664,882.2187891,73.43801868,10.85020544,59.16544255,-0.362403075,0,0.004626503,2
7470.713521,14.09648112,1053.107721,850.2384935,85.52194346,15.89291354,173.0647555,-0.316821996,1.733333333,0.008710315,2
6606.706912,15.74353327,1040.1291,913.0604941,84.14975085,16.70009002,155.2042424,0.354092255,1.533333333,0.007441973,2
4282.393966,26.99994069,1156.243831,641.778548,69.69382889,16.58944702,123.359455,2.356591599,2.133333333,0.019978036,2
3030.785191,32.436021,983.0661211,827.588138,67.02413204,14.26409758,111.6364694,-0.718017326,0.133333333,0.008166389,1
1617.031648,64.00000113,1034.900273,816.6863528,35.16377048,12.97461788,54.60768732,-0.314531833,0,0.006872025,1
1770.139327,22.24200256,393.7144345,768.7502478,76.2662749,9.538291094,60.50481341,0.245639758,0,0.00685543,1
1723.00263,26.62682247,458.7808514,767.7699548,71.54914477,10.73108804,54.96582632,0.367102723,0.2,0.00767362,2
9832.81749,9.339124779,918.2990946,862.3475052,89.90783487,18.79371515,269.8479736,-0.113776332,2.266666667,0.014025217,1
1570.649282,57.63041498,905.1716992,789.2180689,41.33248306,11.91520112,51.76957312,-0.226074701,0.133333333,0.006681117,2
4482.771511,37.71985858,1690.895075,1019.390964,62.16688897,21.41366541,100.8097549,-0.329325911,2.266666667,0.009265426,2
4510.701529,38.76711229,1748.668727,1017.421953,61.13919215,21.33754084,88.178606,-0.351097933,2.333333333,0.008974503,2
869.8693611,46.15439957,401.4829807,738.2051628,48.53056232,10.23718204,53.20764263,-0.793339984,0,0.009166138,2
3694.577275,22.98459424,849.1835954,767.7277858,75.74011251,13.72968088,110.5626075,0.707399569,0.266666667,0.009751641,2
6883.479983,10.86201695,747.6847622,748.2361891,87.66358396,15.70103221,195.2981105,0.88799343,1.333333333,0.015312441,1
1962.761583,29.48477329,578.7158028,861.3184612,69.91238137,11.63288563,73.94195674,0.407563666,0,0.006054655,2
2798.113763,57.18612817,1600.132923,853.5075547,42.47716337,16.35273044,73.15523992,-0.175153445,0,0.007823301,1
1481.552893,41.94831823,621.4865223,845.8309309,54.70773537,13.88990299,61.46291014,-0.043105205,0,0.009992401,3
2476.588861,25.95488377,642.7957604,846.3680487,72.96812957,13.23444871,68.81797185,-0.145692162,0.266666667,0.008359164,3
4992.305861,14.09846201,703.8383454,1141.984621,85.89695934,17.38586114,106.6901006,-0.709926818,0.133333333,0.004953975,3
1218.833436,26.33545533,320.985335,768.5420218,71.96701127,8.935499778,49.81787425,0.748212534,0.066666667,0.006406273,1
9274.717326,18.30508189,1697.744601,868.6891754,80.47410418,21.43154191,314.7502063,-0.826883123,4,0.015683491,2
1727.834262,36.72380602,634.5265028,786.6086841,61.81949796,11.80576874,66.15703402,-0.200486161,0,0.007726288,1
9165.127503,7.770407593,712.1677633,813.6936306,91.38326246,17.11159824,258.8577463,0.19243384,1.866666667,0.01408096,1
3360.991098,29.8856415,1004.45375,837.4989103,69.70078022,14.72490557,111.9352308,-0.87219953,0.133333333,0.007932138,1
1307.569591,27.31986341,357.2262264,651.7932812,69.10498921,9.118484364,91.09371155,6.211012977,0,0.009534672,2
4591.135191,26.09853507,1198.219028,884.8537521,72.99636971,17.44641991,106.4686535,1.504241454,1.733333333,0.010433549,3
1975.982117,63.86421481,1261.945464,810.3846391,33.39649477,19.26747595,60.35323541,-0.138699894,0,0.013827724,2
3413.682239,41.09329809,1402.794618,974.7769462,58.65565126,19.45203297,101.4274245,0.11419566,1.066666667,0.00998427,1
2155.136831,27.91117239,601.5239561,802.0717936,71.35668447,11.79999688,98.60245248,0.338061794,0,0.007077468,1
8700.310831,18.49647808,1609.251086,970.8184046,81.4320829,22.42131432,154.4336773,1.155167912,4,0.009266204,1
3370.150782,38.24448281,1288.896736,931.38578,61.18803451,17.30660676,178.0817158,-1.422675567,0.6,0.008973063,3
4574.231714,32.57356987,1489.990563,766.1616064,62.73514247,20.69433831,160.8007836,-0.534126512,4,0.018006823,3
4383.195243,24.23843803,1062.418063,937.35826,75.64695107,16.13701913,121.0827906,-0.466643108,0.733333333,0.006590375,2
2372.180746,68.71807562,1630.116959,822.8232104,29.84721305,18.79747717,59.76270041,-0.141409607,0.4,0.011689727,3
2078.040165,20.03381725,416.3107689,916.5824881,79.72353688,10.71086263,60.89980901,-0.399602819,0,0.005167265,2
1895.550944,29.9995134,568.6560594,959.2372774,69.86711232,12.03899258,54.81364011,0.428682442,0.2,0.005727023,2
3293.174915,28.91915882,952.3584837,740.919433,70.00896204,13.7898793,92.57532356,0.018236946,0.6,0.009007539,2
2934.366643,37.5018116,1100.44065,962.6286378,62.3160696,15.80120107,106.664592,0.316537,0.4,0.007386789,2
614.6407711,40.6113019,249.6136192,705.4586108,51.62845347,9.404208507,32.8931403,0.614210781,0,0.009215905,2
800.264842,38.64979512,309.3007218,761.7891481,56.56272593,9.808489721,38.60874841,-0.036240115,0,0.008132157,1
1658.269986,21.85474182,362.4106241,713.1749845,76.12306541,9.52813213,59.09727927,-0.548801286,0.133333333,0.007894868,2
1803.185997,22.581243,407.1818117,766.7765615,76.37072706,9.685151383,65.87918998,0.269587248,0,0.006215642,1
4289.595632,25.39832246,1089.485331,1086.386669,74.56193065,17.93083201,141.1726999,-0.139115164,0.6,0.006408739,3
1581.054795,27.27678526,431.2609212,762.4382263,71.88772277,9.386185404,62.13301091,-0.091094446,0,0.005764174,1
1600.807917,38.36816392,614.2006055,801.9442835,58.03720777,14.12249754,51.67786999,0.062266434,0,0.011083365,1
2032.191112,37.9096863,770.3972756,689.5763368,50.05991208,18.76832229,81.62813245,1.264073101,2.466666667,0.020189293,2
3460.296794,32.05018395,1109.031488,785.0688169,67.27496511,13.82046753,74.69759862,0.82334668,0.066666667,0.007842687,2
3189.683439,39.52360194,1260.677785,641.5013927,57.74423517,14.22571572,89.22147402,1.026234489,1.533333333,0.014046156,2
1107.458916,28.30149429,313.4274218,782.2764375,70.79930673,8.101783317,61.54250594,-0.64001859,0,0.005154011,2
8096.629099,16.4499895,1331.894637,887.0168119,82.81132652,19.27712042,307.5843344,-0.480776718,2.666666667,0.012898125,2
3051.268362,37.29483213,1137.965413,762.6460308,61.47419983,14.67206198,80.52369628,1.895064826,0.666666667,0.009100149,2
2449.24166,14.25774496,349.2066293,730.0373452,84.42090457,9.804221276,73.36312998,5.378555977,0,0.007840847,2
3472.562164,20.96096916,727.8826844,731.5850039,77.67879814,12.56121439,117.4426416,0.369734461,0.266666667,0.009657265,2
1180.169224,49.0476468,578.8452325,730.7365253,44.4125456,12.83444232,61.37644872,-0.392343128,0.066666667,0.011896547,2
2300.049076,35.87866406,825.2268812,805.9059022,63.43102257,13.00872459,82.55972545,0.177906181,0,0.007495136,1
4005.191674,31.59887775,1265.595621,749.4538061,65.65475939,17.09946953,128.1388833,-1.135410993,2.066666667,0.014824736,2
5182.963694,37.13389846,1924.636475,1035.548074,62.813202,21.96763512,102.2471396,-0.008279405,2.466666667,0.008754196,2
3043.684322,26.67726177,811.9716342,878.1380671,72.12284521,15.82887608,87.1896107,0.741579028,1,0.009979938,3
2866.226912,49.7075349,1424.730743,912.6661402,49.92839751,17.31342409,74.69423498,0.762341736,0.533333333,0.008736736,1
2582.068005,54.8213671,1415.524979,810.672741,43.34937328,19.20201512,62.69781041,-0.530176832,0.2,0.013047593,2
3267.377501,27.91263066,912.0110141,765.6460968,70.59799492,14.02255666,107.9379293,0.806731748,0.4,0.010098581,2
10084.84232,10.78938002,1088.091963,827.1051482,88.32073036,19.10291879,206.9928543,0.563832863,2.533333333,0.012864373,1
2466.569715,38.31035329,944.951572,777.8824642,60.46446661,14.11644073,71.34328258,4.026691575,0.666666667,0.008822107,2
1814.246242,34.88484498,632.8969891,882.8787935,64.57320968,12.1460006,141.7449189,1.198923689,0.2,0.006190475,2
1607.113925,35.90224107,576.9899156,839.7383511,63.48625673,11.09413722,65.0959822,0.816215248,0.4,0.006605045,1
4529.197297,36.5245088,1654.267065,879.897701,62.90893756,18.32934664,118.8679308,0.284502329,2.666666667,0.009965466,3
4582.974256,27.08567663,1241.329587,885.2367365,72.03071092,17.43297983,106.4013339,1.525624811,1.733333333,0.010399683,3
1489.7964,43.94828937,654.7400328,844.4076663,52.71377955,13.97313275,62.448997,-0.093710456,0,0.01009488,3
3288.100327,45.09456784,1482.754633,744.4698851,52.82296399,16.54692417,96.79157359,3.628179356,1.266666667,0.013258989,2
4344.525774,46.30670115,2011.806567,982.26319,53.50919634,22.46537593,118.0375181,-0.231971006,2.2,0.011128479,1
2094.862438,25.75949199,539.6259219,951.3814067,74.09710434,12.19428781,56.90057711,0.315585754,0.2,0.005829054,2
2965.662414,21.7839575,646.0386398,890.2059614,78.08157947,12.70390419,70.2185542,-0.444484201,0,0.004574464,2
3338.614463,25.52887285,852.310641,774.4746614,73.23771338,14.44336342,104.7521814,-0.318862218,0.8,0.011889834,2
1926.120068,21.71420644,418.241688,617.111925,76.56851048,8.971915421,72.37858782,5.616855018,0.2,0.007560156,2
7255.641967,17.22815438,1250.0132,940.7446895,82.56166474,17.11142804,214.6736142,2.026783364,1.333333333,0.010286366,3
3493.110153,28.49804712,995.4681775,1103.546078,71.48877076,17.23226241,93.80688382,-0.470798114,0.8,0.00640731,1
1272.79875,56.3889429,717.7177604,773.7351183,42.31022709,10.97396555,44.55250173,-0.051724016,0,0.006303155,2
2895.035518,26.72744456,773.7690129,892.9142148,73.17655765,12.98585805,77.21283574,-0.341442883,0.133333333,0.004885414,2
2644.04394,26.61378402,703.6801436,670.6642495,68.95857477,14.27583743,167.7215738,1.222680692,1.266666667,0.02045494,2
1623.209406,22.70088557,368.4829097,725.3929774,75.27593288,9.374360428,57.76830019,-0.332470401,0.133333333,0.007617531,2
2278.019005,23.94896664,545.5620117,864.1878419,74.86283571,13.02508099,72.7534678,-0.081411422,0.066666667,0.008194061,3
2040.587927,40.62763611,829.0426376,811.2295448,57.16675506,14.12096044,78.49482314,1.137253523,0.866666667,0.009704605,1
5072.592831,33.43196138,1695.867276,1070.581474,66.54917662,20.83985596,104.6854418,-0.012989142,2.133333333,0.00791304,1
3126.060243,51.20305504,1600.638347,913.6470504,47.8478728,20.92910157,85.19205549,0.152472511,1.533333333,0.012477732,1
2061.358426,46.45861456,957.6785656,854.4415019,52.09938324,15.79277204,68.30220111,1.904704854,0.6,0.009945151,2
996.3369641,37.99030195,378.5114211,783.0901811,57.81387882,11.47671678,51.92342884,-0.105160171,0,0.009497915,1
2912.197833,26.22593676,763.7511622,900.4515054,73.52781538,12.95221344,88.88948515,0.247409308,1,0.006319083,2
1021.817515,55.30253258,565.0909644,691.8263644,41.78846691,9.593135769,42.40954842,0.704701038,0,0.007219648,2
4579.607639,37.61226871,1722.494331,1027.126503,62.2942276,21.00266395,100.0956654,-0.242892454,1.466666667,0.008768413,2
4033.738444,13.90705742,560.9743217,1161.910929,85.97171106,15.75316755,317.999241,-0.705184229,0.933333333,0.007314979,1
2221.016689,48.29582717,1072.658381,858.9053944,50.05648405,16.69826096,69.07391118,1.483036442,0.8,0.01066041,2
2374.642356,22.59759425,536.6120444,877.2254586,76.71429531,12.96931164,74.7175811,0.087745298,0.066666667,0.007854894,3
4144.810232,30.26547825,1254.446639,950.2754312,69.54407004,17.50323635,139.3954775,-0.635238316,1.266666667,0.00716274,2
5088.887536,6.606324993,336.1884491,1151.500857,93.27234528,14.86650775,331.3609981,-1.243854288,0.933333333,0.007038395,2
1736.943871,27.05085555,469.8581776,890.1214716,72.39587528,10.57658241,66.74561543,0.32386725,0,0.005652775,2
5288.24099,11.81331209,624.716412,689.0754904,87.86201553,10.56470428,210.2134891,0.446744129,0.666666667,0.006404201,2
1523.120981,36.74998272,559.7466974,736.3867787,60.57235007,10.95445881,72.54046053,2.235776369,0,0.009078652,2
11461.03663,7.219264691,827.4025706,923.725067,92.02941061,19.26559754,329.6820919,0.282745064,2.533333333,0.012721373,1
1143.756287,34.29784024,392.2837039,779.0762626,62.72551799,11.35554797,56.49931695,0.413614703,0.266666667,0.008996191,1
905.135603,38.87253358,351.8491412,776.3563261,58.61835531,10.10793312,49.69855206,-0.308471958,0,0.007833035,1
2466.03267,68.34320674,1685.365806,828.370959,30.25132564,18.1446973,62.18353996,-0.260826488,0.266666667,0.011016271,3
4785.684027,19.26670241,922.0434998,923.3936621,80.18396961,16.30774762,148.9460945,0.595932747,1.266666667,0.009385505,2
4773.078837,49.7700188,2375.562235,1043.12009,50.15714451,23.47546991,91.08025667,-0.5494192,3.533333333,0.009559718,2
2447.999041,40.60636795,994.043498,739.5495572,57.35274648,13.51754179,106.3491075,2.809349664,0.2,0.009879876,3
3303.307444,65.42972302,2161.344911,718.4534574,31.01734833,21.59408663,71.62731083,-0.326351985,2.066666667,0.016532532,2
3338.538327,31.08798209,1037.884197,818.0170733,68.30264857,14.65659389,87.29748084,-0.361477242,0.8,0.008214713,1
2916.763222,38.18133217,1113.659054,784.6382401,60.71468617,14.6543765,79.85814695,0.661202665,0.466666667,0.008632002,2
4473.398884,39.25708288,1756.125907,1023.062322,60.60384995,20.89574831,100.5174816,-0.357501571,1.733333333,0.00906656,2
3711.733893,21.45255649,796.2618101,726.6719519,76.57774447,15.24316677,102.9531335,1.384007339,0.2,0.012525066,2
5710.355256,8.485433699,484.5484092,1189.324126,91.46218182,15.0451105,291.0622329,-0.717109796,1.533333333,0.005462791,1
9786.152882,17.71817583,1733.927774,982.1677335,82.1802647,22.32986457,166.3145454,0.813770138,4,0.009090491,1
2096.246419,48.30483011,1012.588271,841.8136131,51.19491032,13.73153434,62.90706224,-0.537866479,0.133333333,0.006828192,1
5051.079539,33.33290502,1683.671545,1133.368906,66.63530397,21.68805452,163.0722828,0.239516058,2.866666667,0.007818646,1
2540.368963,20.70750289,526.0469765,921.5676488,79.05677277,11.96896348,78.16057523,0.215332615,0.133333333,0.005814945,2
4663.589536,16.35882019,762.9082265,584.0582561,78.13462855,16.98750191,161.818167,0.915508375,1.4,0.025084919,1
1959.28806,15.64513678,306.533297,800.6343508,83.71919833,8.619040354,105.7917455,2.21294592,0,0.005395663,2
2161.508514,59.18607696,1279.312093,807.7988117,38.2362021,19.16567238,62.432226,-0.215932204,0,0.013708656,2
4069.020384,17.88032628,727.5541211,771.5818071,81.13139476,13.57348382,161.5496287,0.094517663,0.6,0.010053683,2
1850.232159,26.97840741,499.1631699,734.0331461,71.94412186,9.778622089,70.91914174,-0.09938983,0,0.006817592,2
1894.076428,47.41904216,898.1529001,844.156902,52.06348686,13.19152304,60.65861546,-0.417034312,0,0.006640041,1
862.9139266,52.89905763,456.4733353,692.4510112,43.90122484,9.163909417,39.00161333,0.657350272,0,0.006988156,2
2416.243795,24.83822213,600.152001,878.6252404,74.55145167,13.47495576,79.80998539,0.073481391,0.466666667,0.008034094,2
3009.935894,64.12552005,1930.137045,700.9789047,31.46786736,20.5670422,66.90869441,-0.300141843,1.133333333,0.01660515,2
2657.185766,47.15716398,1253.053449,674.1734679,50.70618824,14.07243867,69.16287654,2.315756995,1.266666667,0.011038037,2
1435.463383,64.47979945,925.5839102,797.4421763,33.49391024,13.44271257,45.77194924,0.021285086,0.466666667,0.008746887,2
1069.332966,56.3910003,603.0075562,691.9769012,40.90347694,9.450593279,41.29378346,0.880195261,0,0.007120335,2
1005.068091,31.60402757,317.6419965,889.8217706,67.56090983,9.21944497,45.37931369,0.024667706,0,0.005757164,1
9172.508277,17.49541003,1604.767933,857.291235,81.23123953,21.44578601,310.1583189,-0.725154525,4,0.015694786,2
2708.337913,31.24877395,846.3223922,805.8095859,67.90991818,13.3700637,70.96291851,-0.16608885,0.333333333,0.007591566,2
6592.421153,9.984241295,658.2032351,1053.06638,89.70492158,18.18923775,294.5622548,-0.273124572,2.6,0.013319126,2
3405.130736,21.97823717,748.3877091,930.2441948,77.94581374,13.63203658,77.49158883,-0.52257871,0,0.004708233,1
1174.776085,36.55646544,429.4566137,783.4678774,59.87040034,11.71737512,53.15899072,-0.022262449,0,0.009627903,1
2578.994733,44.32785771,1143.213116,836.4233448,54.18637664,18.13369447,69.69450283,0.415523692,0.6,0.012302961,1
2011.64405,44.36216568,892.4088663,808.8517224,52.94929416,14.75916992,76.86603649,1.196654841,0.866666667,0.010233076,1
1456.221167,29.15930774,424.6240113,762.7540295,69.4074192,9.518211944,57.98276304,-0.393057993,0,0.006323361,1
3492.288961,69.86305111,2439.819622,726.1381431,26.00151759,22.67671216,68.96027263,-0.069188038,2.533333333,0.017432528,2
4776.901964,46.02732263,2198.680079,1049.181311,53.88934244,22.96054261,97.64098041,-0.352324082,3,0.009412976,2
5021.615222,20.18398474,1013.56205,902.1661164,78.14813234,18.90660828,237.4628878,-0.674614264,3,0.013719808,3
3142.565886,27.96770544,878.90357,898.7835453,71.70920834,13.98404272,104.8685958,0.027922949,0.466666667,0.006481372,2
3964.702804,54.95625293,2178.852101,884.4415552,44.08546574,21.85425036,99.21282781,-0.011870417,1.2,0.0125898,1
4872.54096,21.19201982,1032.589846,887.2679245,78.21787419,16.50086067,127.8330648,-0.116465062,1.6,0.009549919,2
2449.316497,55.77588346,1366.127915,804.2391333,41.90567564,18.43049452,68.86456843,-0.172872573,0.266666667,0.012801396,2
1396.622668,39.98145174,558.3900182,807.9032882,56.44841519,13.70989977,52.2853418,0.249569365,0,0.010560263,1
3189.928355,24.08592352,768.3237042,778.484537,75.21727876,12.53850951,138.6121677,1.574431897,0.666666667,0.008663221,1
3648.366934,32.31368563,1178.921822,1078.096421,67.66303113,17.62822917,87.41792439,0.119545558,0.933333333,0.006600357,1
3239.633703,68.83699676,2230.066547,724.1652977,27.51318666,22.06346076,74.38844449,-0.527648916,1.933333333,0.016506299,2
1199.13159,50.84402779,609.6867988,750.4294254,39.92037561,15.15408946,47.58687488,-0.355115632,0.2,0.014463942,1
2475.185907,29.35514309,726.5943645,864.1601403,70.31141939,12.46799183,69.069334,-0.581045388,0.133333333,0.005451036,2
7238.162783,7.517262637,544.1117065,1047.094747,91.84663847,16.0784277,380.6399252,-0.748640941,1.466666667,0.010747692,1
716.3176495,41.23716778,295.389111,728.9971755,52.83141603,9.951898817,38.32899793,0.326951624,0,0.009443188,2
1829.247376,38.03147327,695.6897267,900.2158497,61.46251804,12.30189776,151.2048348,0.283928659,0.2,0.006177996,2
2700.756156,31.09922858,839.9143304,805.9146427,68.04333622,13.39483732,70.98118907,-0.167742638,0.333333333,0.007599077,2
1787.827827,39.70503836,709.8577246,817.5169685,59.33229839,12.63228786,70.96593063,-0.282708873,0,0.007500731,1
3886.373848,45.70654667,1776.327277,985.1447567,54.11764406,21.0935459,115.1920695,-0.09320094,1.6,0.010234736,1
1575.44675,25.32058389,398.9123159,667.2851948,72.14571076,9.645920257,49.66247616,3.950579424,0.2,0.00867337,2
1971.18175,21.20259317,417.9416471,615.4526256,76.9122312,8.926050409,72.83418528,5.6097981,0.2,0.007594832,2
1063.889968,32.10227614,341.5328954,895.1392786,66.96400898,9.696415525,46.05974391,0.116053507,0.066666667,0.006078856,1
2305.330954,71.8517668,1656.421021,818.8367098,26.50024246,20.92847917,57.96675214,-0.144938853,0.466666667,0.014091077,2
3155.722134,26.7795689,845.0887832,863.2533322,72.54203346,13.75380837,100.2883481,0.359212119,0.4,0.007896974,3
2647.86027,48.89043208,1294.550327,743.055611,48.63227337,16.2826332,94.84737372,4.02853983,1.266666667,0.013441997,2
5793.595027,22.84112302,1323.322168,965.7175376,77.03303564,18.68213507,136.3932577,0.174317862,0.866666667,0.008222851,3
4045.905018,41.41200073,1675.490216,1033.159888,58.50272506,21.33544132,89.4486939,-0.291605151,1.4,0.009333301,1
8476.413242,16.47950989,1396.871359,922.4817573,83.26373859,18.95709639,258.8779549,0.375197341,3.066666667,0.009527928,1
3732.857376,20.28934678,757.3723778,931.7611043,79.63086839,13.82392648,92.60075478,-0.319459571,0,0.004861566,1
752.2649916,43.94720908,330.5994687,728.9660501,50.11702237,10.25509786,39.76173745,1.030092016,0,0.009502116,2
2692.474345,29.48612602,793.9063786,649.087306,65.86412187,14.58210873,132.3725915,0.987553908,1.266666667,0.020595522,2
2144.64987,18.60516014,399.0155426,804.6892273,79.82790323,11.52269084,62.31111316,0.193282468,0,0.00784428,2
2654.522944,21.43282122,568.9391569,954.1631671,78.51889015,11.96558272,67.02878784,0.127263615,0.2,0.004221311,3
5374.390882,2.790531276,149.9740585,1318.416148,97.14026361,12.85677793,535.142599,-1.610840337,1,0.004666398,2
3833.395123,20.54920722,787.7323074,814.0836471,78.70237494,13.90244897,133.0284937,0.543865492,1.066666667,0.009765565,2
2871.383702,15.86181506,455.4535725,811.8239798,83.2274598,11.11008426,81.83849619,1.206667578,0,0.007196457,2
2826.142928,37.66959877,1064.596702,791.2308203,61.00277345,15.37844507,77.32816437,0.54723398,0.733333333,0.010431802,2
3002.328494,25.35626856,761.278476,901.1061781,73.98543071,14.14083666,101.298214,-0.147562827,0.733333333,0.007780673,3
5068.661481,36.3017416,1840.012393,1050.00938,63.63857091,22.3921914,110.4242384,-0.187948954,2.8,0.009019908,1
892.7987113,52.93289069,472.5841659,692.6911593,43.96715368,9.152885146,39.53484316,0.523562237,0,0.007058177,2
4669.164937,37.22600605,1738.143622,1074.122652,62.75266139,20.98798488,97.62794741,-0.420360402,2.133333333,0.008022778,1
2573.841938,29.5788537,761.3129415,775.272623,68.88163556,12.89002455,97.99910117,2.315667804,0.266666667,0.009264606,2
2827.70089,39.39043036,1113.84355,974.1036377,60.39423259,17.41483088,96.54903175,0.648861177,0.733333333,0.008426394,3
3225.763386,41.85479726,1350.136725,998.3311855,57.89394646,18.1357661,160.8270677,-1.198710534,1.266666667,0.007764705,2
5464.543239,18.20974932,995.0796252,1105.733898,81.78297981,18.43325498,125.0903465,0.325205354,0.733333333,0.005710864,3
3049.281494,35.88029186,1094.0911,626.2663319,56.5965867,18.26686937,126.2956719,0.464096027,2.2,0.023710089,2
3858.933156,18.74575966,723.3863351,949.0010811,81.10588472,14.15474741,122.0529878,-0.2726747,0.466666667,0.005798206,3
5721.821633,15.30681855,875.828855,714.9255606,83.43810115,15.76551962,129.2768738,0.563597108,0.6,0.01261459,2
2975.995002,28.10438815,836.3851867,1003.834794,71.66498873,14.7863436,97.97436826,1.745325917,0.4,0.006893086,3
6384.206474,23.17369226,1479.456362,805.5638062,75.76295635,19.49915562,255.744908,1.036205796,2.866666667,0.013829272,2
1146.081104,57.94151767,664.0567855,702.6839416,39.31640732,10.04061234,41.96866538,0.656987944,0,0.007519795,2
3852.030252,18.54593875,714.395171,890.1020231,81.17163642,13.74586742,96.18,-0.198194424,0.133333333,0.006837648,3
1549.993673,44.07160944,683.1071578,856.8644933,53.64454029,14.03739623,50.91621314,-0.138544396,0.2,0.009620112,2
3924.357878,21.9267598,860.4845255,924.2249638,77.9935695,14.16363667,85.90966271,-0.425762655,0,0.004938231,1
4304.077502,22.74832727,979.1056359,1145.80205,77.2293775,18.1154037,169.6717885,-0.231717281,1.2,0.006420892,1
1815.709233,57.14757953,1037.633878,835.0569675,42.25352,14.01802891,61.33948495,-0.113226093,0.133333333,0.007454902,1
3774.145329,28.5121981,1076.091793,824.8646806,70.99231815,14.65190545,87.11697302,-0.295648878,0.933333333,0.007946772,1
4062.987939,41.97520534,1705.44753,977.0096644,57.78791638,21.7441236,97.9211984,-0.350730988,1.533333333,0.011053577,1
2245.615184,21.52734652,483.4213622,946.5058183,78.35038469,11.68302872,78.11488819,-0.25991773,0.133333333,0.0045659,3
4826.208333,48.76724171,2353.608683,992.9800759,51.02676281,22.79492067,122.6575786,-0.578432825,2,0.009827684,2
1242.263854,43.2047021,536.7163974,785.691219,54.63098709,11.12229781,64.84802208,-0.266036485,0.266666667,0.007589049,2
2142.392511,34.69393233,743.2802082,812.5024597,64.53954176,12.97051774,77.57516869,-0.276999716,0,0.007545287,1
1649.675636,43.27921063,713.966593,920.4512553,55.88288756,13.27062532,95.42106416,0.543636925,0.066666667,0.007435684,2
4473.43226,35.94384806,1607.923694,908.3634085,63.62808762,18.41123045,117.214821,0.471302741,2.666666667,0.009165883,3
3116.917573,22.94588419,715.2042964,868.5137096,76.7749373,12.34960281,98.57743749,0.878296749,0.133333333,0.005729317,2
5006.925254,33.81944936,1693.314551,644.2337181,63.04846102,17.61298363,122.5922496,1.040127191,2.733333333,0.017285163,2
866.5421822,40.80655675,353.6060273,728.3303973,54.30510841,10.09702798,39.33002163,0.620702935,0,0.008914607,2
1528.665635,24.51368242,374.7322391,771.2500514,73.95546671,9.673929564,57.25111899,0.08504302,0,0.007007027,1
2244.497981,38.33481177,860.4240762,939.5308378,61.22324871,14.85853535,90.2764918,1.611561928,0.6,0.007992218,3
6586.331699,13.66911863,900.2934931,813.7160759,83.91035556,18.10838729,339.437449,-0.71477278,3.066666667,0.019065959,2
2058.946015,37.9812993,782.0144481,746.41963,59.45598021,12.98281187,103.6780378,2.923271307,0,0.009836005,3
3006.768164,18.61730497,559.7791991,895.90253,80.92546415,12.57846677,93.11012208,0.725208878,0,0.006656314,2
717.0183034,39.155394,280.7513417,752.2078094,57.79053262,8.196516499,64.30720739,-0.681525174,0,0.006748633,2
3718.764592,22.40442389,833.1677828,1023.587259,77.52956645,15.78354231,135.7546806,-0.888119261,1,0.005598029,3
2153.926054,33.94545043,731.1599011,688.7725189,57.54934807,16.11759481,91.51901428,3.005324982,1.266666667,0.020097258,2
7097.701965,23.34706647,1657.105196,982.670302,76.58574044,21.08727047,140.964712,0.790745421,2.933333333,0.008710544,1
2449.380353,20.48547262,501.7671416,1081.16036,79.46381628,12.4578754,115.8029388,2.340564179,0,0.004278744,3
3728.379238,16.66567501,621.3595667,811.1080795,82.76849567,13.51719589,123.8699185,0.195210489,1.2,0.008215013,2
4007.000061,40.21032056,1611.22757,981.2037797,59.5979103,20.48406844,95.66551268,0.446797799,1.2,0.009907188,1
762.2568666,38.17550424,290.9954025,728.3975175,57.34627568,9.374543855,43.02455774,-0.043622422,0,0.008142325,2
2754.842842,38.77762403,1068.2626,785.6623949,59.92063101,14.20200223,76.37433812,0.526101962,0.4,0.008790454,2
675.4256805,49.53666249,334.5833397,724.5627957,44.72483964,9.734765072,34.52661107,0.854080557,0,0.00858661,2
9106.16645,12.50214842,1138.466445,854.8046636,86.99829192,17.70382951,294.3624219,0.104519477,2.266666667,0.012499645,1
3715.313148,43.96671294,1633.501067,988.8553907,55.79621356,21.11896732,88.61551073,0.808104624,1.533333333,0.010669495,1
2145.541853,62.17902053,1334.076909,819.8320135,35.84863992,19.41081804,56.06014346,-0.249045613,0,0.013552815,2
3317.287144,35.50573747,1177.827265,792.8093412,63.8163153,14.22149539,75.10059971,0.782784957,0.2,0.008009877,2
2444.50745,22.9758732,561.6469322,886.9234659,76.86714558,11.84692573,63.8034776,-0.222809475,0,0.004489722,2
8820.281992,8.295256648,731.6650283,816.3228567,90.79524253,17.21888055,258.0635273,0.190064809,1.866666667,0.014101085,1
6433.446051,19.94159625,1282.931837,732.2751152,77.36490469,19.06524301,230.8082099,1.07204455,2.866666667,0.019463086,2
2584.402755,33.3717792,862.4611812,681.4768134,61.5305812,15.2283816,157.1266034,-0.642651978,0.933333333,0.01914739,2
2328.266936,51.41588848,1197.099131,802.0384533,46.70994548,16.028557,71.20645374,-0.092475829,1.333333333,0.010555518,2
972.967719,54.25218516,527.8562485,914.3897017,44.9739392,10.57282199,88.2222875,-0.783787958,0.2,0.00598942,3
1517.727442,25.67299618,389.6461082,731.8869754,72.87320412,9.378573715,79.00859261,-0.465552195,0,0.00687377,2
6878.6762,14.92917397,1026.929537,830.437576,83.6602564,17.55929488,192.4217044,-0.541513521,1.8,0.012774436,1
3754.723521,69.57873473,2612.489119,749.0719852,27.12125071,23.82701943,75.1857644,-0.813855328,2.933333333,0.017438269,1
4773.291384,38.26004177,1826.263277,1019.218392,61.63503339,21.43000379,126.7066517,-0.485342667,2.333333333,0.00896419,1
1808.757565,21.23625782,384.1124198,730.2713723,77.15757699,9.968284697,59.2480971,-0.038299744,0,0.007369352,2
1967.243411,22.97703379,452.0141833,815.2007539,75.56616176,11.57286964,60.11883629,0.085647846,0,0.007654346,2
4280.510655,19.74386985,845.1384527,927.1918348,80.1011305,14.9979923,125.5170748,-0.274413028,0.4,0.006417032,2
8230.221001,23.13739576,1904.258805,734.4997401,75.2338002,20.63488118,179.7847228,2.568138244,3.066666667,0.016123947,2
7706.42314,21.94893503,1691.477808,989.7223341,77.87092352,21.83708612,173.9557882,1.133756134,3.8,0.010035186,3
3187.149952,70.72218991,2254.022242,718.2241478,24.41200295,22.03927368,69.44590132,-0.410873367,1.666666667,0.017901946,2
2469.178525,31.77223777,784.513272,805.8224891,67.61675919,12.98087295,86.4453464,0.000433158,0,0.007451665,1
3288.321778,6.23130424,204.9053344,807.0431423,93.27578185,9.963140277,428.6798104,0.967275243,0.4,0.007060592,2
1804.864165,32.1517828,580.2960062,877.0623762,67.63294826,11.20898738,98.16497205,-0.950448907,0,0.004769183,2
1447.347887,24.27687451,351.3708302,666.3704593,73.35347844,9.139639478,47.39857126,4.803063272,0.2,0.008423563,2
1699.909731,36.29883648,617.0474533,712.6887622,60.38525244,11.74124723,70.48800579,1.399429425,0,0.010576604,2
3035.234439,32.98603411,1001.203468,749.0768533,66.15454278,13.40801474,90.07650319,0.075227119,0.4,0.008214829,2
8462.009473,19.55187078,1654.481158,730.8267994,79.03192747,20.51664271,177.8956213,2.866171088,3.066666667,0.016099602,2
4281.96331,25.16821377,1077.693679,1091.324946,74.75935471,17.75175725,159.6761101,-0.512179321,0.533333333,0.00652365,3
1072.667802,37.86859529,406.2042287,959.2042256,61.84171913,9.656645664,61.43657457,0.340712116,0,0.004879322,3
2868.052158,32.08484648,920.2101318,766.7220573,66.18762857,13.94002442,107.6149687,0.882235109,0.4,0.010097607,2
3384.65196,61.51453472,2082.052905,717.0528407,35.61982653,20.04234837,83.26489945,-0.675119275,1.666666667,0.014483041,1
2175.414232,36.08598307,785.0196114,808.5826793,61.63719548,14.01334356,82.93203087,0.506195616,0.866666667,0.009686354,1
1534.664652,27.03209631,414.8520267,732.5168359,71.56735527,9.385371749,79.20244622,-0.498876811,0,0.00688716,2
3660.916594,18.93814112,693.3095509,656.1087,78.91161292,12.93481135,131.0778821,3.47309182,0.733333333,0.015439266,2
3120.981681,20.37284194,635.8326649,709.6712741,78.06752408,11.76905102,113.6804853,0.469113092,0.266666667,0.009431215,2
2294.560827,37.78875974,867.0860781,933.4323279,61.73966726,14.86710299,86.44112088,1.733648917,0.6,0.008019936,3
4367.764543,20.59674374,899.6172702,945.7168333,79.28895089,15.34915179,116.1628618,0.061563153,0.4,0.006439799,2
4431.921335,68.5977514,3040.198379,770.1509777,27.82621044,26.20640277,83.95733454,-0.479446456,4.866666667,0.019071064,1
4758.241739,24.9528572,1187.317266,950.5121432,74.92093906,16.84733313,126.1164803,-0.807556052,1.2,0.006886856,2
4506.229594,32.01153138,1442.513101,1003.036336,67.87487937,19.13248727,126.3920579,-0.592011539,1.6,0.008090522,1
676.0580299,39.16034239,264.7466392,770.8135102,56.1683817,9.235524288,41.25080638,-0.279111965,0,0.007661111,1
2916.790919,63.77598966,1860.212275,698.9576513,31.79708199,19.89269823,69.59851055,-0.302869373,1,0.016088206,2
1982.264701,27.64170439,547.931749,847.1697565,70.80336804,13.70703084,64.57963736,2.270097657,0.133333333,0.009847195,3
2087.339505,34.84102838,727.2505495,688.5831587,56.68541251,16.14399275,91.38705022,3.023766261,1.266666667,0.020103378,2
1249.593144,45.86097451,573.0755931,776.5381623,46.57664979,15.05248294,60.71251949,0.27986819,0.066666667,0.013425982,1
3701.973643,65.40189809,2421.16103,735.059124,32.27457655,21.1490243,80.87925704,-0.661319964,0.933333333,0.014660976,1
3334.056231,31.59440951,1053.375379,741.0585449,67.23802437,13.93278843,92.00864341,0.152204909,0.6,0.008980813,2
5437.200743,10.29550599,559.7873283,739.9215644,89.39476836,11.28756652,242.3756671,-0.874900582,0.933333333,0.006571796,2
3367.337013,35.22359707,1186.097221,925.5559172,64.40938324,17.96892238,113.4632452,-0.289401723,0.666666667,0.009758194,1
3182.586635,26.87699316,855.3835925,775.2602383,71.60116463,14.38426947,104.0468744,-0.283846091,0.8,0.01186543,2
3699.088281,39.71396775,1469.054727,1017.942627,60.10269846,18.76214231,155.5487827,-1.123237992,1.466666667,0.007623235,2
3752.434988,39.29419279,1474.489038,1001.897423,60.45535536,18.84980218,151.5506264,-0.562663364,0.8,0.008710402,3
1065.334346,32.89307698,350.4212463,780.7022008,64.04430924,10.77563392,50.86519679,1.413518288,0.266666667,0.008649443,1
6614.456121,10.29662165,681.0655211,1063.223584,89.5891116,17.1186243,275.1877555,-0.655599353,1.866666667,0.008165518,2
1945.93576,45.97117605,894.5695543,679.8444515,50.66511147,12.56550409,76.3126347,3.809107022,0.866666667,0.011510634,2
1558.712274,38.75951926,604.1493841,968.9081236,61.07238773,12.21927928,54.27035694,0.134073801,0.2,0.006015261,2
6416.717848,11.66958915,748.8046095,1166.198067,88.32189657,17.97850249,174.2810124,-0.299908805,1.2,0.005405764,3
4459.414563,20.71193266,923.6309416,952.9596785,79.17868808,15.67415939,117.2067244,-0.038930069,0.4,0.00646537,2
8490.070105,8.059395525,684.2483301,979.3717276,91.22339415,17.51601942,358.8959961,-0.086533981,1.8,0.011620345,1
2772.042614,55.29359812,1532.762103,939.1394429,44.04888263,20.77870478,71.08710314,0.353768144,1.2,0.011954866,1
2375.529408,27.50512774,653.3923984,880.0127533,71.91621667,13.38158972,77.75892242,0.198603234,0.133333333,0.007912396,2
5180.851291,14.54943736,753.7847132,906.0489029,85.26325626,15.03617465,100.3527598,-0.043278805,0.333333333,0.007218598,3
1297.685438,68.80865553,892.9199031,796.734816,29.28893588,13.27673135,44.43485471,0.188593481,0.466666667,0.008726307,2
3867.325977,52.19860838,2018.690342,1004.719283,47.56593443,23.08582076,97.90957645,1.468309905,2.533333333,0.011715657,1
3108.323489,16.69095238,518.8087932,1071.422867,83.26910063,13.35071515,121.5686252,1.314894411,0.2,0.004695491,3
1777.717351,56.74550422,1008.774674,813.0616208,42.45935516,13.20184488,55.65325543,-0.363184407,0,0.007072977,1
3365.740349,30.84841233,1038.277461,834.2211061,68.84009316,14.82309367,117.5842158,-0.887362672,0.133333333,0.007753504,1
3868.912487,29.82546072,1153.920974,1079.871616,70.15281252,17.58276162,90.17387319,-0.324687648,0.466666667,0.006629193,1
2149.708132,32.76726595,704.4005807,793.168546,66.08498848,12.25227937,72.4875882,0.0220627,0,0.007800645,1
4698.110384,35.22971336,1655.130822,1037.801645,64.67848047,21.06832209,116.4465723,-0.162437936,2.333333333,0.008492558,1
3252.858434,37.14590816,1208.303806,809.899618,60.52369542,17.32053339,124.9630087,-0.859603661,1.8,0.013149269,2
694.7249666,36.18766485,251.4047426,875.4567524,61.83810581,8.527174396,50.8213152,0.170240444,0,0.005811522,1
1565.090858,40.80660981,638.6605195,829.039269,57.27388696,13.06913217,73.51932107,1.769521637,0.133333333,0.008702381,2
3757.595526,39.67396236,1490.787035,993.097475,60.02129176,18.89054566,157.7078783,-0.716017847,0.8,0.008785297,3
1990.662458,23.45452851,466.9004937,851.8794254,75.91437006,10.71903861,70.74262744,1.535988169,0,0.005731842,2
3504.474921,44.18041873,1548.291694,1058.750461,55.7799415,19.80021853,81.39535862,-0.325497277,0.866666667,0.008110859,1
1234.164964,31.47459268,388.4483954,732.5996699,66.14559735,9.41280209,51.84167699,0.32759333,0,0.007318426,2
629.483561,32.33204418,203.5249031,779.4241756,64.32901816,7.357746886,50.7190648,2.23112338,0,0.006093638,2
1975.185168,57.14601524,1128.739617,832.1863451,42.1196902,14.52175725,62.28325929,-0.165007372,0.133333333,0.007821987,1
1707.963234,26.99465925,461.0588551,726.9029725,71.87962968,9.394227667,62.83035405,-0.228074949,0,0.006426266,2
3939.44319,13.09254087,515.7732097,911.7180271,86.26775635,14.09991943,351.9305953,-0.436600734,1.6,0.010103123,2
475.730958,48.73410798,231.8432387,780.331,47.9915966,7.358573116,47.46201485,0.638533736,0,0.005675001,2
3943.25383,20.05847893,790.9567388,952.6334948,79.85161819,15.01809142,119.3236538,-0.12267863,0.133333333,0.006126545,2
6137.701821,6.184859878,379.6082573,1159.789125,93.16683422,16.40681968,384.2893482,-0.574797135,1.533333333,0.013628346,3
2486.83719,10.9794879,273.0419883,689.9203468,88.24760814,8.424892017,228.1632361,0.593339445,0.266666667,0.007108324,2
6421.62005,10.35967553,665.2590012,1144.778343,89.50166808,16.11202025,263.8900504,-0.93800977,1.866666667,0.006647002,3
2046.251481,37.1862431,760.9240499,746.3769915,60.49828546,13.12932044,104.6339727,2.781604831,0.133333333,0.009676147,3
4598.951719,22.81152506,1049.091024,901.8108462,76.89968838,16.11737012,110.246739,-0.552968733,0.866666667,0.008048949,2
3422.617438,31.00228452,1061.089596,744.1435555,67.97449637,14.03013578,92.16080618,0.217750664,0.6,0.009039975,2
1232.001594,69.97181883,862.0539236,789.6941468,28.12481889,12.78380284,44.82256268,0.234940072,0.4,0.00838608,2
3961.134677,25.89063815,1025.563046,946.1245809,74.00349532,16.06461471,118.5480442,-0.458324022,0.6,0.006353087,2
2511.857509,47.79084679,1200.437974,839.2336589,50.52445955,18.20316089,68.98637554,0.580091767,0.6,0.012166987,1
1619.474516,53.31815854,863.4739899,800.1965046,45.61876903,12.60798339,53.08625082,-0.216290033,0,0.007089707,1
9089.289074,10.48709203,953.2021099,908.2724196,89.2738058,17.62758825,216.4010163,2.915752426,2.4,0.009010065,2
3385.62134,45.36376482,1535.845302,763.3054368,53.18037955,17.29692034,108.0373556,2.412758614,1.133333333,0.01293145,2
2978.273855,53.33386935,1588.428687,1016.089175,46.52407182,19.7321428,72.22503501,-0.260483525,0.933333333,0.009180606,1
4496.93548,16.35889883,735.6491258,949.4837536,83.4652991,14.58035357,157.1134037,-0.642966028,0.6,0.005989274,3
4056.729644,46.27662766,1877.317673,1040.07013,53.59690051,21.01673835,126.1807632,0.553975673,1.333333333,0.008586085,2
5851.373146,11.13814751,651.7345721,814.5342514,87.17628808,16.51496609,293.7869247,1.841622753,1.733333333,0.018248798,2
6582.772659,7.975615085,525.0166092,1086.948337,91.75702402,15.91282696,276.9462933,-0.414946531,1.4,0.01011881,1
3203.820291,66.27512559,2123.335922,717.4683733,28.88176284,22.0256692,69.3754331,-0.390128839,1.866666667,0.017927154,2
3533.083258,37.9636183,1341.286242,757.3638334,60.3401964,16.58856827,100.5406687,0.171920559,2.133333333,0.011595997,2
6176.340627,17.29507637,1068.202828,1077.896555,82.51862451,17.68868503,312.4765396,-0.657844274,2.733333333,0.008130369,1
9594.615042,4.937484824,473.7326617,1204.124571,95.05571146,17.75277237,213.2177235,-1.029461441,2.2,0.004767306,3
3415.161415,15.78462055,539.0702706,780.2481692,82.90859838,13.18799095,154.0334925,0.24135184,0.333333333,0.009711382,2
3528.508342,55.15584265,1946.178509,825.8279203,43.3953669,21.77851764,80.13254456,0.207040724,1.333333333,0.014155782,1
3352.79659,37.70027417,1264.013507,973.2302152,62.10453033,18.42323739,100.9028162,0.308983668,1.333333333,0.009081002,3
1151.906855,37.65447502,433.744479,805.5672758,60.34367784,10.06313326,49.55329789,-0.184704058,0,0.007041292,3
821.096459,32.21499279,264.5161651,769.245853,64.1700466,9.149043892,44.35244792,-0.123865918,0,0.0074674,1
1159.022748,36.55520771,423.6831731,778.8990427,60.653563,11.53642329,57.27365471,0.29744895,0.266666667,0.009089003,1
3807.564119,59.74095267,2274.675078,902.7043125,39.47279893,22.63484975,89.723657,-0.322874596,1.466666667,0.012762116,1
1881.040823,43.76163544,823.1742274,832.4589632,54.69451486,14.28692844,78.82618045,1.332687477,0.4,0.009320753,2
5132.504583,19.51618578,1001.66913,1129.445746,80.47656043,18.31693223,118.7069848,-0.179962417,0.266666667,0.00536258,3
6290.475804,26.05713499,1639.117771,949.1587447,73.57569284,21.09413079,266.6407808,6.7716674,3.533333333,0.011031714,3
1736.206503,29.79847185,517.3630062,873.9672959,69.2231133,11.85470699,86.77558241,0.161993151,0,0.007430088,2
2035.400433,37.44369174,762.1290639,800.3831345,59.91319662,15.20819273,69.21878303,-0.225144294,0.4,0.011252958,2
3991.420932,17.13482903,683.9231526,774.2383519,81.66097524,13.77080809,160.2752926,0.112430271,0.6,0.010150843,2
4742.733912,39.98106957,1896.195745,1017.816043,59.94112517,21.75621432,93.88390505,-0.463052843,2.266666667,0.008977266,2
1815.893132,24.30012464,441.2642943,774.9536629,74.06434858,10.97775183,60.40688688,0.85374264,0.2,0.007632287,2
1604.053735,61.95755518,993.8324777,791.7638359,37.0399271,12.4047068,51.10018974,-0.180044628,0.133333333,0.006800934,2
2962.127202,33.73082765,999.1500214,744.5139311,65.30135043,13.22464958,87.14952908,0.204897282,0.4,0.008095166,2
2649.303605,65.65491365,1739.397994,689.9666841,29.91349972,18.58667043,66.56117179,-0.260063307,0.333333333,0.015167917,2
2058.81707,28.96944902,596.4279617,887.503354,70.84970329,11.29972381,101.5952853,-0.963173626,0,0.004640092,2
547.6951136,52.38450979,286.9074004,713.3721117,40.01884443,9.373932263,33.62728799,0.776140745,0,0.008847625,2
1106.599238,53.44247312,591.3940003,758.5164535,37.97758481,14.4539265,43.89867758,-0.009452437,0,0.013006569,1
5762.667522,13.00477849,749.422146,716.6374188,84.70541718,14.93157677,159.0263124,2.740513019,1.933333333,0.0138099,2
2153.22994,34.09450496,734.1330888,967.9319797,65.67433373,13.85679255,77.24485114,0.320472501,0.866666667,0.006821576,1
3849.374453,45.72854465,1760.262915,985.0986338,54.09561114,21.06631725,115.2059191,-0.095300093,1.6,0.010231743,1
531.3774793,47.82320923,254.1217637,708.573082,43.26613851,9.417639848,31.85184818,0.77550726,0,0.009275159,2
818.3434182,38.04017027,311.2992297,761.8695879,57.5844778,9.801266143,38.61363226,-0.036031839,0,0.008125813,1
1228.470208,46.43830429,570.4807332,781.3024334,51.34824876,10.86601869,65.94818626,-0.395622452,0.266666667,0.007602843,2
1989.105292,23.32897301,464.0378368,733.0232022,75.29952706,10.23194631,62.52681572,-0.245578014,0,0.007497897,2
4506.271744,49.07683458,2211.53553,989.4596702,50.64809788,22.4727624,125.131803,-0.65440888,1.8,0.009701119,2
3391.171217,39.83068881,1350.726854,638.5815273,54.31181905,16.68968985,117.0415566,-0.418256695,2.333333333,0.018403097,2
3626.734928,65.30291958,2368.363794,726.4652667,30.42124162,23.30288477,80.08004458,-0.52646135,2,0.018024628,1
4438.11273,20.07268303,890.8483007,953.3231217,79.8208701,15.66706347,116.9002347,-0.017464698,0.4,0.006453791,2
8001.080239,10.46142656,837.0271331,927.4679904,89.36208833,16.3952537,212.7263592,2.874854153,1.733333333,0.007676245,2
909.9243762,46.84417393,426.2465575,877.4908934,51.74882584,10.08188088,62.31324185,1.242894166,0,0.006324817,3
5451.299585,38.49048544,2098.231673,1025.319669,61.44160109,22.67171296,114.2448044,1.639833126,2.6,0.009504978,1
2597.307106,55.26041796,1435.282762,810.3934913,42.68840973,19.16432775,62.2546586,-0.513140398,0.2,0.013103017,2
9136.6455,6.711881098,613.2407824,1116.501546,92.92370192,18.53047004,385.7763171,-0.682141232,2.533333333,0.015517361,3
1680.888613,33.59602103,564.711692,931.5927782,65.85952417,12.47248414,65.89903337,-0.148236319,0,0.00661665,2
3774.849947,16.29791476,615.2218268,712.5231808,81.22532974,14.63564605,225.721355,0.483004824,1.466666667,0.020252573,2
6724.701521,12.84330219,863.6737375,815.3801786,85.07536379,18.49477672,338.5298302,-0.71246123,3.266666667,0.019409642,2
1147.062807,49.17394706,564.0560573,812.1565022,45.95846224,14.37095395,56.07509098,-0.178100207,0.066666667,0.011658408,1
2084.536705,48.28069468,1006.428802,846.0393901,51.22795212,13.94207181,63.91839707,-0.567403597,0.133333333,0.006851041,1
2559.539412,34.39206357,880.2784216,907.1330494,64.71541935,14.36259689,108.3690072,-0.655779692,0.733333333,0.008362925,3
3880.620907,41.65750668,1616.569914,988.5497244,58.16605611,20.58515808,92.59117187,0.695632837,1.2,0.009939155,1
2788.953601,58.42610055,1629.476835,852.7323522,41.1817888,16.54761712,73.45640556,-0.188586452,0.133333333,0.008099839,1
1127.426872,56.02959104,631.6926655,694.4728952,41.34885971,9.806957793,42.85800436,0.641602216,0,0.007339461,2
1213.399488,49.10521742,595.8424569,696.0301243,48.59632307,9.798919622,47.16247502,0.408585229,0,0.00709502,2
6739.3468,5.011738077,337.7584097,1219.678842,94.8455553,16.13832924,329.4844292,-0.014538437,1.333333333,0.010242333,3
4379.921903,46.30922931,2028.308078,983.8763219,53.50870908,22.66907848,119.4842023,-0.304632834,2.2,0.011206566,1
1879.819164,51.90867005,975.7891272,830.4751444,47.50611855,13.49893381,62.21574855,-0.159493694,0.133333333,0.007079581,1
4187.019356,69.14774082,2895.229292,762.2197003,28.07973771,25.30316287,89.12383764,-0.592324143,3.6,0.017928091,1
3121.435476,52.76442698,1647.007542,913.2314804,46.25059981,20.90481001,84.05315176,0.231652295,1.666666667,0.012573811,1
9213.111074,4.799307086,442.1654927,1176.407463,95.13967269,17.0750348,320.1487233,0.088876584,1.866666667,0.0114588,3
4308.243863,16.80661977,724.0701648,703.4449013,82.08861996,12.67223768,313.4463409,8.035633128,1.2,0.009748652,2
1213.001397,47.18624153,572.3697691,807.2603236,47.91657748,14.60797473,61.70746392,-0.158823668,0.066666667,0.01212336,1
2820.564296,42.43598321,1196.934191,796.5172554,55.84256166,16.59963736,77.983068,0.61186464,1.466666667,0.011412048,2
2287.706191,25.84574263,591.2746543,805.8622785,71.67634882,14.33816186,109.1127955,0.693291929,0.733333333,0.01177834,3
3688.162123,19.79592796,730.1059169,1057.71252,80.16427486,14.76094511,136.739503,0.227270516,0.466666667,0.005054862,3
1780.854648,24.96207129,444.5382068,1075.278538,75.02946661,11.35141787,81.94458651,1.01559749,0,0.004053699,3
2325.972026,34.90470992,811.8737885,908.2377688,64.04102558,14.37675069,108.2299434,-0.656834505,0.733333333,0.008384235,3
2157.987293,19.13549589,412.9415699,914.4918038,80.58460686,10.6547741,62.49789003,-0.325228981,0,0.0050807,2
2127.286604,39.89488165,848.6784732,754.527572,58.03930617,13.38107718,104.314393,2.439361882,0.133333333,0.009607821,3
3032.569785,31.73229796,962.3040802,747.6580578,67.3739701,13.29943726,86.19842103,0.312002385,0.4,0.008127063,2
4453.778828,24.20801156,1078.171294,901.7692388,75.51138176,16.10179014,110.1389688,-0.560309295,0.866666667,0.008053912,2
426.429339,46.26649553,197.2939111,783.1737913,48.74630857,7.456318087,44.21512628,1.350358597,0,0.0062655,2
4446.34836,39.33588091,1749.010296,1023.386751,60.51720491,21.25937525,101.1100344,-0.405030971,1.933333333,0.009314024,2
1801.107654,60.03598356,1081.312695,815.7698665,37.85589617,17.67668748,53.01128058,0.054431125,0.066666667,0.012357685,2
3544.115437,33.23666872,1177.945907,955.2866966,65.49236282,18.45982399,181.3275477,-1.090398625,1.733333333,0.0115021,1
1817.882564,29.17476219,530.3629149,872.3686287,69.84923533,11.88383708,86.04707581,0.180195344,0,0.007470361,2
2904.009128,65.6521659,1906.544891,836.2432453,32.521548,21.48809302,72.76945081,-0.364364992,0.866666667,0.013853911,2
3138.450527,17.23502623,540.9127716,817.529301,82.19689795,12.55621193,118.8723674,-0.557479463,0.8,0.008027145,2
1221.300797,62.35881689,761.5887277,781.9495529,36.36290649,10.97564206,43.93632614,0.106579842,0,0.006553259,2
3824.279136,47.77525796,1827.059222,766.6462716,50.14686716,19.03786542,107.57752,-0.043179675,3.066666667,0.013424231,2
2567.296229,23.00065444,590.4949342,897.1510784,76.51450704,13.09308767,85.78639887,-0.253949835,0,0.007131724,3
4407.532206,13.61675255,600.1627541,924.956344,85.68535713,13.89721477,372.8556647,-0.883929558,1.133333333,0.009179062,2
2253.762775,29.5915554,666.9234602,857.7885981,70.05357972,12.32039015,65.02079359,-0.716067905,0.133333333,0.005512837,2
1385.960358,50.88771337,705.2835344,618.2276363,44.61155369,10.63558788,45.60193869,7.349107566,0.6,0.010172026,2
1166.418702,66.75461474,778.6383109,780.3879998,31.84622949,11.24490702,43.17083947,0.095501572,0,0.006680197,2
2684.951342,44.09916989,1184.041254,794.5385883,55.01583978,13.98382735,71.88860079,4.646107382,0.133333333,0.008271247,2
4317.445174,19.08238522,823.8715196,950.3644756,80.82103993,14.78145448,118.5941046,-0.055933732,0.133333333,0.006077239,2
8122.18803,6.969058677,566.0400497,1168.205836,92.57939554,18.24723863,406.1223886,-0.722208268,2.2,0.01560573,3
3812.455973,50.84173547,1938.31878,1006.098695,48.982949,21.82980885,93.35483058,1.339599515,1.8,0.010493838,1
3048.462526,29.80933958,908.7265466,898.6901864,69.45626536,14.95409874,117.3124473,-0.793990664,0.733333333,0.008384428,3
3442.537949,62.13274371,2138.943281,722.5556264,34.77720797,20.65812095,84.80854015,-0.728538049,1.4,0.014791906,1
12962.36295,5.532093149,717.0899929,948.5162587,94.00892204,18.81830471,338.2116217,-0.245021392,1.8,0.011705906,1
5124.630464,51.72406393,2650.667137,1026.153799,48.20910053,24.33766352,99.95854198,0.008744947,3.333333333,0.009895691,2
1987.305111,65.55101301,1302.698632,811.8938397,32.07647487,18.77456162,55.08144696,-0.140749054,0.266666667,0.012904548,2
5980.810964,12.07678571,722.2897238,1056.215779,86.9069947,17.21772399,399.5229379,-1.463320924,2.066666667,0.011710155,2
1075.35083,50.57771188,543.8878444,723.0660298,42.65159503,12.50379966,69.47122733,-0.292566699,0.066666667,0.01234794,2
2867.087496,56.43866671,1618.145956,831.6887482,42.18320284,19.17540588,79.42388658,0.45997228,1.266666667,0.012155696,1
815.2772819,33.90612565,276.4289396,729.5823553,61.53164984,9.575546664,43.83916441,-0.139796536,0,0.008635138,2
2169.410251,22.86876708,496.1173773,902.8385185,76.73287529,11.54081639,79.53763661,0.191560973,0,0.005843314,2
3508.461815,28.45527592,998.3424899,1101.15838,71.53218105,17.20844502,97.64747922,-0.007724775,0.8,0.006370543,1
3771.621565,29.58960171,1116.007799,754.8218933,68.11175383,16.88418958,124.9154069,-1.048500523,1.933333333,0.014782154,2
3388.26736,65.57310367,2221.792069,725.959025,30.10090026,22.34438567,70.32299974,-0.083033453,2.4,0.017346243,2
3035.571311,28.59454534,868.0078146,905.0286733,70.61138515,15.14574851,115.7650451,-0.736736129,0.733333333,0.008465033,3
1352.162182,33.2660443,449.8108703,736.0422717,63.87670814,10.36556039,71.02341044,2.546972047,0,0.008967664,2
1764.751668,18.52688182,326.9534559,652.240505,79.07652124,9.146516328,103.4648761,4.332121847,0,0.009426472,2
2499.407043,58.26888383,1456.376586,809.9964833,39.5567281,19.29796477,65.39835184,-0.039381206,0.4,0.013367182,2
3500.669217,70.47836213,2467.214328,721.715576,25.58827681,22.87473876,73.59299151,-0.375818831,1.466666667,0.017363184,1
5172.933803,19.80482481,1024.490477,864.6844329,79.51819569,16.32396775,247.2303131,-0.556958547,1.6,0.010351898,3
1990.829101,58.26390549,1159.934786,829.7205027,41.00937206,14.44215449,60.42616351,-0.124381955,0.133333333,0.007801515,1
2340.447789,27.34125866,639.9078838,730.9243196,68.48213781,14.4260079,127.9757873,0.376451467,0.933333333,0.017289508,2
2563.008242,30.19071728,773.790572,783.1217509,68.91224627,13.98354,114.9234448,11.32667584,0.733333333,0.00955832,2
1923.193515,39.03283306,750.6769141,798.3741025,59.72448255,12.46225957,69.39083271,0.297615023,0,0.007886124,1
2086.484397,29.03365131,605.7826044,713.647682,70.11805635,9.965495142,71.58650736,-0.427477006,0,0.0062296,2
906.1148907,37.03506229,335.5802142,788.9784266,59.99488453,10.76884165,56.7417754,0.747130331,0,0.00839957,1
3381.998845,27.87605154,942.767741,738.8315541,71.10121354,13.79783293,91.27777553,0.088357824,0.6,0.009000394,2
1775.885525,51.36535944,912.1899833,838.5917494,47.99365914,13.2487461,60.8788566,-0.027736046,0.133333333,0.006852383,1
3284.535172,32.41433079,1064.660096,791.01212,66.83793843,14.27074166,75.61388828,0.697543297,0.2,0.007981136,2
4713.569168,17.60651636,829.8953268,654.3724561,81.04932561,13.21996112,135.539655,2.806532137,0.733333333,0.015791616,2
7776.219692,24.13874454,1877.081807,704.6675849,73.7983259,21.47566875,174.2356453,4.055875269,3.8,0.01887775,2
1873.480139,21.824469,408.8770921,725.8860609,76.78327448,9.841730111,58.43897157,0.015074733,0,0.007328473,2
2230.858574,19.02800967,424.487985,917.9041101,80.75148615,10.88955492,65.18881621,-0.308481694,0,0.00509031,2
3324.608657,47.66860285,1584.794497,1006.022856,52.18466964,20.33587519,90.85018712,-0.264250248,1.2,0.009458143,1
7613.586782,17.91098596,1363.66846,886.2553592,81.30778028,19.27527493,307.388554,-0.470790064,2.666666667,0.012900316,2
5205.584393,20.64195847,1074.534569,1061.015126,79.31465161,18.809724,166.3094254,-0.814604463,1.533333333,0.00718911,1
1802.035692,31.90506789,574.9407111,956.9099671,67.96736201,11.95229321,51.66820247,0.465179622,0.2,0.005659346,2
3082.467095,18.50465877,570.4000176,820.9769966,80.86735063,11.8165016,115.5584518,-0.722035399,0.533333333,0.007068568,2
736.2403024,30.27205197,222.8750469,780.0896338,66.25055289,8.676756266,45.18015114,0.167745749,0,0.006964784,1
700.4862295,39.28915412,275.2151143,744.5900764,56.91908916,8.502304063,62.96329053,-0.78013417,0,0.007164269,2
2599.255679,27.78149477,722.1120805,723.4168441,68.16616368,15.36140408,126.8871661,0.357983051,1.2,0.018352338,2
1862.555146,20.44183602,380.7404687,732.4273216,78.0409283,9.977300987,60.49249128,-0.148147733,0,0.007416314,2
2216.342791,27.8817703,617.9556061,798.6109565,71.41163333,11.73339763,98.18972989,0.405432104,0,0.00703888,1
7083.094174,5.851525797,414.4690828,990.7358159,93.42310143,16.43064012,395.2192516,-0.702331145,1.8,0.012817055,1
4575.316752,10.60441516,485.1855831,1227.481455,89.36051978,15.35720595,287.1815924,-0.625806144,0.933333333,0.005592287,1
2973.631278,40.29415479,1198.19959,956.6145916,59.43245866,16.33253813,169.8875099,-1.109044085,0.666666667,0.007367752,2
746.4479855,39.6245618,295.7767433,728.6265196,54.74381886,10.11519199,37.62898176,0.744892027,0,0.009093588,2
1791.05611,23.75676486,425.4969886,798.9455616,73.82538898,12.47744831,96.28211667,0.566475236,0.266666667,0.011056251,2
1396.359346,30.43467135,424.9773779,760.3786209,68.1365876,9.521356767,56.8407858,-0.353489561,0,0.006108901,1
9852.590381,4.305677615,424.2207786,1204.177022,95.6843763,17.07554968,299.6784146,-0.960878752,2.6,0.004606226,3
10055.4629,8.036767786,808.1342035,1061.142178,91.78492169,19.00961235,261.6090254,-0.316667966,2.8,0.009016499,3
3587.187414,31.05096592,1113.856341,1084.69608,68.92746548,17.58238877,87.08404373,0.208394733,0.933333333,0.006566233,1
2205.529029,26.45526286,583.4785019,832.0881489,72.1911864,12.60461472,61.91797465,-0.058587462,0.266666667,0.00825225,3
3015.48669,35.29228672,1064.234209,766.2014878,63.47140329,14.70372211,76.43126985,2.505767815,0.666666667,0.009104369,2
3202.914538,33.38682775,1069.35156,916.7241972,66.14473349,16.46350326,102.43217,0.748935357,1.4,0.008766159,3
2453.838134,37.63227669,923.4351561,804.9132969,60.99189304,14.20797096,63.59891965,0.19313611,0.6,0.008980274,2
2386.016538,38.32629414,914.4717166,805.3348526,60.23048312,14.29214003,64.07262614,0.15630746,0.6,0.009082424,2
1883.739056,24.55142147,462.484715,851.913566,74.33243608,11.57236618,80.38682852,-0.046002342,0,0.007578805,2
1999.258071,63.38986434,1267.326979,818.9340327,34.46820945,18.90131279,55.46064166,-0.204925291,0,0.013106279,2
4050.081366,72.47370167,2935.243886,774.902517,24.54620919,25.25224058,77.63808044,-0.73635096,3.6,0.017760628,1
4248.874275,68.98330468,2931.013887,761.0095484,28.10730539,25.5801634,89.33873726,-0.596058224,3.733333333,0.018257668,1
2875.237598,17.71068829,509.2243687,900.8761724,81.89070352,12.26078419,91.66606897,0.948695316,0,0.006497288,2
2264.58252,36.10063479,817.5286653,807.7929557,62.12565287,14.00300557,81.91304643,0.59843816,0.866666667,0.009722441,1
1546.763048,44.10601283,682.2155083,841.23298,54.11374752,13.5573632,53.81600628,1.890316558,0.266666667,0.009011029,2
2203.150672,60.06754168,1323.378448,811.1310324,37.52518073,19.24987411,62.70936729,-0.180453333,0,0.013629898,2
2505.185552,23.98362581,600.8343287,894.8792906,75.50947206,12.9648302,85.00226192,-0.241890615,0,0.007113166,3
5575.593124,12.81401581,714.4573844,627.0189001,83.43566885,16.79790036,194.6159122,0.500465404,1.4,0.023830736,1
4197.204027,43.15454199,1811.284174,1009.236203,56.70332091,21.31197666,91.32338236,-0.239991508,1.933333333,0.009297412,2
2183.697924,33.62821367,734.3386037,861.5491929,65.06949509,14.24175685,63.18780868,0.105808246,0.533333333,0.009021734,2
2126.168391,54.74391404,1163.947796,799.9606452,43.43856707,16.28211968,70.56541245,0.085066169,1.6,0.010734774,2
2733.724692,48.62750472,1329.342103,899.3227167,50.84911603,16.67574505,84.83848624,0.356879478,0.2,0.008857518,1
7972.944554,11.66140119,929.7570512,1058.675097,88.12703987,18.57311679,324.6746004,-0.924719225,2.333333333,0.00946956,3
9624.009017,7.919106722,762.1355451,1079.370396,91.88990297,19.5287389,311.4908349,-0.768168511,2.8,0.009557617,3
12433.58043,5.975667972,742.9894836,924.4909837,93.36692173,19.42881271,330.6856612,0.243948482,2.533333333,0.013680516,1
5393.555678,38.07667946,2053.686907,1043.379896,61.861709,22.69723235,129.5233502,0.879474109,2.8,0.009187026,1
2829.019144,21.76037185,615.6050853,792.2921588,77.62100557,12.20867143,87.73368204,-0.194075529,0.2,0.007009947,2
8953.43636,11.41918284,1022.409268,880.8755048,87.70728812,17.92600031,291.7499101,-0.177988996,1.733333333,0.013422931,1
3306.980963,68.6299274,2269.578634,722.8781764,27.77867095,21.80871908,73.87437995,-0.48515345,2,0.016506477,2
2050.830977,18.63915291,382.2575217,724.5226221,79.71127258,9.772427329,72.0617866,6.349815021,0,0.00762411,2
8883.360015,8.171425476,725.8971434,1103.645802,91.61773343,18.74340092,297.0990516,-0.538577624,2.466666667,0.008968803,3
1017.291023,34.33383652,349.2750367,829.0121282,63.40853888,9.716771632,49.7285903,-0.395436142,0,0.006909542,3
3246.893697,50.68218687,1645.596731,756.900725,47.54529411,17.32704923,105.1667177,2.641661996,1.333333333,0.013323644,2
3512.035159,32.36066596,1136.517966,800.1076105,64.05498925,18.44998509,129.9462623,-0.957294461,2.266666667,0.015820314,2
4058.769337,53.05248424,2153.277963,885.183259,46.02763072,21.91485125,98.32565971,0.054706476,1.333333333,0.0126667,1
6049.060775,20.55337159,1243.285939,994.364926,78.96247994,20.28378823,175.7000547,0.010204657,2.866666667,0.011233225,2
3307.289701,24.40420665,807.1178133,986.3673993,75.35029557,14.75083163,101.0868383,0.649899561,0.4,0.007134537,3
2688.4416,48.12758043,1293.881894,817.9050284,51.17678897,15.00403159,75.45962122,3.084628117,0.066666667,0.008038085,2
3740.213442,38.96254517,1457.282352,630.8652204,58.26807687,15.38704551,98.89366409,0.152678367,1.8,0.015463326,2
1784.883899,22.42184667,400.2039312,611.3272461,75.83762899,8.775308907,71.83345796,6.591578652,0.2,0.007701981,2
3402.573797,35.81288486,1218.559836,794.1880161,60.59710851,18.5326038,128.9427021,-0.954389859,2.266666667,0.01580804,2
4447.002647,40.15850454,1785.84976,1017.393521,59.738851,21.30326041,87.40152117,-0.287650621,2.333333333,0.009025276,2
2342.89829,21.8165459,511.1394809,1087.590762,78.17444485,12.26478807,110.3679104,3.415387384,0,0.004273074,3
2219.430993,24.60878869,546.1750831,836.5682546,74.27609391,11.97900916,62.21375526,-0.021197996,0.2,0.007512909,3
3403.951165,70.20967189,2389.902944,721.9729872,25.47580779,22.52256678,71.26949765,-0.297792897,2,0.017794596,2
3353.613419,25.25113219,846.8253575,752.8722781,73.04459985,14.19634484,150.0564701,1.244198683,1.066666667,0.011870839,1
2993.188108,27.94180496,836.3507832,898.0499166,71.72894297,13.92767074,105.402865,3.65e-05,0.466666667,0.006461422,2
4865.782362,31.19274423,1517.771047,684.6845803,65.5482069,18.4100512,168.3362062,-0.322465226,1.866666667,0.020171269,1
2598.277215,21.05137332,546.9730364,922.5414091,78.83014577,11.92035031,95.7577472,-0.665583257,0,0.004594556,1
1506.327072,59.36614057,894.2482468,794.6849137,39.67039042,12.19845163,49.17043573,-0.006600836,0.266666667,0.00680946,2
1650.286284,34.86943093,575.445436,814.7511291,61.18606139,14.27571821,59.48033173,-0.155523015,0.066666667,0.01129659,1
4912.399761,6.701161066,329.1878202,1063.13564,93.07220642,13.42429803,349.5768776,-1.477061276,0.733333333,0.007248208,2
1760.215194,42.18011497,742.4607924,860.1936125,57.05606223,12.8665295,76.05233657,2.394681466,0.266666667,0.00735706,3
4916.529614,35.27034995,1734.0772,894.5647561,64.35464092,18.49609215,129.8158,-0.278514865,2.666666667,0.009261987,3
5689.046476,10.14480306,577.1425611,803.6865997,88.18449566,16.43730833,294.7751434,1.99855185,1.666666667,0.018341356,2
2424.343537,23.27445035,564.2526328,931.9867582,76.59857321,11.86864874,82.42159641,-0.731678452,0.133333333,0.004660044,3
2584.988502,56.85883346,1469.794307,809.8571868,40.89631182,19.22617241,65.22273569,-0.021972307,0.4,0.013339278,2
4077.581246,35.33392249,1440.769397,1025.441497,64.53143892,19.09389361,153.0060379,-1.058304311,1.6,0.007487208,2
2593.415245,47.07549445,1220.86305,806.5636822,52.01347328,14.57062572,78.34885834,3.786101867,0.133333333,0.008346525,2
2159.961231,34.41359115,743.3202271,732.3879684,62.76040521,13.90597839,98.09613299,4.978566354,0.866666667,0.010831716,2
2126.610953,28.71586979,610.6748321,728.3139652,70.39472579,10.30862665,76.98729632,-0.622796663,0,0.006382199,2
3538.972109,35.86843621,1269.373953,969.9412226,63.51764538,17.95411432,168.4114166,-0.91564305,1.4,0.009496547,1
6064.250753,12.00164693,727.8099645,969.708812,87.884414,15.71903612,183.4043011,-0.879231223,1,0.005842675,3
2782.956177,24.16233543,672.4272066,888.4240847,75.47689473,13.53285614,102.4814447,0.346782465,0.466666667,0.006341968,2
7734.430038,14.00178547,1082.958301,969.3015667,85.47593019,19.67351346,341.3204912,-1.07925839,2.666666667,0.012606495,2
1895.067418,26.03975477,493.4709082,880.514786,73.66805701,10.88111376,58.96750721,-0.346173187,0,0.004608381,2
1410.755284,60.84709444,858.4035998,793.8696313,38.03127003,12.20240931,48.85045965,0.044250335,0.266666667,0.006948375,2
2130.729275,22.46876705,478.7485972,715.8090614,75.93409196,9.995365377,131.6202321,5.198461682,0.2,0.007398779,2
998.5473083,33.81534906,337.6622578,837.3878958,64.3873109,9.402472225,46.86559226,-0.196301076,0,0.006338551,3
6625.886332,5.138568867,340.4757322,1208.640529,94.66662515,16.35466236,340.2587637,-0.119364693,1.466666667,0.010691474,3
4187.417558,22.47061277,940.9383845,1089.053851,77.4900874,17.35625416,142.97321,-0.185947545,0.533333333,0.006083044,3
750.5922891,30.78352115,231.058736,871.0629679,67.92813325,8.36866487,46.03191763,-0.132749883,0,0.005560154,1
5521.685123,36.81571023,2032.847595,1026.394844,63.11545704,22.65435775,115.0172465,1.567054511,2.6,0.009504109,1
1287.658103,51.08643912,657.8186731,615.8913745,43.96827043,10.6756275,46.53770799,7.017084643,0.6,0.010181999,2
4905.769303,45.27910214,2221.288294,1048.361223,54.63588656,22.87202582,99.10821043,-0.41118048,3.133333333,0.009057715,2
11143.52605,13.44828115,1498.612713,1018.1173,86.46385625,21.61028981,204.8417711,0.258444864,3.933333333,0.008208057,1
2968.009035,50.365687,1494.858141,1025.169297,49.51518905,19.18655785,72.41763917,-0.297056604,0.533333333,0.008773473,1
7572.650863,11.55308256,874.8746065,973.6185821,88.12711089,17.12366932,324.9347946,-0.584974191,1.933333333,0.009448035,3
2044.545721,40.7649859,833.4587749,660.5679834,53.72665728,13.96331986,103.0319677,1.226091927,1.133333333,0.019019961,2
12649.88828,6.165355411,779.9105717,935.1235305,93.35321986,18.93337837,339.7333724,-0.138676691,1.8,0.011797266,1
3078.88035,26.74955411,823.586765,896.7236274,72.63873747,14.477337,108.0496433,-0.517107058,0.4,0.00775358,3
1013.83652,49.83954896,505.2915489,683.4306931,47.16845198,8.979328321,44.69250465,2.64748428,0,0.007083558,2
4592.64258,39.73710611,1824.983256,1133.337591,60.22912441,22.04635738,160.9352545,0.387543969,3,0.008153005,1
6041.079296,9.744681884,588.6839597,755.3641702,89.40759285,13.5767371,144.6065475,1.111252019,0.666666667,0.011846324,1
2730.270101,59.21379447,1616.696526,808.0199254,38.75150711,20.07703521,74.26971543,-0.097377858,0.933333333,0.013821165,2
1360.396546,28.48713624,387.5380176,738.7462171,70.167722,9.211293818,51.74978231,-0.54857896,0,0.006380342,1
5974.186517,16.77007499,1001.875559,842.8030774,81.64135681,19.16514925,260.5300346,1.114184191,3.266666667,0.015889071,2
5024.228966,13.31185895,668.8182731,898.0384423,85.79050217,15.22685659,303.449857,-0.660168953,0.933333333,0.01294041,1
4469.660454,24.4315479,1092.007235,694.7294492,72.47546464,16.93060976,166.8423361,-0.099798496,2.6,0.016304138,2
2570.355388,30.7551707,790.5171872,812.5833111,68.28345058,14.04269888,104.2142682,0.524938069,0.6,0.00916108,1
2960.91249,55.15940991,1633.221857,829.6854073,43.5296049,19.65136186,80.23636548,0.175100684,1.266666667,0.01268559,1
9597.199283,3.617413219,347.1703555,1194.560142,96.37540624,16.71989427,292.4377919,-0.070672399,1.533333333,0.004684588,3
2456.580614,25.72266828,631.8980825,883.3459366,73.70071761,13.14005398,76.07765679,-0.172467676,0,0.007373028,3
2735.978725,58.22194742,1592.940095,829.9387013,39.7510619,21.32403226,67.16528336,0.444624203,1.533333333,0.014613014,1
2459.939093,54.99185286,1352.766086,804.6018399,42.64697654,18.44095766,68.96581043,-0.177832586,0.266666667,0.012825707,2
4780.005166,14.62573956,699.1111064,831.1015719,84.58276937,14.97052146,115.2443491,6.006914477,1.133333333,0.010683222,3
2118.039292,22.35386911,473.4637312,847.3067569,77.1955009,10.59262343,68.82851552,0.97660127,0,0.005615667,2
7119.311985,4.22770883,300.9837815,1234.488072,95.76147436,14.49027489,296.5155009,-1.108207154,1.666666667,0.003971517,3
4538.866578,70.67334066,3207.768639,763.710344,26.75060305,25.29782268,87.1462793,-0.908590789,3.933333333,0.017270897,1
3280.780959,50.07064574,1642.708212,994.2985332,49.59469397,21.27982477,95.1479029,1.118041483,1.133333333,0.011139573,1
1661.97109,33.49910077,556.7453703,933.4024264,65.99499169,12.3914666,65.58819613,-0.089161332,0,0.006524734,2
1917.703233,25.07494265,480.862986,825.0034085,73.46922016,12.02212725,64.12054012,0.587993849,0,0.007802376,2
1083.060675,34.16029078,369.9766757,780.4728817,62.71673139,11.03599196,51.07123749,1.403941696,0.266666667,0.008811072,1
3034.725419,56.90931264,1727.041376,831.6707396,41.67197262,19.29635642,78.59209914,0.385715056,1.266666667,0.012297491,1
886.4053894,43.4299814,384.9656957,750.5179542,52.01410116,9.994870903,56.01500872,-0.820307171,0,0.008617748,2
2608.327433,22.46256096,585.8971396,953.1836649,77.48578908,12.04165403,67.09777599,0.116195343,0.2,0.004351442,3
1441.097403,24.85763076,358.2226713,758.7096186,73.44545267,9.513444377,54.74104859,0.669127471,0.066666667,0.006939261,1
4940.156638,11.42821767,564.5718537,1226.81649,88.55768009,15.68240573,287.1768107,-0.617171664,0.933333333,0.005436681,1
1990.928077,25.52739799,508.2321339,885.4314834,74.23797552,11.21461197,63.82058111,-0.330209711,0,0.004438245,2
5260.81837,15.19779512,799.5283974,861.3126883,84.21473931,14.26276305,244.5917616,-0.444914762,0.666666667,0.008740229,3
3014.640316,31.55814498,951.3645615,747.9451382,67.53683966,13.04609999,81.06233209,0.708559388,0.4,0.008151396,2
1356.731906,27.88051987,378.2639086,775.4362634,70.00339267,10.14615437,51.69776541,1.711983559,0.066666667,0.007604974,1
3582.227356,28.82719384,1032.655624,883.3250967,70.81751842,16.19190703,94.77215252,-0.61592293,0.2,0.008852459,2
6930.588747,12.10656116,839.0559654,814.3321861,85.89173063,18.12708081,339.0385188,-0.712401522,3.066666667,0.019085811,2
1593.883645,54.45265029,867.9118873,807.8749847,44.564597,12.41464511,51.87975076,-0.217858245,0,0.006821548,1
2519.01284,46.58292416,1173.429841,839.1579917,51.87197077,18.15597614,68.79349506,0.6063303,0.6,0.012154111,1
7921.280616,7.554309844,598.3980814,1160.973125,92.02505708,18.07977261,404.4997755,-0.726749506,2.2,0.015603522,3
1361.608945,36.22659361,493.2645392,931.9453252,63.20574962,12.22927217,66.65972271,0.092844334,0,0.006450419,2
1330.478302,35.34688745,470.282668,969.9064646,64.53126107,10.52330144,81.67363824,-0.372730452,0,0.004748184,2
3932.446277,33.03301098,1299.00541,943.9025134,66.7468158,17.32467985,144.169788,-0.657263452,1.266666667,0.007219944,2
1158.160651,56.19365259,650.8127726,750.3877019,34.88530064,14.73247982,43.32015643,-0.233820773,0.066666667,0.013740849,1
2764.885869,40.21429135,1111.879259,967.5308832,59.59338768,15.6990213,100.5049938,0.53432766,0.4,0.007399849,2
3614.735069,61.84085211,2235.382968,918.6765842,37.36135542,22.65513029,85.27316812,-0.280836038,1.4,0.012538666,1
2475.343577,21.51822847,532.6500862,960.5926112,78.38338721,11.81407255,65.30720731,-0.178362617,0.2,0.004749812,3
2862.518764,29.20423219,835.9766262,815.1936542,69.94028061,13.94836233,79.50387794,-0.05193348,0.4,0.008005383,2
2823.732218,16.43545356,464.0931975,814.8308723,82.64617737,11.26537901,83.3128223,0.950683064,0,0.007154167,2
1478.485804,28.8402749,426.3993703,736.2709511,69.85648107,9.341793688,52.95510053,-0.636966248,0,0.00632131,1
4106.9564,17.86519898,733.7159327,771.88804,81.02648443,13.54602951,161.3867916,0.098795612,0.6,0.010074342,2
5106.672178,23.48779887,1199.44489,1105.484273,76.50284284,19.60792639,117.8258845,-0.052003916,0.733333333,0.006293768,3
6649.209896,13.24026482,880.3729988,835.8639948,84.90666803,17.67098437,329.0171947,-0.760419559,2.733333333,0.017666824,2
3249.927732,56.28281902,1829.150944,818.7414693,43.05653306,17.0865745,108.7313197,0.677184884,0.6,0.009032673,1
2071.417242,22.68759425,469.954739,712.053848,76.11370426,9.491468547,85.22990703,1.359237958,0,0.007099343,2
2708.846124,32.63795925,884.1120943,812.7214536,63.16073866,17.70071553,111.5396329,-0.006002,2.066666667,0.015809769,2
3813.158145,28.79002317,1097.809113,869.8129951,70.81670231,15.82677095,96.5575167,-0.796111466,0.2,0.008738131,2
1443.911181,39.90671508,576.2175211,869.4945478,58.29657547,14.00540059,55.57666178,-0.415927794,0.066666667,0.009810212,3
5711.558588,13.19310313,753.5318147,714.9373891,84.38416625,14.89601998,159.1674607,2.798071385,1.933333333,0.013805452,2
3746.552749,28.84543881,1080.709581,914.3500667,70.81333145,15.80085653,136.2627226,-0.987944354,0.4,0.007714984,2
1717.519001,34.60822878,594.4029051,936.3933712,64.94316648,12.39120354,74.08896848,0.01529508,0,0.006358247,2
2458.984528,21.93214237,539.3079876,924.2972709,77.91075014,12.04857774,84.59453701,-0.70283585,0.133333333,0.004840759,3
2924.538421,29.89054983,874.160614,765.9742219,68.3481989,13.94576296,107.9293761,0.817441281,0.4,0.010096267,2
2429.773287,36.14804393,878.3155152,797.8742289,62.39464729,14.20283267,62.55105998,0.107892124,0.6,0.00917844,2
3013.755151,44.72022072,1347.757955,807.6165347,54.38769463,16.1804099,80.33423644,0.346173536,0.466666667,0.009662311,2
1096.901776,33.22598243,364.4563915,901.3835793,65.80004522,10.19448143,46.88536068,0.188130106,0.066666667,0.006326576,1
2718.939651,16.06874788,436.8995575,802.4564186,82.79081515,11.32081155,73.81764368,0.186005866,0,0.007493152,2
4131.116207,71.07907278,2936.359095,761.8559186,25.94154312,24.64235783,79.01535535,-0.752134005,3.266666667,0.017548455,1
1621.230566,27.83209869,451.222491,765.4955471,70.87377505,9.686190859,62.59511041,0.500431563,0,0.006381323,1
1985.227185,23.98229448,476.1030295,732.7610994,74.68814423,10.23707723,63.11658035,-0.281197744,0,0.007258317,2
2609.790195,24.24927665,632.8552444,906.6957953,75.69055691,11.88173982,65.02725467,-0.455715944,0,0.004010787,2
809.7962475,35.98170641,291.3785083,731.8398757,59.11109466,9.740172071,42.26945606,-0.029004628,0,0.008765968,2
3357.081077,23.67125178,794.6631142,930.6443361,76.24908874,13.85638127,77.20577647,-0.49991716,0,0.004845679,1
1772.783247,36.73844331,651.2929682,801.2456369,59.3468214,14.96158452,71.11661402,-0.117306078,0.066666667,0.012115261,1
738.951131,32.37729039,239.2523536,872.0014482,66.40191906,8.491786615,45.56584424,-0.116671409,0,0.005601458,1
4286.296887,19.97001311,855.9740502,856.0685108,78.98925348,17.09569883,120.0469698,6.411427956,1.266666667,0.01087641,3
1553.786148,46.31782886,719.6800088,848.6515774,51.92448713,14.4036313,58.25106032,1.723992327,0.333333333,0.009438338,2
1807.915297,32.09581467,580.265143,955.9012087,67.76564274,12.07956262,52.38476898,0.389433134,0.2,0.005703266,2
4272.607648,40.46713008,1729.001695,965.8003219,59.19235836,19.6365585,141.1257385,-0.450218445,1.2,0.009164208,2
2376.54457,32.82998752,780.2192858,809.0040252,65.31110631,13.91536309,82.66676874,0.544432293,0.866666667,0.009703921,1
6900.656533,18.32843754,1264.782523,601.6074686,78.66120273,17.93827705,153.2409725,0.349320553,2.133333333,0.020971701,2
5178.090252,18.78118988,972.5069626,1129.89853,81.21175937,18.35626025,119.0776026,-0.202209398,0.266666667,0.005352376,3
2022.066095,46.9941325,950.25242,844.6896191,52.56415481,13.54980049,62.1409974,-0.462042068,0.133333333,0.006795712,1
4875.857927,15.20816747,741.5286392,994.3739502,84.39965301,16.24584623,161.371966,1.141443177,1.333333333,0.008798756,3
2253.232719,38.58947668,869.5107146,790.3830461,59.33781126,14.4526488,83.19281911,0.230394972,0.866666667,0.010431459,1
2960.305122,21.62966197,640.3039912,786.7408053,77.26416383,12.26496814,72.9255009,-0.288390104,0.133333333,0.008009713,2
1590.725986,27.62375277,439.4182136,737.6728413,71.29509861,9.254583253,59.04090398,0.361239371,0,0.006263988,2
1715.852401,39.48097001,677.4351717,976.976333,60.3653401,12.92431404,62.06538918,0.521994272,0.2,0.006039657,2
12429.77714,6.126312916,761.4870422,925.141201,93.41912907,19.01795524,331.1820156,0.227955014,2,0.011788178,1
7223.882389,12.91012625,932.6123367,968.8682894,86.69650374,18.03737929,325.9191166,-0.561655511,2.4,0.0102591,3
2133.130418,34.29029272,731.4566647,862.6290384,64.55695232,14.05746046,62.23483186,0.179530992,0.533333333,0.00886953,2
788.6761856,34.20598603,269.7744659,768.2420164,61.83893655,9.374277359,43.9032285,-0.084981913,0,0.007770254,1
2264.793039,36.97007727,837.2957365,800.6881716,61.63918434,14.02371197,70.04053528,1.695062388,0.6,0.008783178,2
2882.670174,35.60220745,1026.294215,628.1691908,55.75738448,17.94460905,125.8318475,0.467612436,2.066666667,0.02333082,2
649.3617699,40.1221595,260.5379651,717.8295084,53.16780325,9.302553296,33.91679028,0.523234317,0,0.008384685,2
1661.420497,33.66036957,559.2402794,935.5034176,66.06363289,12.18503876,68.57663588,0.696119877,0.4,0.006426299,2
2277.910642,44.34115918,1010.051984,674.2936862,54.09461371,12.40931315,67.71508961,2.140867741,0.533333333,0.009087728,2
2840.217898,52.36318723,1487.228616,830.4334898,46.22664957,20.66511448,68.56547549,0.284306198,1.266666667,0.013908356,1
4439.422942,48.09757173,2135.254634,1020.498871,51.75723565,22.22221203,95.62674742,-0.363994721,2.733333333,0.009920511,2
2251.921902,40.25985756,906.6205502,806.4356749,57.83897909,14.71602657,77.13252989,1.044256691,0.866666667,0.010233148,1
1357.147436,37.1067136,503.5928123,969.6560251,62.77328692,10.59107271,81.70304442,-0.374014126,0,0.004796769,2
3408.04875,20.522304,699.4101249,816.6797225,78.61091458,13.16960344,100.484336,0.556261861,0.333333333,0.007983284,2
2023.864589,31.33304216,634.1383451,950.8454174,68.48264434,12.39262641,75.98967681,0.058905627,0,0.005727662,2
6089.000979,17.07662125,1039.795635,904.4772555,82.61940113,16.76264787,156.315092,0.176628099,1.6,0.009177001,2
5741.892063,13.78973456,791.7916743,673.0263795,83.09920495,16.16114805,185.258983,1.797520673,2.2,0.019904507,2
1693.715027,41.82240965,708.3524369,832.4014575,55.50154341,14.2187745,73.65416077,0.399887651,0,0.010350132,3
7497.809028,15.72646128,1179.140034,975.2020919,84.14904698,17.68201319,179.8369622,0.552488297,2.666666667,0.007515145,3
2455.648505,38.75776249,951.7544153,798.3728451,59.6971251,14.19848347,63.17653696,0.068144963,0.6,0.009141834,2
2090.865076,25.36151697,530.275101,885.9194385,74.39414133,11.16042089,63.70564479,-0.315362227,0,0.004459727,2
4939.505963,15.43157675,762.2436539,630.3867912,80.76268268,16.79950131,146.9148362,4.156890186,2.333333333,0.021670992,2
1601.759199,27.54912521,441.2706473,811.8719959,70.76773542,11.88532965,81.69005813,-0.198190312,0.066666667,0.008403711,2
3691.645128,19.65861075,725.7261458,855.4957391,78.9846657,15.38899132,115.3797749,7.339047044,0.466666667,0.010325715,3
2429.398679,23.40553069,568.6136534,845.4218415,75.64982594,12.92202691,69.6636334,-0.027350123,0.066666667,0.007856705,3
2759.386302,31.44356232,867.6493516,668.0200751,56.16313025,19.49857072,96.06019132,1.467145434,2.933333333,0.024526595,2
2446.707456,33.06301144,808.9551661,763.4930539,66.02258916,12.08881829,72.54887528,-0.427057122,0.2,0.007385317,1
2457.743375,31.98516488,786.1132708,855.1611958,67.75618159,12.46580501,92.58395983,-0.509693559,0.2,0.005384002,2
901.929376,37.30268145,336.4438421,767.9563167,60.40526225,8.765492989,43.880421,0.751789581,0.066666667,0.006195263,1
910.0091935,30.96224987,281.7593203,654.4439159,64.48944139,8.630239527,50.35189501,2.739625845,0,0.008831287,2
5760.734767,13.83379506,796.9282414,718.2091097,85.23871533,14.09912876,263.4380835,3.085516716,0.866666667,0.019938376,2
710.0886542,39.79321917,282.5671345,727.4309625,54.43178419,9.822971403,36.94370625,0.424380889,0,0.008854165,2
4092.254938,35.06064841,1434.771116,795.8029607,63.81228108,16.52647509,130.3816331,0.288773802,2.333333333,0.011505176,2
1929.093172,69.59022484,1342.460276,810.4731761,27.50237613,19.33620406,56.32577065,-0.509589648,0,0.013848194,2
3934.138074,29.30505516,1152.901332,1082.207496,70.67674763,17.62365321,89.75571127,-0.295292983,0.466666667,0.006537181,1
2649.307444,40.33573959,1068.617751,799.6071497,58.75295486,13.88097793,71.6327216,2.545346311,0.133333333,0.008060635,2
1395.395317,49.74547407,694.1460156,614.8848098,45.68610771,10.68197755,46.59435912,7.133731275,0.6,0.01019314,2
3199.594751,19.35282661,619.2120244,941.8759475,80.56021152,12.86712399,91.14215037,-0.238442658,0,0.004628083,1
3148.84425,16.87122489,531.2485948,756.4398349,82.65951164,10.42863559,110.9444046,9.016442411,0.333333333,0.006024444,2
2045.023468,34.37458521,702.9683344,865.2250158,64.48432014,14.14605442,61.93712712,0.268123552,0.533333333,0.008843851,2
2458.339574,22.87959153,562.4580529,924.3337051,76.96107799,11.96346572,83.66771968,-0.640373633,0.133333333,0.004838801,3
3532.46231,65.19321266,2302.925666,728.0257449,30.5116062,23.27526664,79.55810485,-0.594932085,1.666666667,0.018204925,1
5571.179211,7.387115393,411.549437,1186.925708,92.56536205,15.05003507,291.4463693,-0.730351488,1.533333333,0.005463615,1
2354.684087,19.99329453,470.7789248,941.2243057,79.85381716,11.39445958,69.98354798,-0.070815994,0.2,0.00502281,3
4006.437456,50.69636347,2031.118095,800.3110969,46.84232467,21.4139323,158.1179205,-1.073938988,3.266666667,0.016023868,3
2832.106692,57.19535477,1619.83347,828.4781314,41.09339046,21.42192794,68.37429493,0.403684648,1.533333333,0.014543111,1
1529.689294,57.40809783,878.1655264,779.3936964,41.6921769,11.75830825,49.40687337,0.137815763,0,0.006354802,2
1945.546114,21.70919427,422.3623855,735.4362832,76.89911526,10.26202505,60.89796688,-0.060611595,0,0.007273701,2
2945.528554,49.61964908,1461.560932,815.9791443,49.70357339,15.12243121,78.4338874,2.55667655,0.066666667,0.008047953,2
3400.301513,19.88554152,676.1683693,938.1434525,80.02225871,13.58068559,92.45830331,-0.233855484,0,0.004801972,1
11744.08531,5.87989531,690.5399212,951.5609297,93.6648899,18.63319047,339.8583477,-0.277360105,1.666666667,0.011604311,1
1157.575137,36.09412665,417.8166361,783.1605749,60.2841768,11.70601582,52.79532761,-0.009734285,0,0.009617655,1
3672.383384,38.89243696,1428.279392,1035.613076,60.98764957,20.05176531,109.8120319,0.356476887,1.733333333,0.009277375,1
1049.378605,34.00356162,356.8261005,778.569818,63.00142663,10.83319847,56.77148954,0.32627371,0.066666667,0.008695828,1
9351.305762,8.198715718,766.6869754,815.4017328,90.98194189,17.17172629,258.4391737,0.18638167,1.866666667,0.014081488,1
1548.238103,23.81399734,368.6973805,772.3610729,74.42853293,9.583674549,55.57041038,-0.064205251,0,0.006907057,1
748.0936505,38.29170807,286.4578368,763.9609645,56.79118961,9.618400717,39.85544997,-0.117310586,0,0.008008575,1
1924.051312,59.54372486,1145.651819,819.0495627,38.63164996,18.24807087,54.03712887,-0.211452171,0.133333333,0.012509509,2
3115.437506,50.01172238,1558.083957,937.497731,49.40316096,20.86262666,74.71555432,0.120914986,1.266666667,0.012046056,1
4246.698012,71.39627503,3031.984192,758.7562421,25.05118533,26.00772493,82.96742704,-0.621979639,5.133333333,0.018995263,1
1862.510554,30.50282011,568.1182436,839.9772477,68.02508055,13.39729722,63.06109751,1.953189885,0.266666667,0.009280763,3
2539.692643,59.83119858,1519.528549,803.2517409,37.84921047,19.73779468,71.37510258,-0.134449931,0.666666667,0.0136639,2
2331.369533,24.87076098,579.8293442,876.0872603,74.56076842,13.15585965,80.02251626,-0.051191615,0.333333333,0.007745031,2
4099.868324,40.61240176,1665.054995,982.8163933,59.08043181,21.56079052,107.4014402,0.525333748,1.333333333,0.011356307,1
1078.545677,67.58933482,728.9818487,779.1461649,30.84553819,11.12669061,42.08015472,0.039458847,0,0.006704493,2
2077.401583,26.25116972,545.3422154,756.6499778,72.70655568,10.79177689,84.37132875,-0.158037078,0,0.007605361,2
2382.947921,30.83563671,734.7971638,983.9306117,69.04729929,13.87195421,77.07631437,0.133615882,0.266666667,0.006380552,2
6134.805885,11.53708114,707.777533,1052.505323,87.57596661,17.21352782,398.1269878,-1.458137935,2.066666667,0.011709696,2
3826.755639,29.86307936,1142.787073,913.8018276,69.75912275,17.67553206,104.0545809,-0.175391421,1.2,0.009567248,2
4254.230337,20.04078469,852.5811421,553.6271485,73.61105431,17.63728514,117.7288257,3.240717491,1.333333333,0.026950513,1
5814.442937,16.17568238,940.5258216,711.3495024,82.50976207,15.80209837,132.5210149,0.358866755,0.666666667,0.013291575,2
5775.746047,14.47238115,835.8879821,1093.762345,84.57678799,17.4406133,401.7818336,-1.481077909,2.066666667,0.01169014,2
2362.848588,55.28181973,1306.225697,702.5314208,39.95930224,16.69007088,69.75360954,3.185376518,1.466666667,0.014833565,2
2172.376464,62.92730553,1367.017975,804.9476232,34.72577538,18.62347446,68.61393901,0.132738107,0.6,0.012818884,2
6342.410012,8.834040363,560.2910604,1007.684044,90.55750142,15.76806083,365.7529597,-0.33972233,1.333333333,0.010267363,1
4477.575381,27.31146037,1222.891226,933.0704403,72.53697729,16.50367098,128.7419137,-0.625578264,1.066666667,0.006851369,2
2249.426308,30.53004695,686.750908,759.1756832,64.28942294,15.51336121,124.1665585,-0.137008385,1.2,0.015499865,3
5793.560066,14.12233854,818.1861659,1089.440329,84.83525073,17.44070567,402.0320178,-1.483416552,2.066666667,0.011691353,2
2291.406796,25.64800172,587.7000546,859.2332969,73.16402891,13.19074081,74.04541211,-0.267591978,0.066666667,0.008327233,3
1294.643838,18.5142104,239.693084,605.2576022,79.8345291,6.773915307,115.9444752,12.9393804,0.266666667,0.006819595,2
2113.641759,62.76454513,1326.617636,820.3993781,35.53157989,19.12974139,55.67740873,-0.260094659,0.333333333,0.012960924,2
7293.127158,16.66524716,1215.417667,1142.482524,83.26948655,20.48132721,274.9204291,0.423649616,3.533333333,0.008361361,3
2841.477105,20.76951786,590.1610949,865.8687526,78.91555234,11.31508444,114.0522242,2.463240952,0.6,0.005767912,2
1908.835291,29.44036118,561.9680042,753.0954259,69.36868537,10.8065603,68.0758854,-0.056983999,0.2,0.007377173,1
3700.230288,45.05179718,1667.020244,989.9298769,54.76750281,20.45375133,104.6916072,0.134596234,0.666666667,0.009907256,1
1845.778166,22.48099664,414.9493274,765.8602309,76.12029638,9.537908208,61.20078514,0.240343596,0,0.006865017,1
2778.701015,64.77344626,1799.860408,693.0160644,30.90247513,19.16896411,67.35132115,-0.244200414,0.8,0.015683917,2
4628.338961,31.08238318,1438.598051,691.8929856,65.8186944,18.60223811,166.5896363,-0.315272196,1.866666667,0.020288385,1
646.467832,40.35985659,260.9134899,723.8607135,53.77395339,8.916549139,39.85431777,0.293438196,0,0.007728924,2
9447.299817,16.85402579,1592.250348,874.8798865,82.12383144,21.39864326,318.3848656,-0.880334436,4,0.015678028,2
2882.022425,22.95359762,661.5278309,893.9451182,76.91442886,12.77649584,70.25365534,-0.395079165,0,0.004592421,2
2451.984322,58.22565906,1427.684031,808.1622073,39.82321527,18.94116563,64.03197242,-0.046282736,0.133333333,0.012946044,2
2930.907613,34.30309567,1005.392043,781.8825405,64.87163816,13.58641486,82.88587766,-0.359359597,0.533333333,0.008050417,1
2519.828162,58.10329668,1464.103233,810.7062872,39.93210111,19.52330671,64.2432802,0.076688176,0.4,0.013403517,2
6460.117825,20.02551843,1293.672086,893.6661658,79.73914118,16.63583066,150.9924071,3.653497461,1.333333333,0.010336532,3
1858.297014,20.67960533,384.2884883,616.8721706,77.39268295,8.961752773,72.38314068,5.644153552,0.2,0.007559092,2
3033.697142,43.89880284,1331.756727,817.0500338,55.41351691,15.70623672,80.84583845,2.307989884,0.133333333,0.008471223,2
4276.027151,48.32031495,2066.189787,1075.284244,51.63877086,22.06267979,95.93589285,-0.331011716,1.733333333,0.008523828,2
3854.960668,2.776261808,107.0238007,1262.264812,97.10890209,11.47377968,556.4506206,-1.819605876,0.6,0.004888515,2
1630.75231,37.64123706,613.8353431,717.8697032,58.98811697,11.66988154,69.40021992,1.845286123,0,0.010059159,2
1745.601979,37.06931179,647.0826402,974.8654547,62.77941703,12.59850079,62.72439921,0.43922121,0.2,0.005887907,2
4192.215236,69.80874822,2926.532979,757.9958232,27.16682348,25.51007681,89.72313579,-0.582108604,3.733333333,0.018336024,1
3999.711007,37.43999924,1497.491771,795.3943142,61.56460645,16.88119826,130.2861589,0.309242793,2.333333333,0.011634776,2
4072.029713,27.04824062,1101.412395,1015.112683,72.85206757,17.0489617,158.5873342,-0.511231675,0.866666667,0.00719445,1
2260.61881,39.49281132,892.7819212,805.0054966,58.55545117,14.65583232,76.03406178,1.094733247,0.866666667,0.010201048,1
3602.236015,68.57554719,2470.253058,727.5582472,27.25676173,23.27643542,72.05972272,-0.28208638,2.6,0.017783751,2
3404.504845,22.45307719,764.4161007,878.6890291,77.32127217,13.78913696,97.63467523,0.657204588,0.333333333,0.005958489,2
9451.345992,3.848718374,363.7556898,1179.463102,96.13594212,16.90722866,314.3135501,0.044428537,1.8,0.008769339,3
8690.941991,18.53450996,1610.823509,970.95214,81.39019979,22.45793821,154.4615411,1.154334561,4,0.009271331,1
5057.150806,20.52781179,1038.122399,865.0120847,78.73294142,16.3276346,247.0839567,-0.556015217,1.6,0.010352625,3
978.2597274,41.48148383,405.7966506,751.7254159,55.61583056,9.817374258,64.60863702,-0.607115691,0,0.007676092,2
7081.506223,13.24724082,938.1041828,952.0612563,86.66169366,16.84883013,158.6738069,1.228987865,2,0.006797594,3
733.1781616,33.96898972,249.0532144,723.9436155,60.93084612,9.000463964,39.88508411,0.28545963,0,0.007772895,2
1510.251625,25.12845643,379.5029215,666.7849931,72.33867758,9.254690408,47.0310287,5.012758512,0.2,0.00863947,2
3722.769678,46.53015904,1732.210651,997.8402361,53.22742117,22.14027339,80.20672133,-0.095931391,1.933333333,0.011203278,1
2685.41675,22.69720058,609.5144263,900.8706088,77.20292004,12.26532252,67.76783898,-0.284157521,0,0.004284079,2
3449.766424,62.29627584,2149.076007,722.5738184,34.62193046,20.69156171,84.83810913,-0.728133958,1.4,0.014792029,1
3904.00756,50.71621172,1979.96474,1005.290471,49.08717863,22.55271285,99.35808323,1.264370749,2.4,0.011174268,1
1513.042184,38.32623338,579.8920787,852.9994456,59.38066939,13.27935233,55.84089564,0.962184052,0.133333333,0.009038703,2
3456.894225,52.88263065,1828.096605,804.3257445,46.54746038,16.80094293,109.2971092,0.286842873,0.6,0.0087705,1
3400.524281,69.1243441,2350.590105,725.2401757,27.45099207,22.33391033,73.27135661,-0.415009683,2.466666667,0.01669911,2
4403.953128,47.06333877,2072.64738,1020.488447,52.80341522,22.26043783,95.57806512,-0.336615787,2.6,0.009957653,2
818.602041,38.34378136,313.8829768,735.3116182,56.61025134,9.880867561,39.93616451,-0.009345302,0,0.008730237,2
1226.691584,72.39473238,888.0600894,796.837366,25.7419856,12.96029147,43.62420307,0.272458384,0.4,0.008471742,2
4390.966503,47.90562221,2103.519824,926.2354951,51.70837735,20.77185738,122.0874394,0.828960537,3.466666667,0.010616994,3
2374.163679,21.19576298,503.2221063,839.5241654,77.80062524,12.26990192,64.7737943,-0.172864837,0.066666667,0.007585821,3
6637.764195,10.16976456,675.0449909,1052.036924,89.47775032,18.18245482,296.1821569,-0.277365281,2.6,0.01337364,2
3408.760842,59.44153198,2026.219666,719.817878,37.99253876,19.33155599,83.39323545,-0.680837893,0.733333333,0.013740039,1
1615.771659,22.3098687,360.4765356,759.622266,76.15324507,9.658051461,59.18958119,0.63578709,0,0.006881811,1
3363.270427,58.46416858,1966.308092,865.3266768,40.44280076,21.65629433,92.52799513,-0.080945298,1.2,0.013227254,1
1701.977816,22.41955991,381.5759362,718.502876,75.66895201,9.387168954,57.56380617,-0.358764097,0.133333333,0.007625727,2
2603.248599,55.35131309,1440.932283,810.3248737,42.69537318,19.22202524,62.61109801,-0.524412219,0.2,0.013055228,2
3310.807187,33.35778522,1104.41195,908.9550016,66.22136237,16.50212448,101.1651701,-0.417435561,0.733333333,0.009272757,2
4372.445099,30.75799709,1344.876537,773.9140942,64.62991302,20.72502091,167.7193232,-0.246095583,4,0.017987392,3
2631.28929,18.6112543,489.7159413,811.1896596,80.32259145,11.35001474,83.59692833,0.938957943,0,0.007267593,2
1047.532706,45.65139962,478.2133417,738.5668731,50.77695164,10.61438973,63.37706416,-0.422576214,0,0.008438495,2
5211.397363,22.09525805,1151.471695,1109.433246,77.89684675,19.22112456,116.9391969,-0.021938381,1,0.006071336,3
4631.055743,41.20705431,1908.321655,1043.442519,58.69814907,21.91822323,100.4755958,-0.364459851,2.533333333,0.008809574,2
1965.767158,34.08768149,670.0844476,805.1035387,64.96266483,11.7394804,90.68528094,1.881174285,0.4,0.00716006,1
4077.735163,25.10713859,1023.802619,1080.855984,74.8688077,17.7326559,90.94760259,-0.442918295,0.666666667,0.006972159,1
3632.776717,35.9209123,1304.926538,1014.855658,63.94826934,18.94537739,127.8139454,-0.405360343,1.6,0.008798124,1
4540.3515,66.75584767,3030.950131,756.4127754,30.74770077,24.55786219,84.55157807,-0.91675384,3.666666667,0.017254662,1
4208.076192,3.186310732,134.0823833,1187.810069,96.65112469,11.37446764,561.9525708,-1.894437365,0.6,0.005133007,2
1244.573366,63.49829846,790.2829102,786.3703662,35.33373589,12.71906126,46.98115426,0.306074729,0.4,0.008399375,2
5907.503267,18.60649205,1099.179126,1056.070412,81.03377583,19.7213464,217.2932,-0.011810083,2.866666667,0.01057531,2
2495.357899,65.4646645,1633.577676,673.3617868,29.68834257,17.84794187,61.52184678,0.249053648,0.266666667,0.015348056,2
3170.644091,17.12154803,542.8633508,759.691088,82.42571649,10.54975192,111.9424586,8.333242872,0.333333333,0.006062894,2
1933.075264,65.10280556,1258.486231,807.5980349,32.28707482,18.15161675,56.80790729,-0.221319079,0.2,0.012473963,2
1335.483505,43.60974624,582.4009676,807.2447831,52.94117583,13.70343663,52.24966721,0.23428492,0,0.010651875,1
2414.299009,69.0977703,1668.226784,814.8956018,29.31346469,20.89033199,58.40193701,-0.166880987,0.533333333,0.014066588,2
2291.792332,53.57641821,1227.860244,790.7290613,45.66095517,13.56656079,64.38566827,0.969523828,0.666666667,0.007492366,2
568.9565916,34.22255421,194.711478,582.3120552,62.40405898,5.56121898,31.29322795,0.863116672,0,0.006095357,2
1870.870583,55.16798439,1032.121591,834.6460778,44.26693586,14.05446635,61.23802142,-0.102198226,0.133333333,0.007474972,1
2924.472914,22.41634965,655.5600736,906.1516212,77.5326877,12.35776112,72.09812167,-0.376323614,0.133333333,0.004355813,2
3181.943974,50.35825207,1602.371367,777.848461,48.89097021,15.76076093,96.55513904,0.541211893,0.6,0.008775841,1
4666.059463,22.42714783,1046.464054,1058.647904,77.54433224,17.60291697,108.9357576,0.423123428,0.733333333,0.006929386,1
2093.239305,32.93259561,689.3580354,862.1648948,65.87565777,14.09564604,62.11559808,0.229725598,0.533333333,0.008920223,2
1593.7788,21.51965726,342.9757354,726.0741748,76.50878269,9.351099331,57.59560279,-0.299599093,0.133333333,0.00749513,2
1910.617307,34.07163427,650.9785411,808.1034326,64.95132004,11.50417261,80.02690734,-0.464778543,0.4,0.007184797,1
6297.395501,21.51191718,1354.690505,1101.876832,78.46725864,20.07970818,163.744267,0.340682661,2.666666667,0.007266341,1
5721.491251,19.03070648,1088.840206,985.7796991,80.39364017,17.73207239,211.1832515,1.678129634,1.933333333,0.011980789,3
2501.871181,59.32416093,1484.214086,800.0031418,38.28612284,19.62294734,70.97018721,-0.162646439,0.666666667,0.013651683,2
4688.326268,12.64242654,592.7182044,732.25494,86.99640349,10.80870106,242.9377419,-0.784685836,0.866666667,0.00730412,2
4055.555308,41.69723112,1691.05427,989.2015727,58.01313594,19.83114129,139.9228645,-0.379514234,1.133333333,0.008993127,2
2878.920855,45.41197807,1307.374908,796.9903169,52.91219915,16.57480583,78.07337656,0.611701603,1.466666667,0.011392384,2
4256.771173,22.87654155,973.8020262,1142.566098,77.09732741,18.25207537,170.25431,-0.317355347,1.2,0.00665746,1
664.9800914,43.28422202,287.8314592,715.6901932,49.80222952,9.474681336,34.67434534,0.698948256,0,0.008882543,2
2510.096226,25.39581311,637.4593464,846.6716923,73.38987799,13.26011702,68.95590364,-0.162233035,0.266666667,0.008359104,3
4341.148715,30.76937146,1335.744174,710.6380052,66.41802804,18.55748426,158.340468,-0.09703783,1.866666667,0.019196491,1
2262.743152,23.75202696,537.4473636,953.3362289,76.13510881,12.1112144,59.78965675,0.129727974,0.2,0.005463052,2
5898.139769,13.87533837,818.3868506,1088.181262,85.06434985,17.4409324,402.0825635,-1.483886301,2.066666667,0.011692836,2
2982.650366,24.72033597,737.3211913,861.5282116,73.89468736,15.37616118,71.07826359,2.499540995,0.8,0.010237871,2
2010.335308,38.22551594,768.4610435,972.0449264,61.52985393,14.33022345,72.30734672,0.463738361,0.933333333,0.006906352,1
4900.599793,30.96776734,1517.606342,672.7721906,65.64633572,18.65616749,172.424564,-0.347432811,2.066666667,0.02177741,1
3936.814969,20.35040473,801.1577796,852.85456,78.44882217,15.78322718,115.5529269,7.454317756,0.8,0.010366623,3
1808.616014,37.4746883,677.7732139,794.0606521,60.93516799,13.59796801,64.53140003,0.060518796,0.133333333,0.009604204,2
2681.785041,58.36806063,1565.305919,843.3328074,40.41426965,19.26988498,70.28675157,0.643128444,1.266666667,0.012206736,1
1637.143678,29.03048837,475.2708051,743.6323652,69.86197626,9.621600811,58.1233659,-0.333824679,0,0.006301164,1
3070.524435,21.04492167,646.1894622,879.0791208,77.90586262,15.21502589,107.5184378,0.763339417,1.333333333,0.009912056,2
2135.343692,25.02697843,534.4120052,833.2312025,74.01422331,11.93435483,74.80635279,0.06275906,0,0.00769322,2
2206.910116,30.20806543,666.6648519,874.9474509,69.52934556,12.29336337,65.85104392,-0.524092404,0,0.005328013,2
3771.951865,12.31084079,464.3589888,711.3056703,87.18129577,10.05337811,239.3409713,-0.325044679,0.6,0.007075598,2
1274.982387,50.87124481,648.5994115,579.1069252,46.09490382,9.38427152,52.75307739,1.555707623,0.133333333,0.009182913,3
7369.725014,16.95463651,1249.510088,1143.10519,82.97988031,20.63686088,274.461479,0.434788028,3.533333333,0.00844541,3
5914.328005,14.18738989,839.0887733,1001.168332,85.69662184,16.19156264,203.2662788,2.276206891,1.133333333,0.009631396,3
2367.373557,34.89929737,826.1967374,782.966014,63.81554783,13.77027107,98.75745319,-0.04344021,0.6,0.009334555,1
2385.615398,40.05295624,955.5094913,805.0958953,58.51154594,14.08206025,64.01400545,0.221471535,0.466666667,0.009020476,2
4330.028363,28.77072257,1245.780448,889.9305546,70.51776905,17.92456135,110.2622135,1.155529099,2.133333333,0.010585952,3
1949.118131,26.81160048,522.5897662,885.8594645,72.95153935,11.09295847,63.78492214,-0.328671527,0,0.004438874,2
1939.80281,30.09535984,583.7906356,910.0726969,69.76119302,11.10654922,107.4297461,-0.897191687,0,0.004432788,2
1766.576555,23.07003463,407.5498229,706.8485405,75.43811616,9.08964093,80.87714655,1.852147817,0,0.00710952,2
2240.997826,34.62308544,775.902592,906.5532798,64.24684822,14.21155675,108.0954786,-0.633590722,0.733333333,0.008302925,3
4258.219715,67.30460797,2865.978085,764.1379741,30.26669198,23.80189079,85.51886698,-0.669295159,2.466666667,0.016276377,1
2715.64088,30.44159194,826.684315,761.4391227,68.61588901,13.26986767,90.79507713,0.808289774,0.666666667,0.008390158,2
1454.060096,57.30991559,833.3206138,783.0562563,41.7699839,11.76586171,51.02195287,-0.270861653,0.133333333,0.006562344,2
1941.970897,38.51897305,748.0272464,798.3158106,60.2648436,12.4548618,69.4137807,0.292526925,0,0.00788087,1
2875.880242,49.99634672,1437.835057,673.5986712,46.14517527,16.68318794,90.87589494,1.580921544,2.333333333,0.017295768,2
1958.168967,24.57788451,481.2765072,849.2865513,74.39337633,11.59649833,80.11757324,-0.101151299,0,0.007540347,2
1692.318842,51.56329633,872.6153794,958.9062195,48.0440638,14.67555188,89.17149328,0.438707268,0.2,0.007156743,2
5653.667877,11.19715114,633.0497371,919.7501263,87.50762492,16.06541118,353.4365974,-1.182888577,2,0.014789053,1
2327.498776,28.02679288,652.3232612,730.2209586,67.87584428,14.31220454,127.5834903,0.400219495,0.933333333,0.017232943,2
3338.207275,44.26233445,1477.568468,972.8545344,55.4898259,19.45101103,103.6569628,0.015506659,1.066666667,0.010006796,1
1096.713297,35.17293211,385.7462235,784.7478487,61.82075429,11.08271568,54.87075935,0.912112395,0.266666667,0.008806931,1
3497.893273,28.64659989,1002.02749,842.4910673,71.01466337,14.79639354,111.164821,-0.742304267,0.133333333,0.007879146,1
3641.719326,68.95365169,2511.098459,723.7712538,27.41478971,22.58132987,72.93103769,-0.631415232,1.666666667,0.01677769,2
2379.43419,67.02756109,1594.876705,826.2738077,31.69837104,20.69549529,57.51273464,-0.065659487,0.466666667,0.013654494,2
1821.226049,56.54865933,1029.878914,834.9782376,42.86735005,14.04388588,61.33655752,-0.113200664,0.133333333,0.007453411,1
2293.287427,68.75032837,1576.642637,829.6504026,29.91286449,19.0893138,58.84841703,0.007423594,0.4,0.011975344,3
9918.143279,8.74353558,867.1963865,889.1223728,90.60144826,18.4005398,284.7081099,-0.2338409,2.133333333,0.013480514,1
5243.469878,25.47899701,1335.983533,588.2120843,69.84159952,18.62110452,148.2908492,1.52682672,2.133333333,0.024722499,1
1471.074427,31.08852673,457.3353665,848.4464187,68.04907133,10.29099732,61.09232394,1.719928581,0,0.005791692,2
6417.634047,22.30675709,1431.566037,1100.212152,77.67292685,20.1063552,162.4417419,0.405452568,2.666666667,0.007270681,1
2911.277781,48.27974671,1405.557539,935.0900888,51.13341326,19.77334182,66.07542095,0.083353206,0.866666667,0.011442647,1
2130.206181,61.12418306,1302.071126,808.2340443,36.30100489,18.95179168,62.82714523,-0.208783697,0,0.013467336,2
4537.791336,24.71789711,1121.646593,941.4400933,75.19718487,16.19660337,120.3903563,-0.464175659,0.733333333,0.006343646,2
1148.900508,32.23317714,370.3271358,814.2758301,65.8784719,9.663864703,52.50904606,-0.425910976,0,0.006893792,3
9770.718354,14.24102645,1391.450585,808.2785267,84.49803909,20.67635022,208.6938832,1.134088282,3.533333333,0.016511545,1
2811.801799,23.0395,647.8250754,900.9401337,76.86933574,12.26475482,67.64136648,-0.287229283,0,0.004299081,2
6228.138332,18.45105402,1149.157168,972.8764872,81.44946407,17.38051281,182.3779706,-0.661575169,1.8,0.006927778,3
3676.354084,37.06695516,1362.71252,760.8413246,59.8151113,19.17840504,149.4552248,-1.270338164,2.8,0.017003141,2
1844.391216,37.00408568,682.5001057,814.5166081,62.07946369,12.39479547,68.91605978,-0.309099009,0,0.007338313,1
2811.187537,27.45284275,771.750894,721.7144989,69.8905089,14.65097388,64.45866555,12.60122695,0.933333333,0.012652929,2
793.0581368,45.21215988,358.5587128,724.9832565,49.73243926,9.911888438,38.01440272,0.703319697,0,0.008664377,2
1749.350224,26.82621972,469.2845348,856.8245353,72.50737417,10.55843873,61.67053403,1.570556517,0,0.005724148,2
3496.047891,75.43988877,2637.414641,732.1685408,21.08098644,22.81490133,74.51529917,-0.478795164,1.666666667,0.016625058,1
3102.782986,32.38379524,1004.798889,1013.864618,67.39447545,17.49433943,160.1584417,1.286642902,0.8,0.008775209,1
4539.221516,36.32003813,1648.646985,879.0517004,63.10720257,18.13993536,117.9774965,0.342889068,2.666666667,0.009931557,3
5979.919884,20.55953431,1229.44368,764.5705617,76.97658291,19.24511607,257.9051252,0.376295363,3.066666667,0.019077706,2
2974.013304,24.76934392,736.6435835,937.9787845,75.15459454,12.93638245,80.51116106,-0.380621228,0,0.0047513,1
2874.141257,43.791201,1258.620975,660.9173084,54.04641056,14.03702621,85.96991764,1.839619611,1.266666667,0.011190684,2
2592.106899,25.32783887,656.5246588,778.7113049,73.31111685,12.25866492,69.12235644,0.225461264,0.133333333,0.00817008,2
2876.368157,60.44614855,1738.653769,832.0392251,37.74733782,21.59865225,68.49078492,0.467834003,1.666666667,0.014501262,1
3281.061634,45.99020231,1508.966883,918.2631492,53.25331415,20.38736116,82.98811814,-0.018986449,1.666666667,0.012078676,1
3407.606473,60.29704332,2054.685951,859.8410964,38.61472167,22.25421572,90.743877,0.027193121,1.333333333,0.013683719,1
1538.453969,39.78986101,612.1486962,863.8249162,57.5415897,14.03131133,58.26759059,0.476036796,0,0.009759775,3
4176.93583,31.06537201,1297.580654,729.633564,66.281279,17.87720123,130.9890178,-1.137547345,2.266666667,0.0161484,2
1385.091532,32.55770548,450.9540217,751.6138972,65.8734828,9.729722107,55.40046369,0.313657416,0,0.006614273,1
4568.449752,21.88007561,999.5802598,890.6437529,77.75294269,15.8904908,107.5572479,-0.51270064,0.866666667,0.008135556,2
2196.602704,24.56882317,539.6794341,831.9300277,74.51640836,12.24435708,68.50194493,0.342314304,0,0.007907688,2
1560.216078,43.39246211,677.0161705,727.311057,52.01819666,12.7376508,75.72746121,1.243532262,0.066666667,0.011585356,2
1719.68568,23.56576809,405.2571394,746.0917711,75.32596009,9.218284094,85.39154346,-0.81395159,0,0.006534212,2
4687.354894,13.78815169,646.2996028,950.8797356,85.43377156,15.93059434,321.2121836,0.46010991,0.733333333,0.010031314,2
1714.37928,21.46480642,367.9881936,722.3954123,76.92024427,9.605612451,61.75316419,-0.207052935,0,0.00736823,2
2212.80574,24.61616349,544.7078787,958.5757784,75.28576531,12.0812359,62.99278651,0.218770506,0.2,0.005295431,2
1765.273807,36.77797894,649.232029,782.3609178,59.14132176,14.83025566,69.89894914,-0.465672354,0,0.012351625,1
3921.737963,45.74488417,1793.994489,994.414836,54.08869359,21.13474067,103.3473517,0.679641989,1.733333333,0.010200984,1
1770.660367,35.2469085,624.1030395,787.763663,60.51836791,14.66259409,69.54778045,-0.364158807,0,0.012063969,1
2549.831299,37.87346204,965.709389,920.1076677,61.7928349,14.68580567,158.9050744,-0.517166888,0.466666667,0.006939618,2
3472.277508,56.70745663,1969.040262,821.270597,42.78135087,17.08376193,107.1279025,0.879048046,0.6,0.009039288,1
1142.876742,25.62088014,292.8150802,720.8937522,71.84981396,8.677403334,51.70632972,-0.258391817,0,0.007279687,2
2089.842687,36.99695912,773.1782445,786.4914927,61.89754538,12.31944676,69.81463199,-0.18446629,0,0.007571015,1
1631.633714,38.61877358,630.1169295,723.4967077,57.27811898,12.55613684,76.72372766,1.104353206,0,0.01128515,2
2402.360316,52.04806482,1250.382054,805.9374843,45.53262938,18.42160076,68.8872223,-0.124958637,0.266666667,0.0130473,2
6060.144921,17.91400909,1085.614912,950.5420759,81.9644039,17.87889294,132.0988496,0.425874079,0.8,0.007851997,3
6169.531844,9.060153449,558.9690522,1134.960217,90.82349432,15.94473962,259.3650379,-0.85472686,1.866666667,0.006636845,3
1627.104247,36.60866072,595.6610735,721.0415282,59.33439842,12.3597324,73.61868066,1.355578491,0,0.011212941,2
4007.12375,42.72932715,1712.217016,993.116024,57.03328885,21.88849219,89.95125484,-0.045490919,1.333333333,0.011133783,1
2861.085265,37.47779074,1072.271548,970.9789742,62.34356176,17.04586347,94.78344655,0.669643926,0.6,0.008347095,3
3304.253119,61.91531132,2045.838605,710.1303493,34.40395786,21.03316037,74.34523295,0.254840942,1.4,0.016691574,2
4372.753453,10.23594784,447.5927627,931.1134043,89.40231712,13.73055825,368.495193,-0.85984996,1.133333333,0.007844226,2
3505.016194,41.66443883,1460.345328,942.2153087,57.77997277,21.03524138,73.4255949,0.092316459,1.466666667,0.012080774,1
3309.037069,33.27286704,1101.011504,944.2356535,66.45965052,16.0132308,124.0870562,-0.485578299,0.4,0.00763088,2
1591.566525,26.07179911,414.9500272,707.0366265,72.39668442,8.883631766,78.51760734,2.2351249,0,0.006932719,2
2026.702372,32.27978318,654.2151313,906.7320719,67.57155755,11.32190117,106.5506262,-0.902963732,0,0.004472981,2
1103.776197,54.98452423,606.9060906,700.1552181,41.77062045,10.42270783,42.66909236,0.583311233,0.133333333,0.00836991,2
1887.661852,26.71579794,504.303926,819.9073837,71.77788098,11.62884436,59.74308423,-0.320997505,0,0.007616194,2
2518.102418,25.57357032,643.9686927,846.5681069,73.26160607,13.27169765,68.98556803,-0.167495828,0.266666667,0.008364754,3
2197.955022,28.07080901,616.9837562,774.8511515,70.33861866,11.88433433,61.8561366,0.093264231,0.133333333,0.008160502,2
5396.34218,20.04684129,1081.796152,687.5706313,77.20690367,16.46081251,163.954561,0.135772641,2.333333333,0.016414664,2
2730.364932,57.07619593,1558.388438,847.0768982,41.51982711,20.06294741,66.34656866,0.182305499,1.866666667,0.012972389,1
4015.456439,40.89877396,1642.272452,978.8804213,58.7637591,21.4760311,108.9421251,0.299631657,1.333333333,0.011335505,1
4323.914251,14.34482884,620.2580983,957.4319584,85.46806077,14.57947552,160.8803705,-0.766542251,0.6,0.005906245,3
3657.304655,33.15458481,1212.564174,975.6642923,66.3983972,18.23508043,164.6539693,-0.84017018,1.533333333,0.009651179,1
1874.924234,68.9785127,1293.294851,815.2123251,28.11434941,19.51023706,54.97958527,-0.464254497,0,0.013952089,2
2495.06254,30.43723831,759.4281311,750.0534361,68.59842836,11.91896035,75.85319833,-0.520681817,0.2,0.007574942,1
3961.462647,42.79351,1695.248914,994.7793733,56.95757607,21.93778441,90.15259596,-0.0077263,1.333333333,0.01114048,1
6793.2946,10.05094295,682.7901644,816.0918673,89.13217767,15.702007,254.1076769,0.353757377,1.533333333,0.011793296,1
6228.797449,26.56615756,1654.752145,946.4393777,73.08557133,21.51222277,266.848211,6.846045818,3.866666667,0.011441376,3
1129.237946,64.66273246,730.1961119,785.1321378,33.9169134,11.13151596,43.61025788,0.048209643,0,0.006668261,2
1188.451204,33.0754057,393.0850571,694.343512,64.83895607,8.958107826,91.44456279,12.28557028,0.133333333,0.007036586,2
4836.212095,24.51148324,1185.427317,825.9491,72.55085301,20.18803603,259.495728,1.385417388,3.733333333,0.017483359,2
2993.046646,22.14199822,662.7203351,934.8299021,77.71196145,13.46465064,91.80999257,-0.267791657,0.4,0.005374049,3
4742.808418,7.333510267,347.8143423,1257.699569,92.63412543,14.18440653,297.7154974,-0.706017802,0.933333333,0.004474638,2
2645.728581,47.13411299,1247.040699,673.8871201,50.74814046,14.0898375,69.69264744,2.276195371,1.266666667,0.011055645,2
3231.92402,15.11211547,488.4120898,816.2159826,83.96019291,11.85232351,82.44409341,0.904145611,0,0.007424055,2
4469.483581,24.39965818,1090.538716,941.7987914,75.51522231,16.20712707,120.2073027,-0.459191271,0.733333333,0.006348204,2
7525.360309,13.81517712,1039.641856,1012.213737,85.69743165,19.66464784,353.5445503,-1.12658002,2.666666667,0.012339621,2
3218.397277,53.43817133,1719.852651,829.8379875,45.37575699,19.65172934,80.05146142,0.198381403,1.266666667,0.012685694,1
11659.79179,6.061703722,706.7820326,955.1641288,93.41059054,18.72191643,335.9948575,-0.253643315,1.8,0.01161748,1
2775.368813,23.47364749,651.4802917,870.4008195,76.21591698,11.42520155,115.3099937,2.258770023,0.6,0.005965424,2
3862.157972,31.03747003,1198.716123,707.8322702,63.99108972,19.66502561,147.4484444,-0.143544635,3.533333333,0.017644439,3
3299.320919,33.1312354,1093.10578,767.853905,65.43001661,14.44717028,151.5182483,2.46283652,0.6,0.009961521,3
2890.120113,68.48357192,1979.257486,686.1038229,27.99277013,19.39227922,77.50289238,0.201432591,0.866666667,0.015354014,2
1923.677856,48.19560514,927.1281838,845.2725434,51.27141554,13.27916414,61.44561248,-0.404513293,0,0.006622075,1
6420.266564,15.56848786,999.5384206,996.2493973,84.27185319,16.23481359,205.3611411,2.080633492,1.2,0.009736647,3
3126.355145,48.16789954,1505.899606,778.0419247,50.97822513,15.61719579,96.44051949,0.56114471,0.6,0.00877081,1
2763.352599,64.99937535,1796.161928,693.0978369,30.64634444,19.16964028,67.35036103,-0.245176341,0.8,0.01567998,2
3360.024148,32.77641553,1101.295476,908.1645615,66.78643692,16.69476211,92.8062528,-0.140678148,0.733333333,0.009374111,2
1150.304558,46.77771067,538.0861381,724.6170723,46.58518862,12.79644903,65.08296149,-0.415258921,0.066666667,0.012521363,2
5871.815763,13.43904791,789.1161336,1098.580587,85.74164768,17.43287305,401.3040865,-1.476894284,2.066666667,0.011621434,2
2055.715809,27.48650699,565.0444695,806.7419515,71.67980841,11.58662951,89.31299512,0.981412122,0,0.006952423,1
2748.471359,22.69946177,623.8882056,908.1390676,77.24513539,12.28554745,69.32037754,-0.328697193,0.133333333,0.004183571,2
1293.500593,38.46856553,497.5911232,776.671987,58.1470215,12.65190741,52.38920086,0.87448272,0.4,0.010199182,2
1834.240522,20.94302998,384.1455424,753.7207589,78.05163405,9.410771968,86.71420506,-0.91762852,0,0.006527029,2
4993.374926,64.16997551,3204.247467,788.4715736,33.34347409,26.41652296,84.80165465,-0.74386691,3.8,0.017913554,1
5048.269406,16.51200401,833.5704468,992.4767582,83.37325146,15.83151346,158.147268,-0.941477508,1.066666667,0.005967126,3
4390.633136,47.03501353,2065.13489,964.6800855,52.66511373,21.52705543,127.2001508,-0.64400552,1.733333333,0.009617605,2
2062.046189,21.05539695,434.1720104,1044.471517,78.90931261,11.15111452,78.36519154,0.866575354,0,0.004082491,3
671.1503353,25.70786962,172.5384531,787.3917259,71.51899875,7.121777374,59.79881578,1.251348204,0,0.005856826,2
2059.83665,55.61982411,1145.677522,702.0262511,38.48964741,17.37370678,68.03094673,3.692367131,1.8,0.016122893,2
2075.921852,35.46774914,736.2827549,859.840336,63.05808766,14.34551345,61.47749645,0.116980513,0.466666667,0.009400008,2
1892.829768,27.45430372,519.6632334,864.2941249,71.44410394,11.78772199,86.02859514,-0.054763936,0,0.007554646,2
687.9804841,41.32738549,284.3243468,729.0885776,52.45703456,10.07913488,35.26090961,0.587881621,0,0.0092377,2
1673.665102,28.02196676,468.9938786,798.2311441,69.13016575,12.14855019,105.1646107,1.617894554,0.6,0.012222504,1
3589.406949,46.15132618,1656.558909,1007.966497,53.63069661,21.30885969,83.21246371,0.21915778,1.133333333,0.01060661,1
528.3925984,45.94719623,242.781584,778.0995767,51.00896872,7.471428196,48.94792614,0.2124177,0,0.00574552,2
1129.179647,35.15461711,396.9587815,925.8922551,64.319181,9.57095818,87.08645019,0.275667089,0,0.005242946,3
2827.215636,35.44368647,1002.069446,746.9581068,63.64179992,13.28980685,88.88984704,0.135035998,0.4,0.008108885,2
1700.781496,24.46396635,416.0786129,768.5780656,74.40867352,9.634578383,63.95291584,0.531360378,0,0.006303866,1
1679.712622,62.95751349,1057.5053,814.315976,36.31421761,13.13548738,55.33452724,-0.451942395,0,0.006939771,1
3841.004575,47.84979812,1837.912935,955.3034468,51.74364159,20.09680846,130.4262326,-0.607753159,1.6,0.00933132,2
2993.395736,15.56764743,466.0012946,809.9193904,83.38030119,11.69461262,74.90044514,0.18193474,0,0.007549343,2
4427.70303,68.80866575,3046.643378,758.4411187,28.58365388,25.02954974,90.91566691,-0.578808607,3.266666667,0.017675535,1
4170.635762,22.27533506,929.02309,932.8045601,77.3666445,15.92301022,97.4764531,0.592175764,1.133333333,0.008267939,3
2313.479722,30.30732395,701.153794,985.0246538,69.58117404,13.86524728,76.7925337,0.151171292,0.266666667,0.006370547,2
756.9829417,39.7464496,300.8738434,646.5474927,53.58540348,9.158722497,48.14256933,1.073791536,0,0.01002679,2
4701.579386,29.53261771,1388.499466,644.092671,66.86409449,18.48250696,170.7091725,0.227183561,2.133333333,0.022722061,1
3675.903,21.14042137,777.1013833,929.5173295,78.79659702,14.090236,80.33716306,-0.453206099,0,0.004820532,1
4535.510876,14.30863574,648.9697304,958.7144198,85.52253692,14.58107414,161.7672576,-0.784614327,0.6,0.005905753,3
2501.676467,34.30710783,858.2528432,798.076872,64.15743179,14.30755167,63.72305198,-0.011653129,0.6,0.009251635,2
526.4105288,34.72877844,182.8159462,580.4519713,61.53503658,5.544481316,29.95551454,1.550642593,0,0.006067118,2
3522.88004,34.63436402,1220.127097,705.0642002,61.7738724,17.3512742,81.61966626,7.149890015,2.066666667,0.01561878,2
5464.871484,35.81245072,1957.104407,1039.505785,64.12282849,22.30086499,105.9796483,0.00408549,2.466666667,0.00904823,1
1595.526258,25.75544345,410.934863,665.3189462,71.76388707,9.634419272,49.95499067,3.921449957,0.2,0.008714296,2
2446.618047,32.02565762,783.5455191,767.2313703,67.04649423,12.16404623,75.42146564,-0.321362059,0.2,0.00741047,1
4644.668998,19.05213662,884.908683,650.2449881,79.56355221,14.26555695,127.6164905,0.076285048,0.933333333,0.020306855,2
6559.970658,19.11776725,1254.119922,1023.084472,80.76444925,18.83236885,164.5747475,-0.369065229,2.666666667,0.007727693,3
2866.886996,25.97589704,744.6996142,882.0928711,73.47842717,13.77955679,94.06771105,-0.322828525,0.133333333,0.007472476,3
1220.169663,57.18721523,697.7810514,774.3386521,41.24929961,10.98940461,50.51888324,-0.48871808,0,0.006618304,3
1743.699713,34.91071486,608.7380348,784.4302984,63.75406405,11.6059315,65.06471568,-0.1568863,0,0.007539815,1
3311.485824,25.55263494,846.171884,863.292289,73.74351304,13.7726242,100.4562393,0.342917024,0.4,0.007877488,3
9343.016855,5.592640902,522.5213821,1129.089772,94.30837918,17.96513795,289.4710816,-0.725414659,2.266666667,0.007327904,2
487.2740605,39.88342178,194.3415688,581.4404753,55.57866358,6.663609693,45.38808397,41.47148794,0.266666667,0.006967504,2
2170.302363,31.00395654,672.8796014,765.0845458,63.75515222,15.38290535,124.76793,-0.110672096,1.2,0.015452119,3
2019.562259,29.6543679,598.8884223,703.218864,68.93101958,10.45035137,99.40481657,15.35982015,0.2,0.007183862,2
1733.24021,24.98377992,433.0289196,763.6685521,74.30094248,9.282720742,61.3036014,0.027376449,0,0.005649967,1
3983.275505,18.049641,718.9669285,890.758396,81.66348404,13.79418078,95.90250772,-0.156172223,0.133333333,0.006925979,3
5858.515534,13.47589797,789.4875757,950.0413975,85.80399026,16.71101978,302.7616348,-1.010639768,1.6,0.013143744,1
5945.267926,14.56864194,866.1447962,966.9397415,85.31227693,16.3314477,180.1559342,-0.784439527,1,0.006427431,3
1629.563334,60.50297976,985.9343744,815.1506194,38.66969636,12.74020644,54.12952106,-0.261013171,0,0.006810381,1
4624.886286,46.0711311,2130.737424,1025.398472,53.83995663,22.50414644,93.05062816,-0.459708066,2.2,0.00936934,2
1529.180598,40.01277522,611.8675954,852.9975283,57.86107882,13.75877917,55.33791422,1.08350507,0.333333333,0.010003328,2
1879.557763,21.90332162,411.685582,728.8610339,76.6853015,9.938936942,58.7794576,0.006578396,0,0.007373065,2
3499.071702,70.88632457,2480.363324,726.9903587,25.27368121,22.86203534,73.01084498,-0.39153863,1.533333333,0.017054865,1
4506.41602,44.75348168,2016.778068,830.626696,53.00239951,21.4094203,166.6324366,-1.248873091,3.133333333,0.015165581,3
2457.342544,45.5272656,1118.760867,673.0661598,52.70296526,13.9856407,69.45395262,2.22021094,1.266666667,0.010987195,2
3000.591116,29.60594493,888.3533534,893.8194275,70.2898758,13.41296082,79.11962439,-0.342390765,0.133333333,0.00506438,2
4662.093974,53.81950525,2509.115911,1031.461918,46.11002026,24.38589176,95.6541589,-0.316826105,3.533333333,0.009904544,2
5714.220077,10.12669908,578.6618717,805.5747489,88.32183738,16.21920401,293.481718,2.038547617,1.533333333,0.018068756,2
786.2885083,35.76712661,281.2328063,758.4565821,59.75170277,9.583977982,39.57567103,0.330506581,0,0.008123632,1
2160.270485,34.70335127,749.6862548,856.9638501,64.00657228,14.46815107,62.90101083,0.270181415,0.466666667,0.009477156,2
3757.302728,17.63083132,662.4437061,810.0137703,81.82560038,13.42251334,121.9489168,0.098424955,1.2,0.008228119,2
4109.233124,17.70062205,727.3598245,772.3825791,81.34788732,13.40529568,161.1816576,0.100108723,0.6,0.009871716,2
1257.671765,47.21856418,593.8545497,731.2767206,47.18986788,12.85510407,62.43119229,-0.381795922,0.066666667,0.011786342,2
6125.601461,17.51362824,1072.815067,793.1522762,80.5243519,18.71342568,269.141321,-0.296574019,2.866666667,0.017676341,2
4375.320514,43.14001747,1887.514034,1033.29885,56.78002354,21.83394594,94.29387883,-0.397409864,2,0.009332203,1
812.4772359,35.62338967,289.4319317,732.0888348,59.65247798,9.639458123,42.11980795,0.004584725,0,0.008573146,2
4515.898783,24.2076853,1093.194566,941.8408296,75.6938224,16.09422313,119.5438143,-0.432534179,0.733333333,0.006425707,2
1635.280124,37.62187909,615.2231112,717.8676851,58.98629733,11.67242238,69.40186094,1.844734373,0,0.010064023,2
2383.32332,27.71687604,660.5827703,800.3873258,71.37135747,12.44901096,104.943802,0.351698373,0,0.007997326,1
1428.359894,58.74280233,839.0586293,793.9371151,40.38908614,12.16356207,49.00507503,-0.255620324,0.133333333,0.006640444,2
875.5478757,58.45214027,511.7764724,694.149137,38.28025584,9.147999429,38.48505431,0.797105378,0,0.006982899,2
2916.862886,16.12609587,470.3761055,726.8956525,83.09965071,10.20508735,125.7785006,7.078154503,0.333333333,0.006929537,2
1168.002531,48.94732481,571.7059925,738.663953,46.06723291,12.24250087,72.29663434,-0.315961046,0.066666667,0.011067516,2
3158.734235,29.57634592,934.238164,899.9037969,69.76434991,14.92776347,116.7252197,-0.767990536,0.733333333,0.008305762,3
1119.186953,27.03688011,302.5932348,781.0859737,71.96928218,8.07395064,62.27550632,-0.702196992,0,0.005146368,2
3155.929547,44.76287443,1412.68478,743.2945588,53.05763648,16.44505886,95.83677971,3.783087655,1.266666667,0.013302587,2
5658.591479,37.14829085,2102.07002,1094.272141,62.81950401,23.00647827,146.9517649,0.438630455,3.2,0.008545344,1
6256.343997,32.61025104,2040.209483,758.3043625,65.35969148,21.56444778,167.1001226,0.750945496,3.533333333,0.016428589,3
2007.663967,22.84734388,458.6978905,614.3762268,75.43155479,8.77602062,71.52278496,6.348923644,0.2,0.007490808,2
8966.729027,11.55524128,1036.127174,889.3063671,88.19753034,16.98022417,274.884329,0.334513001,2.066666667,0.010028974,1
6498.296738,13.14962503,854.5016544,1146.672366,86.78925593,18.10939673,270.8003434,0.509668532,2.333333333,0.007136227,3
2848.000909,31.0311902,883.7685789,886.6372273,67.68330951,15.79314616,121.9763785,0.431328141,0.933333333,0.011701915,2
2174.246277,34.42798753,748.5492373,860.3661318,64.41083832,14.33801228,63.3085529,0.092384556,0.533333333,0.009144402,2
1854.280093,36.59260404,678.5293724,804.0064296,62.46829257,11.45729831,79.53114712,-0.486003916,0.4,0.00720536,1
2263.813808,22.39464361,506.9730343,959.1144736,77.48669314,11.56887454,62.5098323,-0.003552132,0.2,0.004667894,3
3525.013698,44.26746522,1560.434213,1006.238228,55.60733306,20.37154043,91.03795979,-0.278933875,1.2,0.009465473,1
2355.889275,36.21253002,853.1271109,757.0739607,62.43738282,13.18162634,87.36348119,0.288173073,0.6,0.009099623,1
3210.275012,17.34791621,556.9158191,736.0066743,79.73332636,14.01928961,116.6111563,7.104088009,0.6,0.013284242,2
2186.261806,18.68507838,408.5047319,807.4835737,79.87948827,11.43907788,60.0628296,0.311116424,0,0.007674374,2
9166.343483,4.054223074,371.6240126,1180.748354,95.93381478,16.9245043,312.0880351,0.031730341,1.733333333,0.00849254,3
2421.026747,14.29581369,346.1054732,729.3870562,84.63877894,9.482819218,74.88927051,4.777526299,0,0.007144617,2
4611.642856,42.44383239,1957.357964,1020.423594,57.46961224,21.99787188,92.66237566,-0.458741582,2.133333333,0.009184709,2
3405.04081,29.1088685,991.1688517,738.3434546,69.6736473,13.82850576,91.14614395,0.096908302,0.6,0.009008415,2
1696.48178,24.09758976,408.8112197,767.8439075,74.68467219,9.644370014,63.85433503,0.518161957,0,0.00633195,1
4948.737189,15.93569164,788.6154984,956.8585152,83.91007642,15.5684835,158.646034,-0.813325038,1.066666667,0.006159734,3
3199.568114,42.3181002,1353.99644,998.9762958,57.42967801,18.12504819,160.6276875,-1.197211329,1.266666667,0.007746226,2
7733.120456,4.830741474,373.5670571,1201.414935,95.15739951,15.27358393,270.7195573,-0.918678871,2.266666667,0.004486507,3
2680.084301,62.37102082,1671.595937,679.9932933,33.3959291,18.38962361,81.31228945,0.12409905,0.933333333,0.015943656,2
1914.45372,26.44500367,506.2773565,920.5640382,73.04508043,11.94571209,63.33874972,0.148931134,0.133333333,0.006299175,2
1925.413068,25.86660625,498.039017,732.0994888,73.03163678,10.28926447,152.4265455,6.589238378,0.2,0.006899429,2
1167.187504,49.12639421,573.3971346,738.7074239,45.58993037,12.17416791,72.24054786,-0.308428763,0.066666667,0.011002276,2
2842.710391,15.26587,433.9644727,929.5377198,84.590146,11.32919728,73.21641769,-0.130343902,0,0.004957778,2
6768.03763,18.18209982,1230.571358,1025.497816,81.70270519,18.78195515,166.1648923,-0.43786881,2.666666667,0.007648409,3
9016.870719,7.161364165,645.7309485,1060.120905,92.71087042,18.2187921,307.1436113,-1.123951747,2.6,0.00793772,2
2776.360084,63.58497762,1765.347938,678.3586988,32.21131448,18.45185952,82.35134973,0.084475894,0.933333333,0.016091255,2
1553.29281,39.37309779,611.5794968,970.47224,60.45464153,12.30649495,52.99317584,0.166999195,0.2,0.006053327,2
2851.264931,29.79923855,849.6552385,811.4529382,69.48144017,13.11849337,103.3384886,-0.188100079,0,0.007632909,1
2856.270619,18.17163216,519.0309904,755.5350182,81.26085384,10.3928423,110.8512702,9.139797602,0.333333333,0.006005634,2
1359.183039,36.55068876,496.7907623,931.8605839,62.88112528,12.2043903,66.7457761,0.084873683,0,0.006447458,2
5895.910575,15.27707038,900.7224083,992.5967236,84.59554779,16.30535285,206.9590805,1.943438638,1.2,0.009881449,3
2516.951063,33.26054013,837.1515182,781.4106517,65.50462539,13.79969516,98.3943787,-0.03577871,0.6,0.009415885,1
3592.778129,19.58479703,703.6383043,550.0611821,73.22889738,16.65973225,117.4529597,3.500224998,1,0.026085129,1
2630.374801,29.33681587,771.6682122,865.0966235,70.09503408,13.19352996,91.59806669,1.340355548,0.4,0.007512715,3
6080.964072,14.0182352,852.4438462,964.4823197,84.68304482,18.1090824,410.2408753,-1.263666062,2.6,0.015271384,2
1503.247905,39.69571336,596.7249794,851.620029,58.16561528,13.31016899,53.93187877,0.872428149,0.133333333,0.009112124,2
5095.879484,36.68865962,1869.609878,1046.97982,63.23951613,21.89693882,108.6323986,-0.149037407,2.333333333,0.008889133,1
2606.862216,32.36501404,843.7113223,916.9389018,67.02032594,17.09693408,122.8380091,6.912871991,0.666666667,0.010215771,2
3127.315815,60.6629404,1897.121729,705.9272171,35.90258076,20.31121519,68.81225644,0.795451858,0.8,0.016097479,2
1247.8381,42.82246374,534.355018,778.3131286,54.98551876,10.72963678,66.64082083,-0.435352687,0.266666667,0.007618482,2
3458.962176,22.65523241,783.6359199,792.0319965,76.96340546,13.1821989,113.9677987,-0.924332278,0.133333333,0.007499087,1
4067.372883,44.6683976,1816.830291,1062.98528,55.29923633,21.0408092,86.24105178,-0.271335261,1.8,0.008331931,1
3032.450437,46.55988308,1411.905378,905.4581503,53.02672247,16.89327378,79.92880766,0.142481875,0.533333333,0.008542782,1
885.4357789,33.49022343,296.5344206,822.8618489,64.24358325,8.828511214,49.89879834,-0.435232637,0,0.006384913,3
1348.179039,29.22662762,394.0272674,765.9339312,68.71667279,10.11375303,51.73525606,1.787756815,0.066666667,0.007552955,1
3538.450524,40.46379582,1431.791395,650.6024302,55.09393024,16.59781174,110.4522698,0.202782481,2.333333333,0.018310731,2
2616.039508,65.22729619,1706.371838,666.5750777,30.05672967,18.88587816,77.6798297,0.887342908,1.066666667,0.017093344,2
3798.668121,53.75161908,2041.845618,998.6164354,46.01844976,22.93551967,98.21020009,1.263417944,2.533333333,0.011587434,1
3205.107938,22.80079488,730.7900865,772.4241912,76.62517659,12.23030013,108.8866435,-0.793099815,0.066666667,0.007332083,1
6402.82245,11.36271879,727.5347097,1041.55372,88.4788853,16.38933599,214.6306658,-0.855029485,1.866666667,0.007296843,3
5162.120618,37.24892146,1922.834254,1034.772442,62.68146482,22.17623213,102.9096908,-0.054593784,2.6,0.008992572,2
2926.547134,33.70796052,986.4793523,750.6152691,65.29753801,13.16631692,82.07219507,0.686664276,0.4,0.008166392,2
731.8126178,39.81252606,291.3530892,726.0046591,54.20116893,9.905872111,40.63387722,0.276089319,0,0.00936577,2
2589.265804,27.47267369,711.3405454,805.9616619,71.64224635,13.18982081,69.02491692,-0.312725578,0.2,0.007633286,2
649.6381973,45.96705196,298.6195277,720.8453133,48.16516905,9.537475277,36.31683334,1.029958389,0,0.008706205,2
2895.442714,27.13903481,785.7952062,899.6957656,72.78107793,12.9339077,74.07310914,-0.30347992,0.133333333,0.004748192,2
2593.171493,48.39251464,1254.900895,805.8725696,50.65473119,14.85027527,79.52588352,3.491838122,0.133333333,0.008524138,2
1443.016227,60.15989883,868.1171025,794.6320622,38.9227057,12.17306182,49.204097,-0.260822714,0.133333333,0.006645719,2
6435.140889,17.92189089,1153.298929,900.9123001,81.90398486,16.91567711,161.3030581,3.905215102,1.333333333,0.010306118,3
3413.792291,36.00601023,1229.170401,795.0896866,60.48933432,18.59242891,129.3999907,-0.972279932,2.266666667,0.015835585,2
1865.154096,47.80072542,891.5571882,763.1300341,47.45910843,16.57128652,61.52649664,-0.406415875,0.066666667,0.014007547,1
637.8524437,46.11377769,294.1378579,717.2558435,47.72606058,9.563747478,38.0230982,1.012865363,0,0.008805046,2
987.2373993,39.68099499,391.745623,795.187012,57.93159483,10.7133301,42.92281355,-0.03588548,0.266666667,0.00783965,1
1766.579934,35.54462863,627.9242771,976.2731026,64.3155745,12.94531357,62.24030029,0.442436391,0.2,0.006078146,2
2488.833961,27.22263948,677.5262963,883.1811905,72.43593265,12.39690441,87.20052846,0.760660038,1,0.006317945,2
2120.738602,24.65799229,522.9315611,752.9162665,74.27221099,10.67038848,87.72976554,-0.397180067,0,0.007591511,2
674.5984897,49.33226569,332.7947193,723.9531998,45.09341181,9.751961513,34.95619861,0.793919255,0,0.008747866,2
4934.589686,10.79229392,532.5554229,740.6774638,88.85575106,11.27927572,241.8989442,-0.871887036,0.933333333,0.006552575,2
700.3360929,40.6887296,284.9578591,823.4973465,56.29253374,8.578660984,49.16188094,-0.764737682,0,0.006384485,3
6429.765684,12.89504373,829.1210967,960.2213536,86.55248095,17.08996604,173.3793344,0.911440317,1.533333333,0.009540063,3
3651.596847,25.52787085,932.1749272,759.3110567,73.27581319,13.79247488,171.5559306,3.531284008,0.333333333,0.009319299,3
2792.897905,38.84686308,1084.953225,788.9871753,59.87436055,14.07012326,74.8935118,0.786401138,0.266666667,0.008840319,2
3530.338539,8.031611693,283.5430829,759.5983703,91.34341933,9.954467027,366.6340826,2.966752223,0.4,0.007112585,2
2425.382946,14.18449317,344.0282782,736.8870421,84.38653122,9.760467134,70.82963794,5.693145909,0,0.007714336,2
2354.712929,36.66408935,863.3340522,788.0577161,61.90538567,14.02921053,93.90990746,0.375400974,0.6,0.009502462,1
846.4298232,39.79828871,336.8645848,729.4995385,55.49904447,10.07923389,39.52313454,0.600507729,0,0.008713684,2
6950.196326,22.8496145,1588.093067,979.9648902,77.07268111,21.31997589,142.9918118,0.719527584,3.2,0.008835865,1
3227.093469,47.88320596,1545.235812,753.4531236,50.19462997,16.96175001,102.7575877,2.960323364,1.333333333,0.013222184,2
1509.521532,38.14793049,575.8512247,966.9894847,61.6782834,12.22559547,58.18761993,0.498478981,0.2,0.005865224,2
2347.616686,23.5670153,553.2631836,753.5072481,75.43619634,10.5914211,79.09374534,0.03627054,0,0.007366562,2
3775.800507,29.77282563,1124.162501,913.2814224,69.86417332,17.19453127,105.8532655,-0.249442567,1.066666667,0.009180975,2
1790.782078,57.2513999,1025.247809,632.7644902,38.86326135,12.62967725,62.28544873,0.678193032,0.533333333,0.011027617,1
4468.308456,32.18399736,1438.080275,1002.746125,67.70231167,19.13233693,126.5632795,-0.59811187,1.6,0.008085853,1
3187.108657,30.69808733,978.3813988,743.3133208,68.43857497,13.15549056,85.9896508,0.314116909,0.4,0.008507226,2
2472.951984,27.88539331,689.592387,890.9967144,71.80653252,12.50586613,88.02952738,0.578203246,1,0.006307912,2
1965.898643,20.97946078,412.4349349,728.7037146,77.25951899,9.981397502,65.96577803,-0.270717773,0.133333333,0.00793573,2
2776.879663,55.33867472,1536.688404,939.1335116,44.0048519,20.7857603,71.08364973,0.354444964,1.2,0.011955192,1
1128.987035,49.69476497,561.0474535,717.0833156,42.07456878,12.83171411,69.94170152,-0.286771143,0.066666667,0.0127816,2
3110.331617,48.43139418,1506.376966,937.5778126,50.90770343,20.65570636,75.60188761,0.05906925,1.266666667,0.011985609,1
1297.495528,38.92305492,505.0248969,771.9111527,58.31514448,11.18728903,65.73411564,-0.324745525,0.266666667,0.008568275,2
3174.142731,24.32235527,772.0262719,928.2202548,75.60833929,13.24336993,83.14087485,-0.447443566,0,0.004778328,1
462.2061467,48.96580489,226.32296,781.2067776,47.51816948,7.412219676,47.25340715,0.758841027,0,0.005810021,2
2529.727025,31.07682406,786.1588168,818.4105624,68.39212033,13.26898686,88.32104871,-0.100629477,0,0.007413682,1
7086.71805,7.163060438,507.625897,992.7771523,91.97070242,16.06773825,393.5504983,-0.689894488,1.466666667,0.012458868,1
2606.301403,22.91448502,597.2205447,954.3233111,76.97708066,12.20050326,65.42962161,0.312765416,0.4,0.004882539,3
3174.518217,51.54023895,1636.154274,1009.517143,48.32318896,19.98391409,79.90059678,1.078305125,0.8,0.009310904,1
1368.669235,30.76540947,421.0766944,761.1418972,67.70707248,9.632985528,58.09060495,-0.409510678,0,0.006359424,1
2552.747973,68.87497303,1758.204478,828.2036203,29.57293798,18.56654545,61.8947581,-0.193085168,0.266666667,0.011267923,3
1407.504762,27.22906959,383.250451,761.9440761,70.9915321,9.525644822,52.74596558,1.021852372,0.066666667,0.007002234,1
1604.220509,43.36811661,695.7202211,849.9799007,56.10238904,12.72638238,60.9121883,5.816620108,0.333333333,0.006649972,3
2937.604185,34.17270827,1003.858908,752.9828702,64.84046719,13.27362392,82.16306136,0.741529021,0.4,0.008132242,2
4490.840773,35.93602608,1613.829711,1037.450572,63.96558887,21.2549199,116.6555731,-0.173037632,2.333333333,0.008590587,1
674.2297131,42.27380656,285.0225647,729.1603985,51.08012844,10.08692182,37.98089847,0.656847254,0,0.009534349,2
1027.323845,35.885733,368.662692,740.3289328,59.21690875,10.97670202,47.11731122,-0.004622402,0,0.009499266,2
2342.85185,43.112165,1010.054155,672.9727855,55.33625324,12.18975898,66.3831677,2.413243242,0.533333333,0.009031247,2
1588.574243,60.40108346,959.5160541,814.9102791,38.73710665,12.73984576,54.13119087,-0.259078719,0,0.00679357,1
2244.453532,32.08037526,720.0291155,677.610023,58.34654174,16.95390713,95.46590551,1.746147279,1.733333333,0.021087576,2
1201.957137,55.97399123,672.7833822,780.2694571,42.7927556,10.8044107,48.54008478,-0.401000574,0,0.006244741,2
4114.799902,49.4861632,2036.256595,1011.099,50.29747775,24.08657347,100.14384,1.260977113,3.266666667,0.011895883,1
1751.842652,21.8560159,382.8830084,732.0248838,76.44876021,9.836394637,60.48613442,-0.113702109,0,0.007467335,2
8668.776283,9.450137992,819.211321,904.2816733,89.66263203,17.53106428,319.2085499,-1.076121042,2.266666667,0.013913654,2
3224.298253,20.00326269,644.9648494,890.2422556,79.62152258,12.96374858,94.74644959,0.516766865,0,0.007002783,2
3195.136296,62.15701911,1986.001478,703.312957,34.22058224,20.41330641,71.74568899,0.615764806,0.8,0.016187187,2
5646.192472,38.10720057,2151.60589,1073.608491,61.8477626,23.2212173,142.69215,0.394053918,3.2,0.008858176,1
1489.626253,60.85631646,906.5316665,794.6157517,38.10984597,12.17516138,49.02385997,0.030505491,0.266666667,0.006794479,2
5204.726456,8.627998552,449.0637233,1190.888014,91.31740159,15.02878379,290.5704909,-0.701447274,1.533333333,0.00545503,1
3844.324759,18.46844941,709.9871734,1032.255223,81.43410154,14.75020071,142.9070326,-0.414775046,0.466666667,0.005540236,3
2591.964831,64.13042101,1662.237959,668.6725259,31.2999648,18.30018868,77.22599316,0.824171044,0.933333333,0.016602151,2
1507.514153,37.58266698,566.5640236,969.0445116,62.25355879,12.30293253,53.79465254,0.131513701,0.2,0.006071099,2
2452.900988,20.61865352,505.7551559,921.3320419,79.1355989,11.97876781,78.2941548,0.19661701,0.133333333,0.00581646,2
3009.969123,25.22038607,759.1258337,861.8758544,74.03007011,14.00597926,80.5773074,-0.224554964,0.533333333,0.008417028,1
5763.665134,14.05456575,810.0581058,857.4974581,85.09044793,16.20335504,278.657343,0.124877081,1.2,0.01453103,1
2136.47015,36.62428316,782.4668773,863.7302698,62.68513396,12.96589027,76.45749983,2.444637504,0.266666667,0.007331889,3
1474.254135,57.43723406,846.7707984,784.5176931,41.67767638,11.76243301,50.94783408,-0.252442546,0.133333333,0.006525339,2
1692.682867,22.93433147,388.2054995,719.9102554,75.24558359,9.657272883,58.28270235,-0.478873536,0.133333333,0.007800235,2
3802.58745,17.17071419,652.9314229,711.1457509,80.27072756,14.24842911,226.1129091,0.482826095,1.333333333,0.019772579,2
1141.925385,54.27480946,619.7778269,700.1179957,42.04095347,10.28886338,42.97640006,0.583515877,0.133333333,0.008412933,2
3417.387478,38.13317061,1303.158197,814.0712741,60.91315784,16.5449888,110.3069177,-0.484911757,2.266666667,0.010295816,2
3651.656026,8.985366945,328.1146935,719.8516571,90.36484844,10.69418127,312.6709498,5.332670493,0.6,0.007821429,2
1089.429812,38.49221088,419.3456207,954.0309297,61.17950334,10.05933459,62.20921457,0.123924823,0,0.005100445,3
4276.665366,45.26456353,1935.813912,986.0499644,54.53602338,22.48153561,114.1416164,-0.350580951,2.266666667,0.011318883,1
2016.919583,41.62497879,839.5423489,832.070282,57.02188002,14.37707232,78.69190645,1.340892662,0.4,0.009346052,2
819.8735875,33.40044754,273.8414475,729.4465513,62.0156928,9.572306069,43.84849097,-0.140244971,0,0.008632792,2
4552.979127,25.91103043,1179.723807,958.1493428,73.98489819,17.4274104,126.898487,-0.907198333,1.2,0.006985078,2
4864.489989,54.73407294,2662.533499,1027.446212,45.19062999,24.08169766,94.1169698,-0.24621274,3.666666667,0.00985464,2
1401.947108,32.07221079,449.6354318,737.4251458,65.26414198,10.46492105,71.91701482,2.445565495,0,0.008956896,2
3787.244696,60.13108045,2277.311155,902.6286625,39.03443726,22.58864514,89.66289255,-0.317324322,1.466666667,0.012745488,1
4192.363949,17.66363614,740.5239136,711.9697465,80.07957083,14.4980103,226.571902,0.442426557,1.333333333,0.019776994,2
1861.226421,34.59310092,643.8559342,806.3523226,64.51397156,11.94472461,77.9679455,0.065404493,0,0.007059265,1
2885.853243,49.59082289,1431.11837,906.2760736,50.00356904,17.05818997,77.39797675,0.390623267,0.533333333,0.008723447,1
2023.87978,35.90634534,726.7012632,778.6471157,63.24536066,12.07944965,75.40624608,0.450594333,0,0.007250876,1
8513.252101,7.682593208,654.0385277,856.3979396,91.72778107,16.09571364,233.7767889,0.380855173,1.466666667,0.011405467,1
2547.59578,19.58824169,499.0292186,767.8193512,79.57982163,10.22701313,126.3031514,2.180066717,0.266666667,0.007076272,1
1920.635778,24.73871077,475.1405302,749.3661599,74.09145946,10.17820484,82.61040003,-0.418910503,0,0.00727554,2
2649.95645,23.40231256,620.1510912,886.3002929,76.42687957,12.10249231,65.40488979,-0.213775327,0,0.004502531,2
5825.741926,19.16094185,1116.267023,996.5313038,80.70905443,17.20673335,153.9286195,-0.060710243,2.133333333,0.007254189,3
4180.168189,39.90641584,1668.1553,981.3103926,59.78598109,21.4565378,108.2847454,0.386104899,1.333333333,0.011188036,1
2605.199037,22.12233033,576.3307366,740.5108445,76.66832646,11.29208668,86.75976119,0.268709528,0,0.008071456,2
3331.437647,36.98121327,1232.006061,816.9988241,62.07125833,15.58757685,111.7452676,-0.527100749,1.866666667,0.009593625,2
4752.804888,13.23030423,628.8105461,885.3100123,86.44327814,14.0176096,95.22422261,0.254438618,0.333333333,0.007266061,3
1062.531541,43.68189925,464.1339571,899.034386,55.36194743,10.38332322,80.38962857,0.201345337,0,0.006070991,3
5071.655268,11.33678066,574.9624338,712.4929934,88.35592401,10.60592915,229.7497628,-0.229017727,0.666666667,0.006396772,2
4191.29403,12.01476257,503.5740263,1215.778451,87.94569029,14.49644669,294.9739465,-0.71995574,0.6,0.005789354,1
3189.221367,58.86117522,1877.213177,711.6992181,37.29682957,20.52256628,77.13496704,1.121372832,1.266666667,0.016558247,2
1705.475577,30.25516255,515.994408,871.4986782,68.81337912,11.8945982,85.77352257,0.179295981,0,0.007495044,2
3698.12186,51.57771368,1907.406704,954.3852258,47.80973588,21.86966561,102.7731491,-0.424261318,1.866666667,0.011987715,1
1879.736977,15.94734384,299.768119,640.7161747,81.85199771,8.798781041,102.9895155,5.468274407,0,0.009016319,2
2763.311672,31.6379277,874.2545491,629.713754,58.58384559,18.23403198,121.3297596,-0.982737273,1.733333333,0.023155359,2
756.6204371,41.71798412,315.6467938,730.056061,52.30847775,10.16252205,39.86679088,1.025461687,0,0.009549218,2
2008.501295,20.86267638,419.0271252,852.1722849,78.56544344,10.58207675,70.92197987,1.485500361,0,0.005729642,2
4252.335731,22.23577344,945.5397389,891.0880153,77.36964308,15.61182922,104.633797,-0.34595614,0.866666667,0.008152176,2
7924.893296,4.064581181,322.1137215,1128.580179,95.90152601,14.96057103,265.6083822,-0.356609516,0.8,0.004408116,3
3517.221855,19.56617503,688.1857845,938.6835368,80.35154947,13.53848775,92.27537104,-0.21091954,0,0.004792027,1
9610.77597,14.04074947,1349.424976,817.0268756,84.7204186,20.85938729,228.0984877,1.03923227,3.333333333,0.016311231,1
1501.033646,27.18383034,408.0384397,764.1860181,71.40447354,9.475702587,58.88828447,0.11292087,0,0.0065799,1
4147.818123,21.24009345,881.0004455,772.5481478,77.29170848,14.99591465,187.5404775,1.407767534,1.066666667,0.011947241,1
6287.296214,10.2007663,641.3523932,974.5679008,89.69766752,15.66091542,183.8182953,-0.904814536,1,0.005782822,3
1199.803499,36.16859459,433.9520633,807.3943392,61.90960867,10.45525226,52.1385381,-0.191740391,0,0.007274521,3
3100.539349,43.8273871,1358.885383,981.4353368,55.77659046,18.87162492,85.02498607,0.855150867,1.266666667,0.009506968,3
2790.679934,16.64607939,464.5387975,786.58402,82.37981947,11.18755572,73.20391809,0.820034877,0,0.007327366,2
2559.783173,66.32230032,1697.707083,677.4340277,29.13262202,18.14698381,61.42837026,0.158579663,0.266666667,0.015357991,2
1447.766096,26.45437496,382.9974717,759.4872676,71.69348119,9.547536361,54.13069327,0.813879153,0.066666667,0.006995797,1
2858.234248,62.19811523,1777.767831,678.6934566,33.82334466,18.37683765,81.982064,0.095921264,0.933333333,0.015968555,2
4114.801344,24.52359328,1009.097146,924.6516677,74.68433221,16.94154406,131.5497963,1.339377725,1.666666667,0.010204194,2
3463.641213,69.99023517,2424.21063,727.5518566,25.85109941,23.03782662,70.59594144,-0.390834894,2.333333333,0.017664719,2
2302.238199,35.49525239,817.1852593,805.9814614,63.81879791,12.98130504,82.55670395,0.17755063,0,0.007503053,1
6470.405987,8.572495641,554.6752711,1084.324718,91.17851427,15.85723299,277.6371331,-0.445825934,1.4,0.010133321,1
1285.447241,38.60187511,496.2067386,781.5372472,56.69041456,13.62770733,54.60098982,0.588824515,0.4,0.011220239,2
1926.614679,15.67145426,301.9285382,800.8087543,83.65932414,8.623651139,105.736491,2.214204227,0,0.005387669,2
1315.92657,56.00119138,736.9345567,771.7748885,42.95557419,11.00675404,44.82811846,-0.025123274,0,0.00632951,2
1908.11339,65.03078417,1240.8611,806.7632023,32.42120168,18.62520818,55.55687576,-0.277499605,0.266666667,0.012889721,2
2151.081133,24.80558435,533.5882448,753.075006,74.19009073,10.68367395,87.61759661,-0.383577542,0,0.007638775,2
1945.446884,54.95796609,1069.178039,830.9103459,44.47214508,13.81063869,61.49090011,-0.111759986,0.133333333,0.007331975,1
2872.902277,32.12984131,923.0589427,797.2094205,67.12585211,13.17917617,66.82687538,0.519155916,0,0.007914689,2
3649.223303,41.53592424,1515.738626,985.6118371,58.23995314,20.23307207,90.66715665,0.789401764,1.066666667,0.010044931,1
2277.293894,37.6055659,856.3892561,756.3494421,61.13344346,13.3638011,87.42959375,0.277461384,0.6,0.009168193,1
1202.922721,18.08964623,217.6044646,845.0129754,80.39469195,8.608264007,55.9755043,1.030629132,0,0.005805427,2
2538.259203,21.48699629,545.3956607,954.577457,78.45903493,11.94508332,65.63270735,0.306945379,0.2,0.004327082,3
8304.295957,9.915767629,823.4346903,907.6674902,89.90329406,16.20490248,227.4769393,2.091714362,1.733333333,0.00772917,2
4317.209434,43.66420772,1885.075295,1033.383346,56.25572285,21.90371072,94.55043385,-0.447284249,1.8,0.009325706,1
6588.12737,8.113913727,534.5549711,1175.125648,91.80394563,17.35912559,272.6646445,-0.966597628,2.133333333,0.006802926,3
2417.807875,31.63448956,764.8611798,814.0223129,67.25478972,13.56327255,103.3657479,0.602149626,0.4,0.00885189,1
4264.380015,15.47588238,659.9504351,834.4648292,83.69681815,14.82347549,116.2803539,5.630095237,1.133333333,0.010559048,3
662.6397141,46.31069917,306.8730846,719.0849019,47.68743367,9.539385708,38.02878552,1.014924223,0,0.008690571,2
2715.579605,40.42159926,1097.680705,925.3199787,59.26910243,15.29233171,158.5744442,-0.598312667,0.466666667,0.007192892,2
1896.290908,41.30149354,783.1964669,772.2668833,54.02679911,15.92918931,67.74421475,-0.43423267,0,0.013576248,1
6534.687821,17.12555649,1119.101654,1021.625364,82.80285227,17.78455644,179.8116306,-0.37312957,1.866666667,0.006775169,3
2730.233585,30.78084777,840.3890434,667.9962851,56.37346656,19.56212791,95.67881893,1.520162867,2.933333333,0.024621129,2
1381.618631,40.52204504,559.8601241,808.3354886,56.03070293,13.81318166,52.36524946,0.258683087,0,0.010635679,1
2750.182613,21.58628764,593.6623296,929.0637983,78.22377857,12.48787057,83.1541578,-0.559392263,0.133333333,0.005216749,3
7805.244269,11.13633544,869.218184,926.6348735,88.65237386,16.43058566,213.5240199,2.823063194,1.733333333,0.00772432,2
2162.761164,27.66587111,598.346716,802.2144787,71.59567453,11.77205614,98.6385158,0.332960227,0,0.007064501,1
7672.059696,22.60041287,1733.917167,977.974458,77.30425697,22.15777634,146.4308644,0.777675497,3.8,0.008975522,1
726.8000638,36.85656779,267.8735582,729.5058823,58.32184084,9.294531294,42.17978003,0.015708425,0,0.00798418,2
2250.198609,39.25183395,883.2442215,756.3585183,59.4098337,13.35584717,87.42702498,0.277959539,0.6,0.009162589,1
3536.405886,34.79003057,1230.316689,793.4668755,62.24960139,17.93539292,152.6532342,-1.341394673,2.266666667,0.015214565,2
7609.178199,9.575516003,728.6180762,997.6927982,89.81536015,17.44593223,369.8232351,-0.343065763,1.8,0.011608634,1
3023.476573,46.32696489,1400.684931,801.2459316,52.01903801,18.57218311,66.87245469,-0.486284789,0.2,0.012362135,2
4504.078284,31.1553135,1403.25971,702.2023266,65.99424409,18.42882371,161.7585282,-0.206634747,1.866666667,0.01942971,1
5502.33588,9.337792174,513.7966892,831.9186867,88.96062814,16.03548008,291.0376454,1.677958388,1.4,0.017894919,2
2592.824697,21.71407825,563.0079836,788.6949169,77.73189891,11.31168936,72.88087812,-0.09782389,0,0.006559006,2
3330.248783,69.27767772,2307.119019,724.5681513,27.20315876,22.00550214,72.70286109,-0.434355841,2.266666667,0.016476881,2
2231.192834,26.78356428,597.5929669,948.756217,73.08365813,12.30567384,76.63819432,0.0958528,0,0.005404718,2
4313.74904,13.10046232,565.1210675,784.3717233,84.70549328,15.73589636,230.0459006,4.303043675,1.133333333,0.018096679,2
3414.724309,64.18939817,2191.890983,716.1087225,31.90952569,21.61853488,72.44175019,-0.090417924,2.133333333,0.01676606,2
1716.774929,22.46965666,385.7534321,722.6818579,75.70448945,9.40989202,57.17483555,-0.309833251,0.133333333,0.007539246,2
5986.694288,10.31638828,617.6106278,1165.128493,89.65233891,16.23682744,272.9532195,0.14682163,1.466666667,0.005422167,3
1685.541812,57.91759816,976.2253333,637.1301748,37.8981021,12.5630255,59.4666593,0.889198981,0.533333333,0.010994651,1
1164.653761,65.75048358,765.7654798,781.1638623,32.98279566,11.18443872,43.75788856,0.134842611,0,0.006665317,2
8874.132554,8.956277066,794.7918988,906.1025466,90.27117362,17.88228999,318.6761526,-1.074950029,2.533333333,0.014035867,2
1674.157332,35.12676545,588.0773195,737.1171972,63.72703903,10.36323268,73.63854672,-0.805175802,0,0.006583363,2
1361.968615,40.84169687,556.2510932,759.780565,56.0788783,11.39619424,60.62744309,0.031468125,0.266666667,0.008924698,2
2359.561459,28.69695886,677.1223812,776.9785472,69.84095426,12.07185015,62.71333708,0.142087162,0.2,0.008098076,2
2388.130057,66.55714726,1589.471239,843.186889,32.31961127,19.30663035,58.79442968,-0.474342398,0.2,0.011951746,3
1705.943696,22.94517222,391.431719,767.2214554,75.87507982,9.777997111,66.12575519,0.248897913,0,0.006246808,1
6761.666654,23.99728223,1622.61623,991.5452791,75.93862223,20.61365255,139.0628658,1.022879556,2.8,0.008408858,1
1674.296706,24.96736646,418.0277943,767.9364579,74.04087386,9.788909648,66.19331574,0.291684507,0,0.006239984,1
633.6140607,41.67268821,264.0440119,708.0927279,50.80788527,9.342930121,33.94193834,0.624132074,0,0.009171191,2
1838.781943,45.4950364,836.5545144,703.2090614,43.22038918,18.00258157,72.11506263,1.807157188,2,0.018778612,2
4696.591621,24.98001796,1173.20943,953.9410227,74.90040607,17.01033749,126.97342,-0.872839278,1.2,0.006923277,2
951.0782276,41.56945671,395.3580521,737.3200858,53.96941927,10.26609787,56.63302436,-0.202292892,0,0.009024082,2
2776.144743,39.38207924,1093.303523,654.9982546,58.52477735,13.82057806,88.63101194,1.514901929,1.333333333,0.012961234,2
3975.332657,27.44360995,1090.974789,907.9978203,72.17003044,17.01982959,110.6236938,-0.497688499,1,0.009188607,2
3776.965657,30.66581263,1158.237212,974.2170094,68.91179816,18.14064395,165.4211732,-0.876461255,1.533333333,0.009623826,1
2526.178159,25.18651422,636.2562212,845.4734824,73.87400799,12.98210186,70.21892615,-0.048030062,0.066666667,0.007747724,3
4297.185767,36.20400444,1555.753326,796.5128796,62.71630936,16.97288037,131.104595,0.280337368,2.333333333,0.011652886,2
1175.196592,51.95070633,610.5229303,751.3093893,38.08444337,15.09751241,45.5663151,-0.368069419,0.2,0.014288202,1
2010.366241,41.57335955,835.7767856,811.7763942,56.0356645,14.24415178,78.02702216,1.23698602,0.866666667,0.009829341,1
2070.79462,43.38749581,898.4659291,678.9286731,53.4449909,13.76244317,78.60096935,3.198120693,1.133333333,0.012346357,2
4276.894792,22.53286969,963.7071304,1042.873666,77.43859827,17.50800129,121.234805,0.209510863,0.8,0.007631011,1
2178.603559,25.41201742,553.627116,832.9993895,73.5796759,12.03402518,67.51332553,0.467903785,0,0.007516695,2
9732.912106,4.16296196,405.1774286,1168.608014,95.82818868,17.00061666,293.683027,-0.520801266,2.6,0.004694939,3
2630.85932,37.34506493,982.4961213,875.1709332,61.61068041,15.85741768,77.07460247,1.536185038,0.4,0.009567763,2
1090.966605,54.91039573,599.0540803,699.7188262,41.42218508,10.42775276,43.14633262,0.603221192,0.133333333,0.008527607,2
596.0275601,30.92658861,184.3309915,782.3976084,65.5486332,7.232790036,53.63545406,1.698891124,0,0.005966484,2
4343.595723,71.927084,3124.221744,783.7236383,25.26331163,26.17100262,81.74622833,-0.637166487,3.933333333,0.018072622,1
2648.803097,32.5569556,862.3696481,868.3185681,67.22195459,13.18405774,88.6985683,-0.441248305,0.2,0.005566814,2
723.550443,37.7936682,273.4562536,823.2585102,59.51043352,8.636449173,49.2550035,-0.780294603,0,0.006393825,3
2485.07512,35.0206981,870.2906554,798.8757123,63.60083456,14.24054896,63.61930855,0.185225113,0.6,0.009105854,2
6625.988903,10.2978213,682.3324965,1049.964455,89.56381645,16.38772574,221.6972832,-0.806041471,1.866666667,0.007241775,3
3095.133402,19.56418232,605.5375417,795.9373217,79.42119819,12.46083447,83.7594736,0.124758307,0.133333333,0.008015045,2
1736.126036,34.61182932,600.9049801,814.4380787,61.87342309,14.23655344,59.51483539,-0.168512957,0.066666667,0.011277049,1
1247.059833,45.20791091,563.7696983,775.4448707,47.63843692,14.7131174,61.21801849,0.308989949,0.066666667,0.013098195,1
1771.387307,16.56166865,293.3712963,813.0711829,82.80181936,8.521833602,101.9774282,2.22702853,0,0.005309116,2
1990.702196,17.30318498,344.4548834,651.8192506,80.34214873,9.137045803,103.6164039,4.324137205,0,0.009412932,2
7656.832335,4.465905638,341.946907,1128.259509,95.50655049,14.95162709,265.4031374,-0.349133191,0.8,0.004408554,3
2438.949418,33.73694349,822.8269869,665.8106732,64.31812644,11.41239517,88.5149297,2.154956476,0.333333333,0.009285351,2
1097.91229,57.57367,632.1083986,691.8822808,39.64815655,9.621958975,42.47922656,0.69180714,0,0.00723759,2
2386.332725,60.51941423,1444.194587,797.5871536,37.05119994,19.35246218,69.93993451,-0.130675981,0.733333333,0.013512105,2
2144.081763,20.096152,430.8779301,921.2053397,79.71097975,10.84540721,63.85080412,-0.340049412,0,0.005033675,2
2472.142407,24.60910999,608.3722442,884.0823509,74.7663102,13.16595471,75.79050671,-0.129612684,0,0.007370728,3
4673.964303,48.60903858,2271.969111,989.4724345,51.14595969,22.52037015,124.9966164,-0.645888348,1.8,0.00970717,2
4401.136766,23.04891976,1014.414482,1070.059197,76.8968256,17.66235718,145.08547,-0.514896007,0.6,0.00648946,3
1958.069698,64.4759245,1262.48354,816.1663549,33.23615223,18.69320692,53.95772148,-0.128593866,0,0.013048619,2
4540.801039,68.57448,3113.8307,759.8893294,28.85471908,24.75984347,86.2677071,-0.927658701,3.533333333,0.017197772,1
1356.182298,55.34215796,750.5405496,775.7871118,43.6256583,11.29363193,46.81079289,0.098683643,0,0.006213138,2
2826.374443,25.8156291,729.6463432,899.0918418,74.10369087,12.89647725,74.8235084,-0.317490137,0.133333333,0.004723011,2
3702.731004,24.48744869,906.7043547,692.4765747,72.11630373,15.64642276,125.7099643,0.074887056,1.333333333,0.016844044,1
1549.580265,29.22991202,452.9409481,750.7895996,69.48560795,9.918269763,71.97823097,-0.154902241,0,0.007004984,2
2332.036199,19.61342545,457.3921813,721.6728656,78.05083714,11.84822973,98.58437287,6.234920934,0,0.009714718,2
1113.138591,53.56577506,596.2613139,573.7131769,43.07815797,9.19818798,50.3547369,1.793044584,0.133333333,0.00897863,3
3700.603881,32.23443762,1192.86885,975.1750953,67.34989361,18.2445632,164.9075316,-0.85006121,1.533333333,0.009646833,1
4253.723504,32.57446985,1385.62788,717.9983101,64.2724341,18.47165681,155.0589194,0.013659304,1.733333333,0.018275143,1
1821.245721,43.24303447,787.561915,707.3033896,47.4615953,17.37814357,68.49283886,2.215524198,1.533333333,0.017799188,2
5447.706902,17.83416962,971.5532892,1114.541829,82.15937603,19.0067262,117.7453664,-0.11414267,0.466666667,0.005729601,3
4069.388135,24.13734704,982.2423366,923.1020297,75.06344663,16.96969863,131.7499286,1.330888612,1.533333333,0.010190647,2
2291.845497,38.4035408,880.1498207,805.1672043,60.12898255,14.20854562,64.63675868,0.14670126,0.466666667,0.009165158,2
7763.865047,11.97607884,929.8065989,1005.19686,87.76406129,17.94990185,318.2088577,-0.672164155,2.266666667,0.00911634,3
3235.289423,37.97504963,1228.602764,966.1597567,61.71400516,17.99710597,100.2414032,0.279877249,1.2,0.009022538,3
1786.031879,37.9604839,677.9863438,814.4339423,61.07682238,12.36847841,68.83754487,-0.302509937,0,0.007331697,1
4366.336446,27.31528679,1192.677323,945.8018434,72.57705772,16.94882721,124.3039727,-0.690447249,1.066666667,0.00687195,2
1691.414138,24.32339065,411.4092683,768.0636225,74.47077751,9.646124561,63.90186787,0.520835402,0,0.00632934,1
5573.270829,12.31463181,686.3277824,1124.132794,86.98996363,16.83568266,395.6978918,-1.426721819,1.933333333,0.010577549,2
4376.198819,30.23053057,1322.948122,994.891017,69.6796592,18.62277377,138.2234907,-0.409095885,1.6,0.007810102,1
3724.022157,29.5325713,1099.799499,907.9424759,70.12899863,15.69536968,137.6172058,-0.969649077,0.4,0.007685872,2
4627.691932,18.95828816,877.3311715,996.1843351,80.89550422,15.83460813,158.1953944,-0.950285076,1.066666667,0.005963974,3
2878.391059,63.79581353,1836.292993,675.8081694,32.12735127,19.15419084,75.95655644,0.668158341,1.066666667,0.01700422,2
3099.568985,35.79066691,1109.356411,819.2477768,63.0746848,16.60516114,89.82465651,-0.012652514,1.266666667,0.010241985,2
4110.778197,70.67090955,2905.124341,748.0840422,26.2978326,24.23896074,79.01098584,-0.656142303,3.533333333,0.017524363,1
3558.04772,30.04444114,1068.995553,919.34336,69.61351869,15.89849644,136.283214,-0.991434961,0.4,0.007710106,2
1419.427021,28.9417595,410.8071546,716.0190798,69.29885402,9.519614025,59.20521738,-0.021408472,0,0.007103129,2
3131.880088,20.49496285,641.8776605,679.9495803,77.75877282,11.67479271,99.82570729,1.664334303,0.266666667,0.009768843,2
1966.067078,36.5681701,718.9547534,962.5580791,63.29084716,13.62350668,71.01831873,0.420371723,0.533333333,0.006414156,1
4244.982668,69.6783108,2957.832217,758.1617852,26.85064233,25.83929036,83.5269956,-0.655816797,5.066666667,0.018635941,1
5211.381124,46.02764221,2398.675858,1020.10624,53.90867296,23.70035675,102.8475407,-0.008287028,3.333333333,0.009792521,2
3001.424656,24.4263283,733.1378401,934.6807052,75.49724712,13.01987434,81.08125177,-0.418408096,0,0.004798106,1
2518.071975,36.37192828,915.8713328,922.3753952,63.30800446,14.2430559,155.943927,-0.45586442,0.466666667,0.006774817,2
3300.432081,51.88070074,1712.287291,952.3996264,47.49609303,22.03943006,75.36690538,-0.175570781,1.8,0.012527193,1
4708.965725,37.14729001,1749.253154,1022.959206,62.7532032,21.65393793,101.8705318,-0.154826865,2.133333333,0.008956105,2
6024.640001,9.902156944,596.5693083,1165.323765,90.05684333,16.71985484,272.4650337,0.15716067,1.733333333,0.006137558,3
5859.831236,20.86323434,1222.550323,997.6663986,79.00245439,17.56266912,155.6136762,-0.123548135,2.266666667,0.007539684,3
6645.944794,12.24027323,813.4818013,741.0886688,86.40684733,16.4998341,196.8971743,0.93004095,1.533333333,0.016895485,1
3238.545401,40.00402846,1295.548624,977.2613144,59.82543579,18.37389355,98.27421192,0.369474568,1.333333333,0.009150789,3
1004.454294,42.54387333,427.3337625,745.9772843,54.57830433,9.798295974,61.56079185,-0.615260051,0,0.007639387,2
12909.81597,6.257003939,807.7676938,985.4285115,93.45095754,19.1671851,344.6406847,-0.663862284,2.133333333,0.011480037,1
9047.593797,5.586538693,505.4473283,1152.85366,94.39531872,17.02634009,295.8646897,-0.367572992,2.6,0.004894164,3
1751.342151,23.29944268,408.0529608,764.9904153,75.14729679,9.610271488,61.6600961,0.205360694,0,0.007011588,1
1533.5219,38.49100846,590.2680442,861.5976947,58.57265174,13.83212736,58.03669666,0.536920626,0,0.009876307,3
753.2984248,35.40227332,266.6847673,872.433271,62.66399726,8.878915668,50.89498138,0.326363122,0,0.006070402,1
2592.450993,22.20039722,575.5344183,789.5456649,77.26618597,11.35992229,73.57306343,-0.110773035,0,0.00658721,2
1178.519929,21.37907128,251.9566155,851.0182965,77.58479593,8.47773674,56.77543152,0.260438288,0,0.005387405,2
1755.975513,41.36477372,726.3552975,859.6858703,57.89618597,12.86461244,76.65701115,2.326092409,0.266666667,0.007357344,3
1520.22545,32.24336025,490.1717684,754.4265058,66.55161207,9.993609553,69.2222034,0.042645652,0,0.006888298,2
1126.982526,35.83788321,403.8866814,786.8265156,60.25273095,11.88668977,55.68334216,-0.070335998,0,0.009745717,1
8525.166907,9.678278703,825.0894132,991.193458,90.01504911,18.65675708,246.0906231,-0.820825674,2.066666667,0.009647558,3
1836.657518,66.01415501,1212.453941,807.6770155,31.42206409,18.12842003,56.65036447,-0.314985034,0.133333333,0.012467728,2
3969.583596,39.82105316,1580.729994,965.4936955,59.84780278,21.16379265,107.8933744,0.050133891,1.333333333,0.011293447,1
3048.765682,30.61148629,933.2724888,900.8171313,68.64640214,14.98136315,115.7572185,-0.743856992,0.733333333,0.008561279,3
1298.87991,38.8566918,504.7017634,771.6998356,58.37747775,11.20364941,65.6413003,-0.320991943,0.266666667,0.00859598,2
9621.514229,7.407318985,712.6962502,1038.394181,92.47375077,17.68967484,314.3709682,-1.141522367,2.6,0.007933785,2
3108.809202,51.93773763,1614.645167,913.4569786,47.09082162,20.801674,85.04536071,0.167332815,1.533333333,0.012421338,1
1991.449992,65.41417019,1302.690487,811.725391,32.29240436,18.7598322,55.07141684,-0.142566422,0.266666667,0.012910865,2
4632.499167,16.08765348,745.2604133,837.5456808,82.99744099,15.33061443,117.4213376,5.254762581,1.133333333,0.010959529,3
714.645875,40.32476339,288.1792582,727.1801894,53.78992263,9.77458369,36.71253488,0.485821644,0,0.008913657,2
1415.808404,26.92971996,381.2732383,759.9981895,71.3393296,9.597702954,53.93689195,0.819744611,0.066666667,0.007000764,1
3934.885453,33.61494187,1322.709458,761.1992185,63.86103753,18.34203927,124.2875291,1.80913429,1.4,0.015177834,1
1770.673297,36.43153042,645.0833808,976.2352099,63.44025826,12.93428837,62.74975811,0.418098979,0.2,0.006040526,2
5931.913106,18.71490601,1110.151963,947.4544474,81.15574947,17.60012752,130.7027537,0.492769019,0.666666667,0.007799743,3
712.2213085,55.47273127,395.0886125,564.0491568,39.52393539,7.945893778,41.90348287,1.021574412,0,0.00912013,3
2157.298212,34.5443336,745.2242912,688.702812,56.86762021,16.47796875,91.82413027,2.939757943,1.4,0.020442931,2
3104.091821,25.35197381,786.9485455,927.8606535,74.56320601,13.28334943,82.07450521,-0.402121561,0,0.004845815,1
5898.55626,14.92620144,880.4303893,685.0676957,83.54101624,15.73279706,149.2442383,-0.404284694,0.733333333,0.014740169,2
2948.466547,23.5140026,693.3025006,938.610462,76.40996329,12.96188351,81.73273813,-0.440749825,0,0.0047873,1
4300.625741,69.72029606,2998.408999,756.7465031,26.6410197,25.60314903,83.14679779,-0.647042319,4.666666667,0.018451078,1
3104.292845,59.56935674,1849.207279,706.6809322,37.5103255,18.52924686,79.80247297,-0.629197847,0.8,0.013675959,1
3605.1924,47.20983169,1702.005264,929.7062824,52.00246863,21.6483339,98.21610209,-0.33958045,1.8,0.01231894,1
2168.756928,22.54403762,488.9253778,1105.406109,77.45220132,12.20243442,74.97465758,0.511835722,0,0.004086583,3
3559.547399,24.37522069,867.6475342,767.6284964,74.37775721,13.82762945,110.6278629,0.697080137,0.266666667,0.009853945,2
3016.445587,47.12360805,1421.457996,898.6557839,52.48267261,17.82842398,83.34738038,2.172339656,1.2,0.008945428,1
3304.078548,21.12471628,697.977219,714.5790704,75.87833329,14.36119393,73.51660226,8.304745766,0.933333333,0.012396138,2
4183.442183,40.20597962,1681.993911,863.8325356,58.41808802,20.08371054,89.83086541,0.922599255,2.933333333,0.013254455,1
3467.072236,66.48914162,2305.226569,720.6274513,29.88739167,21.81212722,74.37279934,-0.573022948,1.6,0.016437445,2
3020.613024,17.96032364,542.511875,827.6397479,81.43994007,11.89283658,119.5076218,-0.743970983,0.533333333,0.007063978,2
1129.90856,55.02738241,621.7591041,757.5565801,36.46906927,14.60155012,45.07391508,0.061275527,0,0.013222865,1
2393.752401,54.3398698,1300.761938,804.0584792,43.30054526,18.31080919,68.94303384,-0.173637613,0.266666667,0.012738395,2
4787.18303,63.87239518,3057.688463,787.2032643,33.58551117,26.38928448,86.8648725,-0.624818951,3.733333333,0.017832319,1
649.4927299,40.61234815,263.7742487,723.8413058,53.56176425,8.922111209,39.87333393,0.289301165,0,0.007725189,2
847.7336413,30.6234761,259.605509,819.6582228,66.8493713,8.431806765,51.25673203,-0.57340181,0,0.006242438,3
2143.186829,25.13181031,538.6216485,835.6763858,73.62367686,11.84410819,60.88476549,0.064466938,0.2,0.007522606,3
2950.065484,17.57071671,518.3476489,825.3451871,81.91830197,11.55763146,119.7396759,-0.689323014,0.333333333,0.006714495,2
4493.716531,69.00894611,3101.06642,785.6212613,28.18019545,26.35588034,81.12177035,-0.602666838,4,0.01825845,1
1150.438762,52.05900544,598.9069777,748.0021045,39.38069675,14.55281174,45.70082132,-0.350957548,0.133333333,0.01350192,1
3806.692561,41.17659117,1567.466233,827.07452,57.74253992,19.02781278,93.6653768,0.096449777,1.466666667,0.011928171,1
1776.638704,23.70435773,421.140794,709.0067925,74.79641439,9.178286537,82.29280167,1.732039062,0,0.007121386,2
1991.58834,54.20234363,1079.487556,791.9673994,44.86585935,13.68750892,63.94322531,1.088302354,0.666666667,0.007676138,2
3769.014577,31.61171139,1191.45001,1074.055335,68.36532941,18.10192853,89.02208905,-0.093617276,1.133333333,0.006824109,1
1168.736626,56.29507915,657.9412086,748.8438283,34.61015704,14.76435843,43.32086777,-0.292861245,0.066666667,0.013877632,1
2993.854024,28.18852997,843.9234388,882.2281512,70.33266239,15.55216879,84.21250842,0.792077304,0.933333333,0.009927354,3
4555.315354,48.73801182,2220.170136,986.9117512,50.99199907,22.38606956,126.1549016,-0.72675728,1.666666667,0.009574364,2
1898.983008,21.38888658,406.1713218,619.9033543,76.85331455,9.253998304,76.02351997,4.597875076,0.2,0.007862918,2
2794.53447,54.66768431,1527.707282,852.9069249,44.95694526,16.06431031,72.51873593,0.055387898,0.2,0.007722262,1
3806.753305,35.3786441,1346.777703,866.5464683,63.61792687,17.71251235,88.47082528,1.18611353,1.6,0.011146905,1
3286.85208,33.21060104,1091.583331,895.2249791,66.28305399,16.75264179,94.51882892,-0.439793948,0.733333333,0.009486053,2
749.1071318,30.83742391,231.0053418,769.3520757,65.07722307,9.01083784,46.09580378,-0.328793916,0,0.007590241,1
3480.070531,31.48092275,1095.558316,709.021688,64.88660399,17.15396767,83.10789531,6.420117364,2.066666667,0.015357289,2
1761.740515,37.15208207,654.5232821,976.0894661,62.71166602,12.87954377,62.13486125,0.507735151,0.2,0.006055604,2
4084.661129,18.24479281,745.23796,729.4783998,79.16144794,15.68487535,126.4718565,5.136447847,0.933333333,0.015761781,2
5309.958453,19.92218515,1057.859754,903.3938422,78.5710631,18.8327116,237.2968858,-0.679656554,3,0.013691181,3
3837.184549,57.01873083,2187.913929,903.6459897,42.15415512,22.31580306,96.0855699,0.380100746,1.4,0.012414439,1
2219.733069,22.48133736,499.0256797,896.8675096,77.12767092,11.49811109,76.45022701,0.188627096,0,0.005940909,2
1643.400587,23.35772223,383.8609443,895.9468332,76.11848743,9.992308383,59.38798326,0.158914837,0,0.005326384,2
2414.531461,24.4941538,591.4190497,953.984559,75.43439062,11.77775127,64.96558616,0.346504693,0.2,0.004344812,3
2740.078414,46.88914203,1284.799259,805.9119866,52.06808641,14.84986116,79.54166084,3.489237486,0.133333333,0.008561777,2
771.3180552,31.61460811,243.8491804,876.4761693,66.64700053,8.825708323,51.97949861,0.029247821,0,0.005971847,1
3150.510267,26.05775924,820.9523802,1053.24174,73.73663119,16.26964902,215.6369672,1.586482489,0.733333333,0.008128953,1
3050.989749,30.63117071,934.5538783,811.38744,68.66637623,14.12931696,85.78552317,-0.4730464,0.6,0.008141616,1
2418.541801,28.72262099,694.6685949,872.7672948,70.83004222,12.21924451,111.6602558,0.109891889,0.666666667,0.006492553,2
4326.110054,19.80465762,856.7712845,945.5613309,80.08522882,15.39925705,116.4782322,0.043717485,0.4,0.006453015,2
4187.36534,29.49952874,1235.253042,916.4784647,70.16906875,17.48039413,105.5651944,-0.146383559,1.066666667,0.009346752,2
1469.201783,43.87110702,644.5550864,856.0090329,53.7131023,13.48790679,48.8327467,0.077237533,0.133333333,0.00924173,2
1707.401433,26.71635188,456.1553749,729.0253661,72.22768594,9.358543036,61.07313166,-0.069078558,0,0.006396415,2
2301.501379,35.8238115,824.4855155,784.5400744,61.49196924,16.35497668,72.62530779,4.522659463,0.866666667,0.011495436,2
4584.285968,19.94365783,914.2743074,943.8669743,79.93001894,15.67924718,125.2845164,-0.272219078,0.4,0.006549707,2
7456.011389,8.929923168,665.8160884,919.4523698,90.86174774,15.68233623,218.0264624,2.447497412,1.466666667,0.007381348,2
3198.291518,24.7500987,791.5803076,924.9900346,75.16496175,13.47333728,84.36202404,-0.501195261,0,0.004969208,1
3278.429234,55.27294297,1812.084321,815.8889873,44.0718881,17.08090033,110.6366496,0.431275438,0.6,0.008988351,1
1743.319972,37.12963072,647.2882678,974.796136,62.71768018,12.5982539,62.75726135,0.433681267,0.2,0.005887995,2
4199.88895,12.05124426,506.1388759,1215.585729,87.90902375,14.49709181,295.0892927,-0.721147807,0.6,0.005789119,1
767.4807839,40.59970428,311.5949287,728.3414613,53.85304041,10.18127824,38.36569879,0.62743522,0,0.009103102,2
3379.474345,55.9070652,1889.364926,711.249089,40.4373227,20.39041704,79.15334718,0.900971145,1.2,0.016057289,2
4275.549474,40.63160213,1737.224251,922.2741962,59.09921902,18.96567461,116.5703954,1.084279632,2.6,0.009102206,3
2234.829401,22.20822273,496.3158909,744.7338596,76.69219824,9.984388962,90.75694631,1.267842107,0.266666667,0.007329984,1
2069.67582,34.33463424,710.6156226,859.4605102,64.17601315,14.14587985,63.19365759,0.026137825,0.466666667,0.009236074,2
6549.967752,14.24204109,932.8490984,966.7344589,85.58002722,17.39779228,157.7300493,2.150172046,1.666666667,0.007970674,3
2648.578931,25.40794957,672.9495992,781.2072247,73.23681203,12.37529137,69.85353592,0.136837157,0.133333333,0.008221206,2
4307.68315,29.75137698,1281.595053,889.1352837,69.57885222,17.83661477,110.2099597,1.123138036,2.133333333,0.010538378,3
6245.18153,5.171657392,322.9793922,1200.978736,94.48979019,16.56871306,348.4689749,-0.174143147,1.6,0.010976186,3
5666.086826,10.62291642,601.9036679,814.9134071,87.76072327,16.58993379,293.765453,1.835519395,1.733333333,0.018278116,2
3305.321436,22.75177902,752.0194289,833.2185355,76.38201893,13.67435301,131.6931331,1.084038267,1.066666667,0.00963764,2
2608.288297,24.07991097,628.0734998,839.9179502,74.64172203,13.12191562,67.20019681,-0.135072373,0.266666667,0.008429057,3
4863.834189,65.48870042,3185.261801,784.963368,31.92345456,26.32991837,86.26125934,-0.744057715,3.8,0.018116209,1
5381.259459,25.17265395,1354.605822,788.6398983,71.59951115,20.47666543,273.4262369,1.39160032,3.333333333,0.018565716,2
2579.474791,65.43696968,1687.930137,687.4258687,29.87646309,18.51761857,65.7063049,-0.285299756,0.4,0.015370248,2
3275.965379,34.81175394,1140.421007,828.2106669,63.52246071,17.22044331,110.6127545,-0.277798155,1.733333333,0.012785391,2
1469.997505,23.20978455,341.1832538,666.0805956,74.36466297,9.028479916,47.00800075,5.058431583,0.2,0.008416203,2
1280.539065,30.5480524,391.1797447,729.4903859,67.01547074,9.408009438,52.75086872,0.23780264,0,0.007386027,2
1792.563969,33.9953661,609.3886839,817.5700922,62.76051757,14.56428902,58.73360306,-0.002130797,0.066666667,0.011489823,1
4164.016892,17.710878,737.4839519,993.8691518,82.17532093,14.82324324,140.7549773,-0.526403268,0.466666667,0.005767528,3
2958.042953,48.04781407,1421.274978,912.5086724,51.5565044,17.39019665,74.51900073,0.755557782,0.533333333,0.008925043,1
3424.709697,55.74415224,1909.075387,711.5710088,40.76677033,20.44510766,79.14082348,0.889537344,1.2,0.016114018,2
3188.269246,31.86948428,1016.084966,850.3715256,66.41782448,16.68573493,138.5847174,-0.600315461,1.4,0.013104628,2
2892.975798,23.55545058,681.4534845,870.0968839,76.15217277,12.4433047,96.98554629,1.037449972,0.133333333,0.005758814,2
4497.247618,24.98299193,1123.547009,852.6230974,70.91493414,20.62280305,221.5443738,0.357432544,4,0.01771652,3
1782.779013,32.20565057,574.1555792,909.8989887,67.65221364,11.17401704,107.4172636,-0.898238914,0,0.004449307,2
3146.634608,50.31453751,1583.21465,809.1911164,47.8929944,19.53984235,67.76942869,-0.339724295,0.466666667,0.012924887,2
1678.701022,25.81405374,433.3407839,706.6328577,72.63160762,9.279019825,80.73602942,1.888716686,0,0.007163113,2
1815.542313,36.18284696,656.9148968,975.4244929,63.67579361,12.99826458,63.21192396,0.334936351,0.2,0.00613878,2
2905.817907,36.38727407,1057.347926,793.158591,62.77256095,13.92975064,73.39889225,1.839683123,0.133333333,0.008406005,2
3477.036298,62.8363356,2184.842198,728.1456631,34.7627008,20.17191079,81.47092541,-0.552155547,0.666666667,0.014037478,1
5307.192615,9.745204813,517.1967901,841.2808416,89.67128918,15.48687623,270.6717541,2.711071143,1.266666667,0.01464965,2
7092.246352,13.86188227,983.1188393,980.0478302,86.04619538,17.04382629,175.303106,0.803931467,2.466666667,0.007029487,3
1690.340307,54.59106123,922.774712,804.6954855,44.51486852,12.92237132,55.31730728,-0.193786217,0,0.007099227,1
556.1268137,38.15167064,212.1716703,776.4142247,57.98516495,7.55878799,47.26667323,3.073979483,0,0.006261085,2
2541.139727,24.59808723,625.0717666,854.7719749,74.46614171,13.31079012,70.36964132,-0.160667021,0.266666667,0.008236502,3
2096.861365,61.29571359,1285.286136,827.1402431,37.96374256,14.90458949,61.48218744,-0.248579394,0.133333333,0.007998536,1
2186.261399,67.44620481,1474.550341,821.7990635,31.03301657,20.09988863,56.74885009,-0.330948279,0.4,0.013496839,2
1479.215455,38.17423519,564.6791868,866.2472629,59.66784637,13.75708058,57.73619396,-0.494537847,0.133333333,0.009779258,3
2856.26044,26.63731668,760.8311386,903.7573032,72.74386817,14.31123603,104.1555024,-0.256502331,0.733333333,0.007859023,3
4991.148566,62.25727586,3107.353132,773.3448843,34.85690046,26.481079,93.35522941,-0.730199739,4.466666667,0.018831159,1
3247.599407,23.81830163,773.5230225,824.7196089,75.36558385,13.87312693,130.7506468,0.94776853,1.066666667,0.009682679,2
4295.632689,47.38143703,2035.332498,993.0129273,52.38339993,23.18221436,109.4275954,-0.123552871,2.466666667,0.011798037,1
6635.857914,17.82087398,1182.567876,625.1635371,79.60833877,17.36203404,156.9300074,-0.276196217,1.933333333,0.018968869,2
2888.919378,23.93844676,691.5624272,883.6373104,75.80414133,13.06822547,92.41064902,0.042985917,0.2,0.005941722,2
6584.561072,15.73332367,1035.970306,1139.650308,84.12174805,18.27573431,314.4648093,-0.933081924,2.933333333,0.0080005,1
2709.901713,24.05806436,651.9498983,717.6945266,72.32341561,15.5175774,72.15302745,9.850114614,1.4,0.013748202,2
6688.188903,10.31399671,689.8195834,1178.385272,89.56710883,17.37112587,275.2133743,-0.963827434,2.133333333,0.006806543,3
3184.972123,29.16138391,928.7819482,899.993402,70.55749882,14.18043182,104.8821787,0.01091329,0.466666667,0.006495706,2
1784.631858,31.74860573,566.5957324,955.6784004,68.11773192,12.0162996,52.0727224,0.407545905,0.2,0.005705736,2
9446.696887,9.56790244,903.8507419,924.0748632,89.90318434,17.58714071,308.5117723,-1.050361231,2.6,0.011744119,2
4677.65721,11.21250126,524.4823738,1222.039974,88.76051349,15.47949752,293.5020146,-0.624683461,0.933333333,0.005586608,1
5480.247914,38.94212768,2134.12514,748.9622224,58.53558369,21.76175294,146.2824471,-0.60835987,3.533333333,0.016483496,3
1620.490477,41.78387245,677.1036741,858.8185146,57.66778314,11.69160908,55.47966799,0.906152779,0,0.006229404,3
1619.871645,63.20060605,1023.768697,816.3394937,35.97788612,12.9325422,54.27660218,-0.287850137,0,0.006874862,1
1526.292733,26.85873645,409.9429425,723.0823646,71.31671321,9.528239546,51.74316898,-0.293347286,0,0.006941489,2
1153.221536,56.42292623,650.6813366,578.509965,40.09411761,10.23183953,57.15417082,2.028714835,0.266666667,0.009676784,3
3010.983104,47.69927119,1436.216996,777.7305262,51.48158298,15.59366098,95.94382089,0.585553057,0.6,0.008745406,1
4466.242357,25.59729056,1143.237033,939.9630897,74.2630654,16.40002422,125.8015103,-0.644065576,1.066666667,0.006745436,2
1763.858655,61.61771008,1086.849312,817.2942238,37.61540627,13.31654643,56.78915301,-0.510156364,0,0.006995917,1
2411.210683,26.10828966,629.5258694,934.8295753,73.80293468,12.54273278,77.55693304,-0.382497796,0,0.004679368,1
1289.61065,27.0422794,348.740115,769.2868659,71.19865204,9.036312519,51.75695826,0.499998284,0.066666667,0.006306689,1
3080.589253,25.79680321,794.6935472,927.6166623,74.11712327,13.3727661,82.24704574,-0.41567234,0,0.004857098,1
1829.443281,39.61747204,724.7791801,798.0533121,59.0572593,12.32687726,68.74483189,0.322351053,0,0.007885334,1
2815.816059,31.06647507,874.7747939,766.2759693,67.07846402,13.94654119,107.8054091,0.84289591,0.4,0.010093828,2
2701.992277,28.91928334,781.3968025,805.1167,70.05895009,13.82300141,107.672536,0.239217823,0.4,0.009028278,1
2575.916059,25.03992103,645.0073469,842.0048569,73.87720734,13.16070902,71.84649599,-0.144891067,0.066666667,0.008175205,3
1052.533882,32.57821908,342.8967938,835.157434,65.59079581,9.619902557,49.20756683,-0.303189435,0,0.006659988,3
1707.525858,51.47699641,878.9830248,959.4626256,48.13711022,14.65399924,89.16897443,0.431640374,0.2,0.007151747,2
1551.841354,57.68769395,895.221491,791.4351715,41.30325894,12.16864643,51.12575399,-0.068814605,0.266666667,0.006911614,2
1767.010218,56.63136633,1000.68203,633.024384,39.67370529,12.61331251,62.21913847,0.675728936,0.533333333,0.010987726,1
1681.314991,19.30417796,324.5640378,646.3348685,78.30991467,8.819362158,103.3738432,4.850836856,0,0.00901136,2
6421.688436,22.00017463,1412.78267,996.3519827,77.55088721,20.67157144,174.6159659,0.068121045,2.866666667,0.011461715,2
3128.928094,18.63529908,583.0851083,714.039173,78.41082882,14.80209101,225.8937633,0.447219192,1.466666667,0.020313262,2
1553.889585,31.48464564,489.2366295,751.5353528,67.29932095,9.893979983,70.26961116,-0.128772951,0,0.006789502,2
1764.552979,30.30836233,534.8071103,757.4571329,68.23153517,10.54355782,66.74803884,0.177248183,0.2,0.007314068,1
4663.613718,18.4584388,860.8302842,961.8722188,81.36380129,15.50271191,163.3086682,-0.873195716,1.066666667,0.006109711,3
1702.148204,34.76231748,591.7061625,784.8312429,63.94733679,11.6237557,65.39511535,-0.185657726,0,0.007554944,1
3371.393408,67.08900166,2261.83418,726.5319384,28.71740642,22.32441273,70.27021041,-0.093884736,2.4,0.017359073,2
3316.5651,30.9309163,1025.843975,843.444555,68.67777926,14.83622792,108.4312387,-0.746893842,0.133333333,0.007897731,1
2379.530934,27.98781143,665.9786307,877.4167843,71.73957196,12.40117454,66.99637045,-0.569174411,0,0.005311899,2
4543.721866,31.27469724,1421.035257,702.6910278,65.86770027,18.46766589,161.5554881,-0.200382612,1.866666667,0.019460128,1
8153.189021,11.08888767,904.0979721,932.7873126,88.09176783,18.11911743,353.3117055,-0.440028481,1.733333333,0.013412031,1
4907.872394,62.20004867,3052.699018,779.5103439,35.41796931,25.91066732,92.58050866,-0.765121245,3.466666667,0.017831754,1
3826.202238,26.15380666,1000.697536,1000.479964,73.61592055,18.15991133,146.4095186,0.29469422,1.4,0.009137297,2
2310.882817,35.41548011,818.4102445,772.750027,63.23905516,13.26531085,86.96021287,0.548942764,0.6,0.009110204,1
4629.283854,16.9466792,784.5098838,825.4601846,82.22743804,15.28448064,116.5020517,5.796673945,1.266666667,0.010756908,3
4289.875345,42.34534827,1816.562655,1006.432598,57.5313063,21.170415,91.46410339,-0.394593223,2.4,0.009133722,2
3356.331228,41.60601266,1396.435596,987.3705276,58.1267557,19.72120867,100.2042344,0.146082614,0.933333333,0.009999295,1
1639.798794,22.16757647,363.5036515,718.4089046,75.81765586,9.427558814,57.50731767,-0.349464828,0.133333333,0.007632124,2
6979.979042,8.419774795,587.6985161,1003.418148,90.65612257,16.80244575,383.5568872,-0.642790769,1.866666667,0.012517584,1
3582.851234,35.9464313,1287.907157,645.3165663,59.43434555,16.58627931,114.321852,-0.108233066,2.333333333,0.018317651,2
1938.640925,20.95991711,406.3375309,734.2698115,77.60939411,10.21726782,62.15442882,-0.199497793,0,0.007432674,2
3826.794688,30.40348966,1163.479127,1074.604333,69.57742318,17.72268512,88.63351867,-0.019867039,0.933333333,0.006640595,1
1734.307379,21.44274731,371.8831489,722.3084703,76.91872901,9.520124254,65.1491694,-0.160525932,0,0.007586005,2
1612.819738,38.36825684,618.8108197,715.6192354,58.47176219,11.70037089,68.81329721,1.86555969,0,0.010296892,2
2004.562164,22.21936215,445.4009267,850.5702735,77.20531449,10.52145126,67.28115176,1.152215021,0,0.005759649,2
5460.572068,47.28725275,2582.154515,1019.103641,52.6485466,23.75445704,103.2715618,0.158479138,3.6,0.009587787,2
1294.665226,43.97380697,569.3135874,574.3585648,53.10114588,8.867048716,52.33491603,1.954238854,0.133333333,0.0087138,3
3701.272073,44.49045716,1646.712866,990.8276406,55.27719722,21.28822979,86.33900714,0.605899099,1.666666667,0.010772959,1
2564.478869,29.37184966,753.234878,672.2931303,63.55915223,15.99447424,109.8890029,1.102276716,1.066666667,0.020831553,2
2225.606251,50.03064736,1113.485215,861.1534242,48.57310083,16.64271829,68.63769726,1.655260347,0.8,0.010413565,2
7406.984278,16.3641581,1212.090618,951.135088,83.46056601,17.08223779,214.2205792,2.008472963,1.266666667,0.010140267,3
2950.14819,31.92845948,941.9368696,931.9991357,67.53314219,18.03527762,129.4986798,4.553709938,1.133333333,0.010245379,2
4558.719274,2.550491263,116.2697368,1321.0364,97.35810014,12.73749852,531.3719059,-1.620005573,1,0.005081606,2
2585.370872,27.89029605,721.0675902,879.58132,71.76030603,12.32568651,86.62852192,0.859276384,1,0.006300017,2
2466.275095,33.98762953,838.2284426,801.1722469,64.52438114,14.16808407,63.42394783,0.039194777,0.6,0.009166633,2
8420.155353,15.36838517,1294.041907,783.3034553,83.98382406,17.66211858,219.7826445,-0.122234585,2.333333333,0.013527413,1
1373.664596,44.6326696,613.1031808,870.8883212,53.95795982,13.93769421,62.1643865,-0.222665419,0,0.009275138,2
2699.470388,25.03590875,675.8369432,686.230639,70.9035283,14.08586802,194.309685,1.694135908,1.266666667,0.020311116,2
2101.656621,35.79110577,752.2061443,861.0633833,62.87212302,14.25034391,63.33136507,0.084471585,0.533333333,0.008987885,2
2725.301569,16.16029376,440.4167394,861.9804392,83.38840379,11.00390966,113.177498,-0.347949277,0,0.006169545,2
9285.952273,5.40591998,501.9911493,1201.947863,94.58638285,17.73833253,214.7253974,-1.049523875,2.2,0.004762638,3
1986.311618,62.99156433,1251.208761,832.3859386,36.36188989,14.95613768,60.84467635,-0.225941687,0.133333333,0.007850455,1
1314.423329,54.92046988,721.8874683,778.1728538,43.93601149,11.01134207,49.36731527,-0.277875136,0,0.006206346,2
1804.571746,43.77178472,789.8932595,859.1157147,55.38167992,12.96703942,77.76644432,2.1721268,0.266666667,0.007368971,3
8215.804386,20.97708756,1723.43648,973.0720319,78.93519259,22.15985451,152.9585394,1.242272491,3.8,0.009138617,1
1993.253821,49.04025593,977.4967754,839.8009967,50.44901633,13.64448968,62.93321245,-0.509149498,0.133333333,0.006797489,1
4557.567517,46.64094177,2125.692412,901.078188,52.76791751,21.78280043,137.5250252,0.02554227,3.666666667,0.013253027,3
5546.110851,7.477086087,414.6874828,1182.607287,92.47501035,15.06270135,292.2286198,-0.753570893,1.533333333,0.005466136,1
4425.100333,20.37763197,901.7306601,953.1422755,79.51127093,15.57267518,116.6272037,0.004930975,0.4,0.00642361,2
4982.446094,43.47252729,2165.995238,1049.651528,56.45427815,22.93455386,99.0042536,-0.390524554,3.133333333,0.009121588,2
802.8231484,31.18279238,250.3426756,772.1805415,65.05562076,9.088779097,46.64516776,-0.294384434,0,0.007463008,1
3177.617965,39.63442915,1259.430741,641.299165,57.63769859,14.18952364,89.17556265,1.027231685,1.533333333,0.014044325,2
4525.788412,26.75418389,1210.837754,889.2718402,72.56305824,17.83319573,109.9818366,1.179853049,2.066666667,0.010533135,3
2099.713461,24.74605699,519.5962895,880.887185,75.01544336,11.45709202,63.16506788,-0.306873708,0,0.004698214,2
5417.797104,38.32768447,2076.516179,1031.009415,61.60358861,22.61061357,119.3158746,1.299571038,2.6,0.009448174,1
3332.318991,14.21608772,473.7253907,779.2532311,84.5084809,12.19636876,153.4407918,0.280411302,0,0.00913132,2
1823.001173,29.23668706,532.9851481,757.0873949,69.3406874,10.59330793,66.97412922,0.138083432,0.2,0.007360057,1
4801.247144,22.46916965,1078.800366,1019.741419,77.37969757,17.45747244,139.2123169,-0.17310986,0.8,0.008091686,1
2648.212669,29.4801835,780.6979543,776.5021272,68.97954523,13.0179184,99.18424696,2.233843856,0.333333333,0.009214777,2
3763.51035,69.95271017,2632.677488,729.0147209,26.58289925,23.1445329,76.00015933,-0.670444714,2.133333333,0.016902621,2
2956.577881,35.88416909,1060.943406,765.9314544,62.92357553,14.69882892,76.65147055,2.447105591,0.666666667,0.009104978,2
1476.440141,41.90314865,618.674907,850.8806895,54.80525508,14.16549731,56.52584792,-0.30585446,0,0.01032503,3
1613.590037,64.00666865,1032.805228,815.3090355,35.19593499,13.03530308,54.36226881,-0.36298058,0,0.006893253,1
3553.149627,3.186714445,113.2287324,1110.819446,96.62577313,10.33732398,549.1247464,-1.830846742,0.4,0.005191133,2
1446.832826,38.51445441,557.2397693,929.9060382,60.90946383,12.0185585,67.45110157,0.247023166,0,0.006382643,2
4560.283328,32.55052028,1484.39595,1004.809472,67.34597321,19.35943833,126.8872987,-0.628996354,1.6,0.008078763,1
2925.324982,43.36931026,1268.693267,800.4285149,55.01776566,16.84740718,78.31476953,0.704151109,1.466666667,0.011350789,2
2288.024757,67.93879289,1554.456401,832.6437423,30.77126067,18.93844845,59.01949489,0.130298037,0.4,0.011990619,3
3260.653125,68.19906451,2223.734928,718.9953101,28.00400717,21.62604176,72.43846612,-0.529467225,1.533333333,0.016422841,2
917.5969212,47.95737502,440.0553966,563.0682879,48.15436446,8.191581583,43.6188671,3.323198736,0,0.009243135,3
2947.394517,30.73105572,905.7654513,877.9921312,69.09159098,13.685191,85.40808452,-0.496729748,0.2,0.00562063,2
1856.527879,40.15467405,745.4827184,737.9125287,55.60527219,15.37132163,78.41841464,2.337975544,0.133333333,0.013068778,2
1874.004221,38.69831325,725.2080237,780.2705779,60.04011304,12.12488195,67.62704155,-0.207476495,0,0.007844875,1
2869.02189,59.64042883,1711.096958,834.4205524,38.88741856,19.33809539,79.88312652,0.354185334,1.266666667,0.012316645,1
9411.525316,6.171062885,580.7911457,1110.376234,93.71982179,17.75740372,288.2425491,-0.762461374,2.133333333,0.007348253,2
9255.043983,7.456723586,690.1230475,1101.821126,92.35734046,18.83018506,300.4033423,-0.59961475,2.466666667,0.008936361,3
10051.2679,7.844646125,788.4863978,830.551728,91.28442179,17.84300185,271.757557,-0.426570926,1.933333333,0.014643652,1
2386.968528,35.15393167,839.1132855,864.5757121,63.52875358,15.21208085,73.52553304,1.542779163,0.4,0.009521299,2
2142.676857,56.40495609,1208.57594,801.7068372,41.73114532,15.90122344,68.46015598,0.081963923,1.333333333,0.010615083,2
1684.4789,48.97970539,825.0528028,853.1738439,49.38244225,14.69551088,61.06334884,1.529139619,0.333333333,0.009453912,2
3588.059251,66.19714875,2375.19292,723.9895684,30.55630647,22.09098334,74.23171068,-0.530589675,2.266666667,0.016324169,2
5490.003489,9.509315439,522.0617494,808.7980804,89.1175831,16.19402586,291.6663049,2.081017771,1.533333333,0.018063162,2
2912.703777,55.4004101,1613.649838,826.5938691,43.12267291,19.26748137,80.68964485,0.251065576,1.266666667,0.012258504,1
2073.012026,42.25115928,875.8716127,791.2602084,54.99841082,14.5226341,82.80427788,0.296805548,0.866666667,0.010422348,1
1976.246599,21.64213486,427.7019541,735.0424053,77.07578571,10.24997298,60.64733248,-0.032457702,0,0.007271833,2
7629.461235,10.42183607,795.1299426,1059.358437,89.36055068,18.10445125,323.7750606,-0.921400207,2.2,0.00905268,3
1958.899981,69.24291273,1356.399404,813.8638766,28.53959644,19.44321048,55.01458861,-0.122958838,0.266666667,0.013387215,2
2134.246143,19.29507431,411.8043793,922.3553766,80.50315448,10.7402395,63.02440546,-0.477352931,0,0.005003054,2
4672.14465,34.8296251,1627.290465,880.0900432,64.61815933,18.22117774,118.6971456,0.30645365,2.666666667,0.009930272,3
9445.390372,8.4075035,794.1215262,1042.644724,91.36672667,19.18295798,251.7323739,-0.184859367,2.8,0.009126462,3
3280.841219,31.50855373,1033.745618,855.3173364,66.81956045,16.44382697,140.103992,-0.56484257,1.133333333,0.012475371,2
2762.266227,32.24062323,890.5718467,816.7580316,67.02749668,13.46152424,100.511446,-0.181163137,0,0.007907428,1
4619.058243,28.78588991,1329.637021,888.1819432,70.41510795,17.80731422,111.176202,1.042950841,2.066666667,0.01047575,3
2393.337677,66.84041896,1599.71693,825.775525,31.95067085,20.67385458,57.60576416,-0.079727519,0.466666667,0.013640327,2
3685.695506,28.66178673,1056.386186,1102.127264,71.3245,17.51430301,86.02179492,-0.048172066,1.2,0.00648394,1
3095.316088,20.05775966,620.8510616,787.1836465,78.90056004,12.26238209,73.09528773,-0.314721306,0.133333333,0.00804139,2
1265.142071,38.33953305,485.0495625,845.6593038,59.88479933,12.58851745,68.06411091,0.580312727,0,0.008712654,2
3433.643818,23.6571341,812.3017225,947.8311835,76.17275476,14.2106274,102.5377938,0.034420557,0.6,0.005652116,3
4468.092857,67.05298483,2995.989625,773.176349,29.30723697,26.18819678,84.29242038,-0.533772633,4.733333333,0.019055333,1
3393.104248,59.99944744,2035.8438,717.4486375,37.06247767,20.0874582,84.26022827,-0.710401588,1.533333333,0.014546307,1
1943.738577,66.49823999,1292.551944,811.1738045,31.18184321,18.73180727,54.9784451,-0.171389629,0.266666667,0.012869248,2
6630.049547,16.69502226,1106.888248,953.9364068,83.22002747,17.45303269,180.3634515,-0.642369638,1.8,0.007010599,3
3422.502318,18.03411443,617.2179842,945.9648335,81.89213973,13.34840167,92.07301168,-0.195408014,0,0.004590057,1
4313.507703,71.37795612,3078.893635,752.4445993,25.38361532,25.59368508,80.77205412,-0.666284803,4.666666667,0.018468986,1
2696.264101,26.74147407,721.0207654,906.9773546,73.00844207,12.8572498,86.99868417,0.444864363,1,0.006307596,2
1790.691234,15.85948185,283.9943512,645.994093,82.52746101,10.37476783,103.5670964,4.903972649,0.533333333,0.008354665,2
1853.671498,38.59525509,715.4292431,779.6495799,57.2212897,15.34959161,68.81160837,-0.41345866,0,0.012775562,1
4504.40315,40.88533015,1841.640099,1133.408204,59.08031988,22.06818987,160.8851866,0.392575276,3,0.008165376,1
3215.577662,46.38254049,1491.466611,816.6463197,52.99810877,15.64412377,81.06423241,2.103707246,0.133333333,0.008368208,2
1513.708773,60.47137142,915.3604542,789.4978842,38.48683367,11.88171949,51.43959452,-0.220584611,0.133333333,0.006711393,2
3764.427339,58.47905545,2201.401551,904.4325568,40.75215802,22.43473301,89.70583305,-0.314195116,1.4,0.012669893,1
2244.629731,39.68443232,890.7685664,805.1876275,58.29614321,14.65685068,76.08368102,1.094132841,0.866666667,0.010200404,1
2525.926697,33.10392287,836.1808255,915.6192475,66.29568772,17.11378499,121.832209,7.26617093,0.666666667,0.010246681,2
3953.5563,48.82716129,1930.409311,1036.876038,51.06372578,20.94705015,126.3175974,0.477269618,1.333333333,0.008608506,2
4064.536487,75.18840019,3056.05996,784.0765621,21.81952545,26.11802371,78.72430759,-0.635587821,3.866666667,0.01813996,1
4326.526594,69.93423843,3025.723424,762.585694,27.18499261,24.99868862,88.12583963,-0.548996339,3.133333333,0.017739432,1
2209.384587,25.92722213,572.8320496,949.2263643,73.93773242,12.19451752,57.33626852,0.222324985,0.2,0.005799668,2
5804.992789,10.09094594,585.7786842,811.4210635,88.16813024,16.59794642,293.7701609,1.905112308,1.733333333,0.018355125,2
1602.796008,23.33233196,373.9696853,730.7492788,75.0305118,9.599117628,57.22692865,-0.359272755,0,0.006813684,2
1097.659068,51.76460652,568.1988974,683.4552802,45.43706957,9.189913471,46.83173822,1.957256724,0,0.007033622,2
4664.790531,36.9461604,1723.460992,1136.223137,63.01520527,21.73989307,160.3435163,0.445043094,3.066666667,0.007977449,1
6274.95808,7.519357923,471.8365575,1049.092535,91.77820495,15.28767896,383.8840476,-0.818535366,1.2,0.010620921,1
984.3173839,30.63157379,301.5119058,893.6802556,68.3439955,9.617379653,46.38710015,0.054279118,0.066666667,0.006075754,1
1819.825371,21.23098021,386.3667645,731.388087,77.22329676,10.06185754,59.27559948,-0.024516886,0,0.007348356,2
2200.980158,62.44244813,1374.345894,820.0528222,35.8689853,19.61051281,56.1744931,-0.327396951,0.4,0.013317772,2
2780.106977,22.91628022,637.0971053,906.2551232,77.02996835,12.10883813,67.61472726,-0.227070972,0.133333333,0.004237823,2
3367.464548,57.13343129,1923.948044,712.570734,39.57401801,20.22549849,78.30279125,0.979184828,1.133333333,0.015857483,2
3349.446947,25.82430365,864.97135,863.1134765,73.49306396,13.73817096,100.3064119,0.353728433,0.4,0.007885731,3
1001.293457,37.88967615,379.386848,783.1037519,57.9413907,11.4765002,51.91869114,-0.103899092,0,0.009496295,1
2922.689514,64.24776782,1877.762773,696.6850049,31.41669029,19.99789433,66.67114816,-0.266538833,1.066666667,0.016313189,2
3974.36431,19.44264547,772.7215624,730.5666602,77.22001645,15.66654293,126.4327439,5.087423216,0.933333333,0.015743404,2
2908.526962,20.15050209,586.0827863,892.5328501,79.31593315,13.68807833,73.45769765,0.399230415,0,0.007602959,3
3811.898548,43.20097254,1646.777245,995.9629454,56.58513837,20.8806911,99.43598632,0.634550834,1,0.010271328,1
3035.732495,21.04216066,638.783709,752.6317448,77.70410575,12.28276872,98.19886862,-0.336356677,0.2,0.009154151,2
2584.558152,30.55031103,789.5905543,767.7680745,68.6437109,12.20177089,75.57330612,-0.310799004,0.2,0.007427288,1
2595.703445,33.09185835,858.966507,865.2993675,66.69495113,12.9551507,89.95674408,-0.508447315,0.2,0.005442036,2
2716.34545,21.94043754,595.9780769,790.2911255,76.87307261,12.23822997,71.36439151,-0.21974781,0.133333333,0.007972797,2
4289.824858,40.96782598,1757.447983,1003.841407,58.86556863,20.90588848,93.55183901,-0.241084641,1.733333333,0.009448098,2
2330.279941,60.46245319,1408.944419,811.3624539,37.4613476,18.82925079,61.03554594,-0.418915442,0.133333333,0.012774203,2
2089.602165,39.28158884,820.8289307,698.0059841,49.60739567,18.86950817,74.38873822,1.27787997,2.466666667,0.020170366,2
1461.132973,56.56366189,826.4703144,784.6720999,42.51080708,11.70453728,50.88232588,-0.240913378,0.133333333,0.006533319,2
2445.764658,24.70356048,604.1909513,877.702621,74.68468917,13.49966845,79.2141721,0.100203952,0.466666667,0.008082286,2
4432.176113,38.13372624,1690.153906,1058.362087,61.79172523,20.6876532,114.6576061,0.86700915,1.133333333,0.008703111,3
1965.601895,63.2606565,1243.452663,834.0584459,36.1012653,14.60852227,59.08450501,-0.421452188,0,0.007663398,1
3299.20936,25.29081195,834.3968351,977.3330789,74.41130644,14.68974614,102.7758682,0.247375493,0.4,0.007176542,3
7971.901899,3.872222547,308.6897828,1126.800118,96.09443048,15.23579484,264.9528173,-0.341560191,0.666666667,0.004538119,3
2494.385926,28.8792447,720.3598152,908.2168883,70.83712675,12.84750378,86.32993667,0.53830973,1,0.006308691,2
2438.445524,21.76599638,530.7519646,899.2882077,77.93186224,11.77013669,75.36892613,1.890823024,0.133333333,0.005468556,2
2456.330025,33.0683332,812.2673973,883.81587,66.45395196,14.03065401,86.054235,-0.35784265,0.4,0.00754951,3
2349.749509,31.88152639,749.1360096,792.982582,67.11951921,12.5651328,75.95122379,0.18364853,0,0.007854539,1
1190.060429,35.95413678,427.8759546,782.5612038,60.4342744,11.73861419,52.52273716,0.020956589,0,0.009671662,1
1119.63213,36.42477367,407.8234691,933.3515417,63.07497939,9.619454048,86.52423852,0.581665707,0,0.005227635,3
2431.315579,67.55015931,1642.357547,824.7547593,31.23054915,20.67407962,58.22261686,-0.121551268,0.466666667,0.013648017,2
4160.374517,70.12294524,2917.377144,757.9539058,26.82687276,25.49965464,89.7447303,-0.583657997,3.733333333,0.01833226,1
1295.195095,42.41325388,549.3343838,796.5370879,51.11986026,14.65630338,63.69242605,-0.361910266,0.066666667,0.012662353,1
5325.467365,20.88868795,1112.42026,849.6150646,75.6358058,20.8268641,226.0471598,0.194252249,4.333333333,0.017571618,3
1797.889755,15.85730724,285.0969023,809.5163002,83.3894251,8.643832675,103.6486597,2.121621306,0,0.005789893,2
1320.213943,47.74741351,630.3680107,792.9016022,48.62247105,13.32817411,54.47530441,-0.214126629,0,0.010358254,2
761.5432288,43.24675997,329.3427723,770.705184,53.21490718,8.823667854,58.15880065,-0.774009127,0,0.007198031,2
736.4599209,37.74832481,278.0012831,728.5709287,56.27960044,9.94910572,37.67582891,0.404029602,0,0.009117332,2
3207.6779,37.11962286,1190.677939,623.1801552,54.09703457,18.64893755,123.2742749,-0.9684481,2.2,0.02331217,2
1291.832996,56.45287163,729.2768228,772.4008126,42.35140205,10.94587173,44.3235815,-0.003774552,0,0.006220138,2
738.3542631,32.51196352,240.0534686,873.9871997,66.10108195,8.34224502,45.35290578,-0.177842818,0,0.005473945,1
2103.185535,25.42736434,534.7846487,754.8412234,73.4811501,10.74568448,86.44230641,-0.272228876,0,0.007630561,2
2339.064223,27.50871629,643.4465408,737.4057531,68.81963161,13.92802082,125.636809,0.696108461,0.8,0.016726479,2
1313.527842,55.01754865,722.6708193,778.3638319,44.01884875,10.87294018,48.20957752,-0.223375826,0,0.006150389,2
1081.117609,52.16031824,563.9143852,685.9603491,44.93112269,9.351600164,46.28467687,2.033281946,0,0.007174104,2
2683.653112,15.27223012,409.853679,743.8421032,84.1670904,9.909435004,112.9719015,9.61888262,0.333333333,0.005931788,2
3038.806476,20.04806255,609.221823,755.3377458,78.65717388,12.29026672,97.90834697,-0.301712913,0.2,0.009132016,2
1134.076856,48.64376969,551.6577339,716.6816078,43.56527871,12.76218574,70.10014356,-0.296664569,0.066666667,0.012770071,2
2845.787123,66.40515743,1889.749419,699.0842323,28.89736259,20.36445236,69.18514496,-0.299447589,1.066666667,0.016448626,2
5878.466721,14.07922672,827.6426574,913.5258256,85.7249215,15.28514878,158.2856911,0.077317125,0.866666667,0.007311659,2
2355.97448,61.39718148,1446.501927,810.3988034,36.47368663,18.89916768,62.8625909,-0.062213737,0.133333333,0.012850637,2
4706.59476,35.8935319,1689.363091,1037.694591,64.01600707,21.257426,116.6897723,-0.175433085,2.333333333,0.008627294,1
2977.086914,17.33389234,516.0450405,899.5361022,82.34085033,12.56599974,92.21670385,0.844241786,0,0.006680415,2
2689.655105,38.92853647,1047.043368,781.8566867,60.11940736,13.78198749,71.30618718,0.454057732,0.2,0.007703916,2
1055.868562,68.43009281,722.5318371,779.3782319,29.94065287,10.99278115,41.84179417,0.000283839,0,0.006625275,2
2189.517702,34.45488695,754.3958489,773.0291317,64.36465761,13.2696128,87.04089572,0.543886611,0.6,0.009109849,1
4302.322059,41.89135395,1802.300962,1064.160467,58.08258501,20.83205324,90.18440177,-0.415560148,1.866666667,0.008130871,1
3580.574794,19.74038677,706.8193127,876.8219278,79.7969309,13.91153848,90.94078997,-0.336580726,0.533333333,0.007950425,3
1760.702454,33.35486501,587.2799269,933.244772,66.1472706,12.42372476,65.69627541,-0.100168137,0,0.006582694,2
4361.106771,72.28953804,3152.623938,753.3473904,24.43828214,25.73546299,82.09108104,-0.687363065,4.666666667,0.018511207,1
3678.777889,67.26545494,2474.546683,733.346273,30.11702752,21.28401352,80.68352132,-0.612406587,1.066666667,0.014862849,1
1227.618126,20.25622429,248.669081,849.9219679,78.7549526,8.612690176,57.267725,0.172464297,0,0.005509205,2
2503.773223,41.88186636,1048.626955,882.6307816,57.05296726,16.45480641,81.50755071,1.358792062,0.466666667,0.009657596,2
7533.646518,15.13615844,1140.304673,961.4409054,84.40813743,18.24756935,326.3076966,-0.506158197,2.4,0.010393531,3
6653.909999,15.44863581,1027.938323,1033.109235,84.17301073,18.53392201,229.0291805,-0.065597827,3.2,0.011270614,2
2074.684592,34.25366082,710.6554232,859.4252708,64.27591597,14.13723959,63.20757877,0.024039085,0.466666667,0.009236433,2
4143.431463,32.89575942,1363.013246,711.5877498,62.73369119,19.78889982,146.2873973,-0.126682879,3.533333333,0.017716587,3
3069.883571,38.02903238,1167.447017,1005.68821,61.75000469,17.85467459,148.2465031,1.691310453,0.8,0.008938107,1
2749.568243,18.01333392,495.2889091,783.5168633,81.06146232,11.19270517,74.33589854,0.778547639,0,0.007116373,2
2834.490772,51.08233211,1447.92399,941.5031336,48.30516697,20.34767817,69.40407543,0.240706006,1.133333333,0.011714388,1
3981.810678,46.28460109,1842.965189,1004.78893,53.48078524,22.74447672,90.5947996,0.356851774,2.133333333,0.011662462,1
2791.10575,46.11692543,1287.172157,796.3723319,52.16759894,16.5110607,78.0469752,0.59397882,1.466666667,0.011395724,2
5925.1758,15.02964538,890.5329112,685.5014834,83.43572304,15.73474496,149.1947477,-0.399777418,0.733333333,0.014744343,2
1678.322308,27.05201165,454.0199462,742.8880551,71.67618894,9.932362287,76.65057365,-0.4209644,0,0.007217444,2
3617.190111,22.54823451,815.6125091,931.689794,77.3839809,13.82928608,79.28982212,-0.477802197,0,0.0046014,1
2400.285625,40.93041286,982.4468158,804.7813635,57.59938328,14.09934242,63.86857623,0.235113296,0.466666667,0.009095114,2
563.1000722,52.30977317,294.5563705,713.0792267,40.55030304,9.341720419,33.42096498,0.82494797,0,0.008849481,2
2086.286805,70.67501589,1474.483531,817.3237475,27.52231231,20.07797788,55.5563836,-0.102056354,0.466666667,0.013588909,2
3515.399326,62.13564915,2184.316192,723.2844442,34.90588027,20.64380592,85.68089969,-0.718267768,1.4,0.014701002,1
871.4667906,42.87490859,373.6405898,735.0644728,52.38442172,10.53795323,43.7953163,0.369543047,0,0.009124645,2
6168.687496,7.522377987,464.0319903,1253.319111,92.42819391,16.53587225,290.4617455,-0.680104495,1.6,0.006199595,3
2907.798194,16.92409968,492.1186649,899.8564907,82.65874341,12.35398108,91.23373493,0.910591512,0,0.006518806,2
9134.165291,11.02766881,1007.285497,908.1028009,88.7191742,17.63386176,216.4076016,2.919152306,2.4,0.009026884,2
2935.055028,25.29481432,742.4167195,860.844503,73.12289092,15.40958786,71.7797254,2.397621782,0.8,0.010267693,2
2856.997104,25.21934476,720.5159494,898.8375133,74.69994946,12.90847268,75.09379018,-0.330234457,0.133333333,0.004729694,2
4364.092954,17.74179429,774.2683943,654.4171525,79.59431175,14.82863711,139.2101516,2.312853702,1.466666667,0.018669292,2
1076.801031,56.29735636,606.2105135,752.6005999,35.35074977,14.63743631,42.50027217,-0.135497139,0,0.013307289,1
1835.279116,26.32471933,483.1320762,928.8624969,73.19208025,12.15821502,65.61842044,-0.005274953,0.133333333,0.006426907,2
2187.404943,39.89645613,872.6970533,753.0584901,57.931118,13.39635866,103.8751103,2.579039247,0.133333333,0.009608182,3
3504.525996,70.89312136,2484.467868,727.2048764,25.06663229,22.94737107,72.79488509,-0.381591883,1.6,0.017224146,1
2610.145747,30.16268066,787.2899263,986.3220684,69.74050193,14.54380194,80.40602076,0.05208672,0.266666667,0.006487545,2
1079.324074,45.05182752,486.2552203,737.5900263,51.24425798,10.63285789,63.51719838,-0.430447417,0,0.008442208,2
774.0141322,40.52121412,313.6399238,728.6977835,53.76910622,10.17832582,39.51337739,0.570534015,0,0.008911095,2
2113.478357,55.5501068,1174.039485,780.5035371,43.46328336,14.5698622,65.61141782,1.116872819,1.066666667,0.008384345,2
1152.654622,54.19051505,624.6294767,700.7534675,42.13854453,10.31817823,42.91485291,0.555334647,0.133333333,0.008410727,2
8787.729857,10.24719702,900.4959923,925.6718151,88.99568733,18.39922428,351.0670562,-0.338584342,1.866666667,0.013485676,1
3672.808742,48.72757037,1789.670465,783.7131568,49.022716,19.18082583,116.9084485,-0.146783388,3.066666667,0.013376128,2
6374.075702,13.04793677,831.6853671,951.2080166,85.76967336,18.1574909,263.017618,-0.422598627,2.8,0.014155907,2
4054.492014,34.02255645,1379.441834,796.6473953,64.92238981,16.61007747,131.3063152,0.247918694,2.333333333,0.011511841,2
3749.30127,27.53859889,1032.505038,870.9956728,72.04805104,15.98905848,96.60455658,-0.782254,0.2,0.008777475,2
795.557983,30.56455072,243.1587232,770.5313673,65.59612297,9.116185871,47.2675254,-0.111788475,0,0.007545524,1
2134.728542,21.4558736,458.0246577,616.6641209,76.79344804,8.949014984,72.31117171,5.696049302,0.2,0.007606803,2
4918.208121,40.0453866,1969.515456,1017.212303,59.87956624,22.28395524,94.83771817,-0.465883596,2.466666667,0.009259831,2
3796.079974,34.96785502,1327.407742,879.9700357,64.40088326,17.02738044,110.100672,0.147772004,2.066666667,0.009636946,3
1751.429273,58.1818512,1019.013974,811.3378271,40.94297488,13.30870998,57.69076951,-0.281568156,0,0.007262741,1
2865.454652,40.13955526,1150.180753,651.4081048,57.45837163,14.1406363,89.37996615,1.314006117,1.466666667,0.01329882,2
3604.061669,35.13733101,1266.371078,929.046007,64.52651993,18.23012774,112.5883906,-0.203567482,1.066666667,0.009803047,1
5222.103122,18.39916623,960.823434,863.3078115,80.97057974,15.66848291,247.0113669,-0.534493604,1.2,0.009359173,3
2929.765745,10.64654609,311.9188604,689.7831971,88.70539366,8.445755548,228.2568596,0.591818199,0.266666667,0.007108129,2
3302.200992,31.97114664,1055.751521,978.6942637,67.66869789,17.92625814,148.5905821,0.602581401,1.4,0.009624611,2
2331.029674,66.72707254,1555.427861,844.0387997,32.17170135,19.62497676,59.05702718,-0.483355529,0.2,0.012093883,3
2899.971781,30.91564262,896.5449117,817.6634028,64.87927111,17.66980251,121.6055734,-0.432607646,2.066666667,0.015530877,2
533.5987227,46.58126279,248.5570233,708.2704107,45.23419931,9.274926324,31.1972343,0.857135937,0,0.009226262,2
2161.434698,35.09971377,758.6573924,860.1005032,63.65584375,14.28200006,63.37652907,0.084194257,0.533333333,0.009057845,2
1666.574177,35.84533137,597.3890364,892.69621,63.27490922,12.20052775,94.53148828,0.073396623,0,0.00738688,2
3459.015803,66.39564341,2296.635798,733.1276534,31.21935439,20.70135217,79.03827701,-0.634765389,0.733333333,0.014500359,1
3163.038963,29.11046415,920.7753232,818.9125145,70.34853194,14.00199031,109.1608462,-0.563162853,0.133333333,0.008010588,1
2160.86829,19.29336942,416.904302,922.5034607,80.51983095,10.87244463,64.16033443,-0.344628213,0,0.005008627,2
801.7690425,32.44031522,260.0964047,771.6348172,63.06076049,9.365610589,44.96742562,-0.061233132,0,0.007729928,1
1499.319493,29.01381377,435.0097655,722.2062913,69.21495494,9.518825699,51.62706181,-0.278708999,0,0.006922303,2
4504.16886,22.15078818,997.7089034,1086.656375,77.81291087,17.19875232,147.926535,-0.425487831,0.933333333,0.005913694,3
3311.727359,61.4384302,2034.673302,850.1127218,37.39557705,21.8243402,89.62776411,0.125998542,1.2,0.013642734,1
2460.519182,65.66783832,1615.769759,840.8994968,33.21258595,19.35963208,61.11026056,-0.475716708,0.2,0.01196527,3
4025.870754,30.23240092,1217.117387,1069.761869,69.74827906,17.91517877,89.75849691,-0.189020914,0.866666667,0.006757382,1
575.0744715,35.75743282,205.6318678,777.2142659,60.55172932,7.525895749,48.99424348,2.594586913,0,0.006211916,2
4634.452179,48.25437899,2236.326118,989.3367009,51.47438969,22.38870442,124.8445918,-0.639078407,1.666666667,0.009628366,2
2783.02588,54.36328672,1512.944338,785.3541625,44.93393689,15.03407608,94.07054715,0.823610747,0.466666667,0.008189468,1
2490.303234,29.98998219,746.8414964,776.9477155,68.39140461,12.95718152,99.2028398,2.253165482,0.333333333,0.009162842,2
1782.113931,55.96767225,997.4076842,807.7947619,43.1745466,13.06489017,56.46566629,-0.336078502,0,0.007071356,1
3257.176892,70.40844764,2293.327687,713.1557789,25.33756325,22.21677261,72.44767799,-0.410344129,1.266666667,0.017267396,1
1320.353313,50.09908012,661.4848644,612.4688039,45.22207999,10.65103288,46.95335426,7.250351569,0.6,0.010224415,2
2209.519102,29.2684857,646.6927825,809.8372473,69.82565362,12.28196029,94.66370189,0.45765135,0,0.007529196,1
4306.118545,22.95291105,988.3795593,1145.816701,77.02432178,18.12084163,169.6637885,-0.230966505,1.2,0.006420403,1
3506.300141,67.04598221,2350.833369,725.3017252,29.03695638,22.66626998,78.64463367,-0.565494144,1.8,0.017307631,1
2170.764895,27.04403044,587.0623189,877.373677,72.25923056,13.35654831,83.58273132,-0.013760222,0.133333333,0.008127944,2
3668.413363,31.79119483,1166.232439,919.0680808,67.79837255,17.93516063,117.4421277,-0.474468575,0.666666667,0.009900386,1
4895.280931,20.5013198,1003.597199,649.965353,78.09570927,13.95268098,125.790927,0.188486821,0.733333333,0.020145676,2
2032.351477,35.62220992,723.9685093,856.9158082,62.95355788,14.2848401,62.93481364,0.275473246,0.466666667,0.009287907,2
6467.40152,30.81728349,1993.077461,997.2605911,69.12279187,22.60319539,125.6170222,2.272950615,3,0.009444187,1
9694.057703,4.85759532,470.8980933,1186.851012,95.13144551,16.99814432,291.2587616,-0.645633986,2.6,0.00461954,3
1512.863227,60.98590813,922.6333776,787.4822847,37.92009847,12.08990098,51.21407221,-0.224631234,0,0.006530853,2
2915.31779,27.46249976,800.619141,899.4355927,72.45682923,12.88170791,74.24216119,-0.323064914,0.133333333,0.004752057,2
1081.316085,54.77705966,592.3131571,699.2465548,41.77830496,10.16941948,42.16157134,0.674033869,0.133333333,0.00831096,2
2641.566388,20.34259937,537.3632676,898.5198792,79.38398877,11.79419686,76.62899053,1.706340655,0.133333333,0.005470179,2
1773.076369,21.99380356,389.9669335,614.522249,76.21467526,8.691020192,71.01843895,6.578401401,0.2,0.007507016,2
2017.191556,21.20617565,427.7691845,616.2838613,76.92100277,9.051960267,72.84141839,5.516929747,0.2,0.007780469,2
2113.162882,24.37754074,515.1371425,836.4756173,74.52645781,11.89632132,61.96645308,-0.041070011,0.2,0.007509013,3
4730.443165,46.9567927,2221.264391,1053.295528,52.95328823,23.00955567,94.2438218,-0.293964795,3,0.009373426,2
2592.318547,22.57344459,585.1755908,954.1987087,77.33756441,12.29012883,65.68382849,0.27612425,0.4,0.004896587,3
2334.337458,17.44447325,407.2128734,805.3950593,81.04642621,11.60581719,63.84033042,0.108026359,0,0.007905965,2
2653.239734,48.82976701,1295.57078,743.8612944,48.42571677,16.15651451,92.140487,4.795685796,1.266666667,0.01351708,2
1169.992644,50.21680984,587.5329812,746.623881,40.90960942,14.59772753,45.18811051,-0.306137329,0.066666667,0.013672516,1
3381.050953,38.99377309,1318.399337,814.4385338,60.09837554,16.5182822,110.6086731,-0.499469045,2.266666667,0.01027715,2
2280.115233,23.44927694,534.6705355,866.4684177,75.39062465,13.02118839,73.89462671,-0.112222712,0.066666667,0.008153998,3
2457.844069,23.0401364,566.2906261,924.7240695,76.79994374,11.84935401,83.5318084,-0.635115121,0.133333333,0.004809171,3
1790.852509,38.23185309,684.6761002,977.0469029,61.61343746,12.94829116,62.64556244,0.443303984,0.2,0.006042549,2
1248.496534,19.244205,240.2632325,838.0510422,79.25915045,8.506487602,51.69512227,1.226381785,0,0.005853078,2
2446.130292,14.25544104,348.7066614,730.0940524,84.42680144,9.790861285,73.38929037,5.362581446,0,0.007839771,2
2361.457323,27.12355767,640.5112388,955.3265053,72.76337267,12.86548661,76.51384347,0.262952567,0.2,0.005425503,2
4732.045136,54.2500321,2567.136005,1030.620525,45.67873393,24.43642272,96.9425157,-0.173127958,3.466666667,0.009902441,2
3408.89942,71.59108572,2440.468106,726.1711088,24.30435609,22.89319126,72.84290763,-0.374400673,1.6,0.017124705,1
2597.198684,43.14572628,1120.580235,796.0662707,55.79801176,14.02793087,71.34214361,4.963175206,0.133333333,0.008296119,2
3512.989702,70.78145055,2486.545069,731.6842406,25.95303486,22.10177446,74.90679017,-0.519349261,1.133333333,0.015969859,1
2360.092699,27.31348396,644.6235406,776.5989682,71.21703306,12.02831393,63.86418394,0.102455764,0.133333333,0.00810517,2
3092.439778,22.7423339,703.2929799,882.9125237,75.99712419,14.32570418,102.9002835,0.663223986,0.933333333,0.00953105,2
4461.578927,11.76219821,524.7797569,1222.098426,88.2055009,15.43579963,293.4542168,-0.623957939,0.933333333,0.005578978,1
2154.440694,27.5099369,592.6852754,803.9043021,71.74688323,11.96250826,98.86204764,0.321577416,0,0.007115854,1
8994.884953,11.6208982,1045.286424,900.998857,88.12161257,17.66952491,215.3786715,3.201707083,2.4,0.009037897,2
6196.189721,11.8611393,734.9386944,942.3566785,88.06908999,15.27019818,154.6049206,1.366453098,1.066666667,0.005845493,3
1524.748667,37.05140865,564.9408596,737.4172219,60.38162822,10.81725852,72.95891791,2.196346992,0,0.008840352,2
1342.966148,55.26141314,742.1420713,777.5721164,43.59722862,11.1896354,49.50820994,-0.244507816,0,0.00639085,2
2541.75421,37.26636819,947.2194822,798.1179899,61.23277316,14.26691485,63.71278636,0.033821948,0.6,0.009255305,2
3536.462707,21.84602207,772.5764235,1061.302345,78.1205917,14.71967081,133.6029904,0.476036506,0.466666667,0.005055695,3
5874.493337,20.88681611,1226.994621,996.9531512,78.98099233,17.72925766,155.528194,-0.111468757,2.266666667,0.007566413,3
4514.122014,49.47737159,2233.468923,1031.129711,50.44663855,22.79345387,94.09821114,-0.407268754,1.933333333,0.009370277,2
3913.346348,51.03177312,1997.05003,1005.369811,48.77174198,22.68542866,99.5349821,1.234168831,2.533333333,0.011218208,1
1476.402691,57.97363666,855.9243314,792.020802,41.02694399,12.10601793,51.16149316,-0.076186935,0.266666667,0.006865368,2
1129.738278,45.7722478,517.1066039,778.9798149,49.40699711,12.5843099,50.83464688,-0.078064033,0,0.010162632,2
1601.3566,55.19102118,883.8050604,779.4836173,43.83657463,11.93897587,51.66105992,0.026529771,0,0.006390902,2
1495.330806,24.38876851,364.6927686,754.3127711,73.79329944,9.863708621,56.61171835,0.693309352,0,0.007200491,1
1148.597929,54.6662221,627.895095,759.1713822,36.86822759,14.53386603,44.24558614,0.076795141,0,0.013079752,1
2240.583291,35.05545816,785.4467381,864.8816964,64.24449621,13.09997051,76.84101747,2.425582693,0.266666667,0.007433971,3
1191.648033,62.55320996,745.4140962,782.4395518,36.12406931,11.03267398,44.6775795,-0.015008559,0,0.006611147,2
5928.518483,10.51846899,623.5893782,1036.685079,89.14544113,16.50209292,295.7778725,-0.964737622,1.666666667,0.012481508,1
1018.722334,38.80839149,395.3497515,783.5962381,57.56335345,11.70914069,52.17376632,-0.128848731,0,0.009559161,1
4435.015978,18.26902369,810.2341198,855.6828214,80.74588649,16.15951497,117.8296814,4.924188189,1.2,0.011305636,3
2687.109938,39.80122469,1069.502664,799.0982853,59.30875646,13.90356127,71.83721474,2.478741695,0.133333333,0.008001659,2
1039.703435,37.87635217,393.8017345,788.853227,59.3491224,10.97908491,52.69201633,1.467774309,0.266666667,0.008582982,1
3338.856775,41.60202953,1389.032182,937.6979293,57.84871214,19.87710447,71.98946004,0.31287866,1,0.011343354,1
833.5691361,30.61130494,255.1663901,773.2474357,65.63915597,9.051932121,46.66092927,-0.266169526,0,0.00739739,1
4117.181091,34.28836054,1411.713897,716.906724,61.92286563,18.55933586,129.8792783,-0.969022263,2.466666667,0.017601069,2
7087.825614,17.40419882,1233.579262,604.9893246,79.87230605,17.85098229,154.2114402,0.214491594,2.133333333,0.020797567,2
1546.169844,16.20705202,250.5885509,634.9357081,81.34566427,8.316634073,102.3690672,6.193803143,0,0.008999719,2
3272.675285,24.91623944,815.4276099,945.8034723,74.73177143,14.32975415,97.96228528,0.12076557,0.4,0.007144499,3
2806.137945,22.08898636,619.8474279,901.3900469,77.80445686,12.27685113,67.62984307,-0.283208587,0,0.004306175,2
4780.50066,23.0886333,1103.752267,1060.553255,76.87804927,17.65577513,104.9736692,-0.043092935,0.733333333,0.006934751,1
2982.693728,43.69129799,1303.177605,985.7540468,56.00156776,18.5119589,85.87093397,0.895522959,1.266666667,0.009279954,3
3478.254484,17.56556174,610.9749389,944.4499221,82.36874198,13.13330277,91.85701407,-0.225734099,0,0.004580434,1
8881.930659,6.731445178,597.8822931,1126.476193,92.72215282,18.68804721,381.1096306,-0.550526065,2.733333333,0.015638331,3
5583.593991,2.277994246,127.1939498,1318.554986,97.65311068,12.65748243,534.704124,-1.617868019,1,0.004786927,2
1209.157361,64.69247132,782.2337793,781.8997313,34.03463456,11.07345134,42.79314222,0.214444313,0,0.006584817,2
3315.363321,32.06679287,1063.130689,892.8355159,67.52084355,16.01439795,94.0665662,-0.438882374,0.266666667,0.008740174,2
1813.218271,32.99887382,598.3416094,812.1823124,63.72524152,14.45831541,61.29583758,-0.1989956,0.066666667,0.011382429,1
10433.59876,12.68354128,1323.349806,1021.234879,87.2484291,21.38703212,205.5882764,0.221964422,3.933333333,0.008047504,1
3893.47704,30.1399062,1173.490328,919.3384577,69.46355309,17.93252987,117.6156537,-0.477731462,0.666666667,0.009925942,1
2151.577274,37.7140114,811.4460984,773.0661528,60.95864852,13.2498773,87.0336957,0.545790058,0.6,0.009097459,1
2186.426641,23.72737691,518.7816899,753.8180236,75.17000523,10.52893666,79.20748036,0.028048798,0,0.007322163,2
3007.660119,31.86522959,958.3978022,747.6739807,67.24769104,13.29648464,86.19342932,0.313021407,0.4,0.008126334,2
1772.223097,57.27958919,1015.12211,808.5717096,41.79247089,13.45269864,60.94422206,-0.247740416,0,0.007388808,1
2583.909072,49.18929532,1271.006664,844.1294413,50.44794817,14.92440206,68.18809099,0.181120543,0.2,0.007485855,1
2168.262708,19.43319651,421.3627529,917.2590009,80.37304687,10.88426983,64.90039741,-0.269377398,0,0.005119768,2
6127.249628,13.92467918,853.1998536,959.1504758,86.01219785,16.81160349,178.2405313,-0.683030611,1.2,0.006763363,3
703.6919059,38.37098894,270.0135434,729.5946073,55.52408802,10.04175308,36.13923822,0.590363856,0,0.009070879,2
6304.765712,9.89075898,623.5891809,971.771633,90.01452621,15.69748864,184.434594,-0.889414278,0.8,0.005928902,3
4427.664167,30.68412581,1358.590044,887.8139934,68.40368158,17.77454425,107.9024907,1.415607602,2.066666667,0.010573509,3
1825.121995,26.82614789,489.6099257,768.1006038,71.3623269,11.14101213,56.57237729,0.536996314,0.2,0.007876262,2
775.0589827,30.90082852,239.4996471,775.4274325,65.33295268,9.064419166,44.72183736,0.029011342,0,0.00746088,1
2456.335744,21.4036075,525.7444614,929.6104674,78.35096706,12.31199973,68.82991066,-0.138786927,0.133333333,0.006008831,2
2672.938851,17.41520666,465.4978248,813.0829775,81.5765689,11.13023713,81.81666434,1.210269296,0,0.007249022,2
2347.819803,42.65637134,1001.494734,744.8764603,54.96259129,13.78579193,105.1315208,2.735405582,0.2,0.010237545,3
794.2857192,35.28615905,280.2729222,882.3414477,63.0843624,8.953308716,54.52110155,-0.315112472,0,0.005956556,1
2116.46895,47.11021454,997.0730629,853.9227565,51.35210263,15.81215653,68.18377002,1.913617514,0.6,0.009922586,2
1122.195062,55.3847073,621.5244506,701.598466,41.92189082,10.42016685,42.56446493,0.693509284,0.133333333,0.008516847,2
2368.356697,26.17432861,619.9014646,874.166362,73.31040461,13.24749271,79.61293476,-0.033869693,0.466666667,0.008043608,2
700.8896279,40.14085431,281.3430844,764.6601794,54.85686061,9.492339258,39.97224533,-0.049527161,0,0.007898498,1
2216.481964,39.90764962,884.545856,809.6559986,58.14566771,14.66677478,77.06693691,1.193912217,0.866666667,0.010240419,1
1894.605902,26.48265593,501.7419624,924.7422479,73.01628063,12.16018405,64.72257127,-0.069414789,0.133333333,0.006343435,2
3247.556624,58.66982529,1905.335797,704.5256224,37.80303953,20.6123533,72.65003689,0.53867051,1.2,0.016608981,2
1445.172462,29.86514809,431.6028958,763.4122795,68.78092634,9.48520568,57.08637847,-0.317768507,0,0.006145261,1
3986.622273,11.87236617,473.3063939,1208.757991,88.07464712,14.85554918,299.1416247,-0.762647987,0.533333333,0.006309126,1
1979.718575,64.26863883,1272.338181,834.9364881,35.10146131,14.61824054,57.84710414,-0.472816569,0,0.007639206,1
3497.690616,28.74809511,1005.519425,840.9243718,70.41268697,14.81984932,130.5083049,1.467753313,1.8,0.010085951,2
7634.129276,11.61607117,886.7858902,763.7166821,87.04343056,16.21533576,209.5496136,0.024204946,1.533333333,0.015224009,1
1530.372463,43.92325051,672.1893305,841.6165427,54.19168144,13.53151768,53.22529739,2.063704267,0.266666667,0.009045444,2
2316.850991,31.11165308,720.8106426,802.0955997,67.56211225,13.32254203,66.02691984,0.008601232,0.333333333,0.008501954,2
4931.853809,16.69542676,823.3940408,957.0806762,83.14473615,15.99849088,159.1804586,-0.802734488,1.2,0.006306248,3
4452.640002,25.3723227,1129.73819,781.6963694,73.40638237,15.88559244,293.1355627,-0.247996218,1.466666667,0.021979439,2
1521.199177,60.15964355,915.1480028,793.5750279,38.86725307,11.98590124,50.99389718,-0.119426747,0.133333333,0.006688726,2
809.2214077,32.38748132,262.0864322,771.5842634,63.04880656,9.377129807,44.94800462,-0.058025564,0,0.007728577,1
2865.847996,16.31980122,467.7006961,786.349815,82.78715275,11.20329248,73.21492946,0.827612147,0,0.007331524,2
5344.312671,20.94678139,1119.461492,651.0397519,77.7632357,15.27054495,133.0592184,-0.188909356,1.266666667,0.020505519,2
4649.870835,16.81338422,781.8006491,1031.360497,83.11364637,15.71255149,152.1343934,-0.902467366,0.666666667,0.005585275,3
2143.230625,30.12136671,645.5703561,775.3195128,68.128941,12.02208301,61.88527216,-0.055902525,0.133333333,0.008259331,2
4281.402204,47.55788352,2036.144273,1075.804679,52.40216724,21.97295774,96.18266292,-0.333944593,1.6,0.008511356,2
2423.045569,37.00160991,896.5658693,977.1646026,62.7418771,15.12160021,105.4672032,0.915023197,0.6,0.007489176,3
2724.451844,26.00827875,708.5830299,722.3425093,70.38913826,14.74749633,64.54233481,12.42764777,0.933333333,0.012731675,2
3632.626931,21.56636111,783.4254418,930.5571293,78.37447321,13.92410639,79.79060092,-0.432730371,0,0.004612501,1
4894.193704,63.0576046,3086.161314,788.0067989,34.45184771,26.25758993,85.61295312,-0.578082537,3.933333333,0.017676119,1
1228.126352,21.59130578,265.1685161,828.7023646,76.81857778,8.66714485,59.82782521,1.010009285,0,0.0059436,2
3434.760427,58.78136521,2018.999071,865.9209181,40.23037079,21.70638049,92.0857071,-0.04077861,1.2,0.013247564,1
577.3496218,36.32433279,209.7183979,777.1918292,60.00850726,7.533061121,48.99229043,2.593154919,0,0.006214219,2
4833.382779,24.65445863,1191.644358,954.4344561,75.22539196,17.01900818,127.0096002,-0.880198473,1.2,0.006926437,2
1910.023628,33.04101339,631.0911629,847.6583792,64.8743033,14.31176804,92.65898363,4.163837987,0.333333333,0.011197836,3
8549.094948,5.621180819,480.5600854,1061.662245,94.26040592,16.53410163,302.8037766,-1.07025917,1.6,0.007382405,2
5213.191826,29.25817772,1525.284929,1081.68491,70.72335497,20.62784906,104.4434256,0.007608452,2.4,0.007841334,1
2373.370066,34.60692713,821.3504491,802.5501016,63.8290681,13.7766918,63.03472868,-0.231885983,0.533333333,0.00896732,2
4248.773965,39.16926355,1664.213472,1068.125167,60.79947502,20.7097355,99.80975112,0.942570485,1,0.008491067,3
2017.939834,21.09454239,425.6751735,852.291454,78.32818828,10.68541374,71.05833626,1.461018235,0,0.005744379,2
3417.804205,61.59544666,2105.211766,722.702366,35.3018438,20.56253596,84.94546152,-0.735907817,1.333333333,0.014754092,1
2102.992217,24.88940392,523.4222271,891.1756155,74.90997491,11.26673479,64.34541917,-0.316203752,0,0.004468615,2
3840.603002,38.7385748,1487.794867,736.711932,57.58325077,19.75668554,144.2083924,-1.189109883,3.066666667,0.018205345,2
2446.900591,35.74485505,874.6410695,940.5176326,63.85808686,14.86855549,91.45393336,1.502684112,0.6,0.008006334,3
2450.342878,24.18689012,592.6617393,839.7804496,74.43363341,12.76787152,66.52884548,-0.170180466,0.266666667,0.008233203,3
3891.423012,38.31641235,1491.053687,796.6950709,60.63996731,16.9445445,131.0680865,0.287108991,2.333333333,0.011649765,2
2940.668328,34.14478975,1004.085018,628.8450461,58.44391064,17.95996563,126.0480053,0.432303667,2.066666667,0.023361978,2
2830.488915,27.43754475,776.6166627,864.5953013,71.97801294,13.19990895,92.34380557,1.268353468,0.4,0.007544355,3
3122.54696,46.50436188,1452.120538,801.3950648,51.79885529,18.61353665,66.98763704,-0.497483815,0.2,0.01239098,2
2101.885282,24.54623635,515.9337291,834.2013885,74.24841685,11.92466443,61.18319408,0.020448665,0.2,0.007634925,3
3968.683576,42.28730763,1678.249433,999.2598962,57.5183486,21.23812555,89.9490016,0.111101538,1,0.010586816,1
2366.119875,55.12597542,1304.34666,681.7767972,39.59832003,15.15286322,80.7541079,2.90494441,1.6,0.01375075,2
3787.889418,20.19864168,765.1022106,810.0315446,79.16425716,12.85031883,121.5895066,0.10620362,0.933333333,0.008107493,2
1358.619614,50.63045992,687.8753591,618.6599087,44.84675031,10.61248665,45.43684424,7.409180768,0.6,0.010116876,2
2221.054342,56.38689725,1252.38363,799.2718247,43.01333412,14.07464331,81.12380689,0.968371825,0,0.007329525,1
2686.137541,22.79699283,612.3585828,886.1662091,77.05592844,12.12507016,65.43700458,-0.218051283,0,0.004504554,2
8736.391827,7.030956165,614.2518797,1114.673152,92.57936964,18.34368146,385.021482,-0.672656285,2.533333333,0.01550761,3
4093.676961,17.53944317,718.0081441,982.3324255,82.34172832,14.7160218,135.5692093,-0.425431013,0.466666667,0.005792996,3
3982.308983,69.62259382,2772.586808,755.4926892,26.81789769,24.25445769,81.41042131,-0.63559491,2.6,0.017622748,1
2058.383189,27.52157397,566.4994519,844.2235436,71.05413522,13.73401832,65.91224473,1.891359514,0.133333333,0.009948077,3
3668.182167,33.40713803,1225.43468,618.2158392,61.45583983,17.19737675,112.0916934,-0.494440426,2.6,0.021765701,2
2407.780016,26.70506926,642.999321,845.2020429,72.17292169,13.28739841,67.98978445,-0.098356116,0.266666667,0.008436597,3
1271.971818,27.31782506,347.475036,837.2458388,71.72554166,9.28514714,70.19875502,0.856060031,0.066666667,0.006151124,1
2466.091471,43.1290758,1063.60246,885.8348439,55.8039229,16.63965726,77.73335182,1.035799537,0.466666667,0.009993165,2
721.382724,41.20261894,297.2285749,728.0610017,53.24886864,9.927695067,36.95404425,0.431917008,0,0.008960303,2
5105.883415,15.49048412,790.9260598,838.0374401,83.62483543,15.33894425,117.5326512,5.215705376,1.133333333,0.010954133,3
1983.393275,57.33691104,1137.216438,830.1192101,41.9335814,14.48394862,60.81079875,-0.155931791,0.133333333,0.007815803,1
1408.645962,42.20690572,594.5458732,849.2149429,54.25419438,14.12060016,57.35045369,-0.309763655,0,0.010179674,3
2096.263851,31.26654211,655.4292197,845.456301,66.30568212,14.47130307,86.85362341,0.983884627,0.066666667,0.010319265,3
2443.954237,39.22438777,958.6260869,868.9982118,59.34278077,15.52736478,74.05664246,1.677562414,0.4,0.009720998,2
2164.389296,60.02205072,1299.110841,807.7899236,37.61100767,18.76267232,62.67384056,-0.194535209,0,0.013333721,2
4322.045789,24.65107093,1065.430573,1062.130902,75.27259499,17.45928897,163.0487213,-0.935077334,0.533333333,0.00650869,3
3016.013053,32.04974544,966.6245056,768.2145824,67.12603748,13.30132946,96.24149624,0.517930827,0.666666667,0.008379831,2
5057.679717,10.29982625,520.9322231,882.4261504,89.35543002,12.74573701,374.6295165,-0.563543753,0.466666667,0.010001157,2
677.212403,50.05384558,338.9708504,724.6750807,44.3120414,9.781712918,34.40988126,0.887998503,0,0.0087008,2
1895.531642,66.1790224,1254.44431,806.8452717,31.3656545,18.58896117,55.67491707,-0.276184153,0.2,0.012813666,2
716.294511,40.69495373,291.4957198,728.610092,53.30027613,10.07742657,37.07795644,0.730460674,0,0.009118346,2
4608.982747,36.53865382,1684.060251,906.2321517,63.0217328,18.0462463,115.1062883,0.582911688,2.533333333,0.009107518,3
3137.417958,41.90602795,1314.767247,980.6938327,57.72859289,18.27765041,88.51169448,0.494433037,1.266666667,0.009166665,3
621.6874513,40.65454829,252.7442251,709.8910858,52.04089251,9.299365191,34.81096971,0.583925069,0,0.008990796,2
3267.514138,71.46639383,2335.174522,715.4125868,24.07863219,22.33506351,71.86023054,-0.3994899,1.266666667,0.01735001,1
3081.883952,59.35127847,1829.137527,701.4897434,36.21902851,20.34153988,72.27893175,1.380612087,1.2,0.016887613,2
4580.676497,21.72088354,994.9634075,1092.038588,78.20163737,17.80386576,159.4545077,-0.488419796,0.533333333,0.006536049,3
4373.490443,14.17850739,620.0956655,961.8266215,85.6436833,14.72421805,164.3096655,-0.845472101,0.6,0.005916869,3
4537.234917,38.8935618,1764.692266,973.716036,60.73573437,22.21606534,150.3099336,-0.714183178,4.133333333,0.011095165,3
1513.719428,27.08097001,409.9299043,764.2335296,71.54810734,9.466142495,58.92425938,0.108072497,0,0.006573726,1
1807.616795,37.17712476,672.0199508,789.3683179,59.89848003,14.41795082,89.83139679,2.826908215,0.466666667,0.011193033,2
2477.147452,64.84467884,1606.29831,672.1114838,30.53973981,17.85622425,64.39762667,0.301702922,0.4,0.015163855,2
5368.358798,22.74217033,1220.881301,650.4194932,75.89473894,15.73298279,139.443721,-0.38883023,1.266666667,0.022287389,2
2710.980107,11.09651306,300.8242615,689.6349503,88.15828653,8.44572503,228.3474479,0.590640179,0.266666667,0.00710812,2
1621.983601,55.7470788,904.2084761,779.5467315,43.30054822,11.94082666,51.6202508,0.031951024,0,0.006394782,2
3014.232829,47.3716213,1427.890961,745.2195573,50.60448416,16.59290323,97.331366,3.543149597,1.266666667,0.013279359,2
3300.472857,25.96393598,856.9326596,966.5331748,73.73509747,14.80053559,99.82826342,0.281124597,0.4,0.007221501,3
4472.884149,46.24200873,2068.351479,905.2238097,53.24510193,21.99244203,133.5889722,0.161923656,3.8,0.013225612,3
1274.303452,59.04314656,752.3888547,781.4049887,39.83259955,11.09645334,49.19179406,-0.370691213,0,0.006292881,2
7937.71161,13.30402153,1056.034862,991.0141989,86.26021399,17.99111535,223.3853937,1.419494871,2.133333333,0.011637622,3
1317.985343,55.2132505,727.7025488,771.798813,43.57229447,11.05925778,45.37506132,-0.097697538,0,0.006307903,2
1130.634787,33.59992571,379.8924486,903.3106401,65.52262092,10.25637151,46.51484867,0.293750688,0.066666667,0.00638176,1
4004.560768,27.27839127,1092.379755,1032.768723,72.62356029,17.22417369,170.2404245,-0.833935483,0.866666667,0.007204815,1
438.5260038,48.43142016,212.3843714,780.8623839,47.66116361,7.348272134,47.50328195,0.679989044,0,0.005733787,2
3769.801116,25.90086841,976.4112265,986.2471651,73.75407111,18.09027519,150.422931,0.374668444,1.4,0.009479736,2
2688.099922,48.21501066,1296.067664,898.2161123,51.26930184,16.31857886,84.48681482,0.354289745,0.2,0.008720056,1
1435.956585,38.04025016,546.2414772,929.8507564,61.38510074,12.02158137,67.56053773,0.25261946,0,0.006385944,2
3953.248345,38.17388461,1509.108462,874.9302141,60.98624175,18.63531727,93.45020449,1.106211685,1.866666667,0.011475362,1
7678.704173,6.88745643,528.8674043,1118.5286,92.50475776,17.9358093,396.9123578,-0.721876623,2.2,0.01561004,3
1868.12605,54.57779594,1019.582024,806.8293202,44.4526143,13.68674122,62.29693872,-0.37226487,0,0.007515914,1
2734.806863,56.97335324,1558.111174,847.6523711,41.69495753,20.00256304,66.64610652,0.155237281,1.866666667,0.012879573,1
4200.269213,46.79201512,1965.390605,981.9789178,53.02740208,22.35366583,117.8245989,-0.223160708,2.133333333,0.011050388,1
3609.931383,32.83121784,1185.184436,916.3610562,66.29902632,18.17214571,114.9592986,0.713561761,1.733333333,0.010792084,2
1171.486942,44.87098341,525.6577116,942.1481608,54.62987965,10.99408229,71.41301433,0.31267476,0.2,0.005916399,3
5448.932063,37.26233509,2030.399324,1055.318633,62.68252161,22.6512953,137.4881127,0.512634197,2.733333333,0.008970537,1
6108.048272,14.47113582,883.9039611,1007.617198,84.5655898,17.6010526,403.1812803,-1.372140219,2.266666667,0.012893541,2
6707.633512,9.942003197,666.8731382,815.7338027,89.23725132,15.7646585,254.3841566,0.348026935,1.533333333,0.011895484,1
3519.166579,41.15043855,1448.152481,1001.91188,58.65510611,18.11419865,159.4394327,-1.203670249,1.266666667,0.007717792,2
1886.627108,20.77747347,391.9934468,730.8320859,77.80947176,9.948930678,61.93562664,-0.101371864,0,0.007345084,2
1594.311746,24.73355366,394.3299512,705.5569776,73.65887891,9.046932303,80.05843528,1.910926057,0,0.007100266,2
2613.751901,22.89856202,598.5116002,886.5322748,76.93438187,12.09594838,65.43266533,-0.217012228,0,0.004495191,2
8705.106773,10.79099838,939.3679306,1117.013213,88.80905182,20.24826632,395.631523,-0.954073883,3.266666667,0.012486418,2
3200.285912,19.54632714,625.5383537,792.4163773,79.44009999,12.44276272,79.86579551,0.268938193,0.133333333,0.008049855,2
2854.008439,52.41172718,1495.835117,1025.565909,47.45711056,19.08829023,72.09975028,-0.273321768,0.533333333,0.008702155,1
2917.051325,30.63592746,893.6657279,880.8059355,68.96816037,14.24919963,92.21963976,1.652772623,0.533333333,0.007441889,3
1907.206755,26.78629295,510.8699886,929.1581142,72.74681054,12.1436755,65.98482428,-0.039488525,0.133333333,0.006352375,2
2172.574052,32.99067547,716.7468551,792.9304266,65.95615259,12.26739064,72.47149848,0.02239007,0,0.007795522,1
1672.77647,34.54000384,577.7770571,842.124495,64.77988716,11.20236719,88.61794152,3.436065973,0.133333333,0.006145002,2
1727.744139,62.76825019,1084.474764,817.9847702,35.09667232,18.13174678,53.12873551,0.030000947,0.066666667,0.012613472,2
4220.884438,13.44173834,567.3602419,731.7644944,86.06225116,10.82588836,243.1963612,-0.785414702,0.866666667,0.007351019,2
1098.391532,54.97975753,603.8930011,748.4380417,35.68209922,14.74789773,43.01571723,-0.265214367,0.066666667,0.013864958,1
2006.960611,22.59986253,453.5703391,892.5313561,76.86878451,11.03512551,72.34654046,0.477514622,0,0.005841421,2
1100.452787,45.44505119,500.1013326,725.8710014,50.2413865,10.97266193,71.27713388,-0.475740356,0,0.009789052,2
4392.980688,14.25987136,626.4333949,764.5161368,84.88274123,14.06750278,323.9981921,1.219051901,0.866666667,0.01988849,2
2493.354718,25.82455569,643.8977778,839.7572912,73.1640526,13.14272856,71.82761762,-0.118991004,0.066666667,0.008100615,3
5982.114653,7.256843848,434.1127192,1214.578163,92.64811654,16.7246951,292.9692303,-0.808301251,1.733333333,0.00641703,3
3993.84985,68.64008761,2741.382036,750.5644862,28.31675124,23.74925895,79.77482155,-0.723151966,3.266666667,0.017128962,1
3822.905885,54.7568934,2093.3045,885.954165,44.32994596,21.91792054,98.00229546,0.087943425,1.2,0.012619666,1
630.6314012,42.79030468,269.849098,707.4132751,49.68372607,9.30411667,33.57682013,0.694619491,0,0.009164569,2
2822.099923,15.94494077,449.9821611,756.3022289,83.39808806,10.88870752,193.9799821,1.220433242,0.2,0.009443645,2
779.3432136,40.99845355,319.5186654,758.6153076,54.13626593,9.663439726,56.53988883,-0.845534798,0,0.008241311,2
8790.405199,10.65994409,937.0522791,881.6863388,88.47859663,17.74854319,291.979006,-0.432309232,1.6,0.013412855,1
2798.904415,56.41179251,1578.912151,829.6409412,41.54834886,21.14902363,67.2407825,0.433762896,1.466666667,0.014514694,1
7162.692977,20.2601238,1451.170465,785.1090322,78.78725907,19.42808599,230.1041914,1.784446356,2.866666667,0.01388401,2
1909.836861,14.91334396,284.8205401,811.9256875,84.54768762,8.459392103,101.0827596,2.4230025,0,0.005043156,2
7560.724062,8.018775336,606.2774763,1034.092583,91.32676103,16.39742888,385.6102595,-0.775235797,1.533333333,0.011296924,1
1473.917633,28.56618587,421.0420507,764.2234412,69.85142654,9.546947978,58.31243433,0.121214212,0,0.006661888,1
7773.482739,7.986447869,620.8251465,1015.545379,91.35590397,16.42939275,389.7287084,-0.745103127,1.533333333,0.011421744,1
10591.81543,12.9129905,1367.720121,1016.811019,87.01107357,21.33176768,210.4895201,0.07406833,3.933333333,0.008045669,1
4349.796447,69.70271948,3031.926416,762.3652908,27.688394,25.34880023,89.25353459,-0.603475197,3.6,0.017946044,1
1796.100671,21.29963201,382.5628335,905.9908304,78.35131554,9.946242601,73.06901206,2.3623392,0,0.004791801,2
620.4117442,40.53036486,251.4551436,705.4834027,51.86784818,9.397496772,32.8921498,0.616199002,0,0.009214119,2
1616.143033,17.61951583,284.7565775,806.2829817,80.8420384,8.881553078,105.5104532,1.989209347,0,0.006544628,2
2573.372022,34.29551716,882.5512433,907.2127768,64.82029526,14.37506645,108.3953948,-0.658656623,0.733333333,0.008364396,3
3451.789995,50.84664866,1755.119531,991.7588198,48.82930227,21.35191906,97.22639227,0.837981349,1.133333333,0.011197236,1
1177.481791,62.70123941,738.2956769,781.3698171,35.93430795,11.13632579,44.94390713,0.013911679,0,0.00661184,2
9737.351306,4.845016395,471.7762672,1186.882703,95.14419979,17.00016317,291.2487683,-0.645597307,2.6,0.004619864,3
1433.60245,57.4580586,823.720136,785.8081061,41.6382606,11.71967857,50.05705713,-0.15910742,0.133333333,0.006556507,2
2157.521044,62.14748964,1340.845167,819.9006559,36.16459592,19.13934448,55.5913504,-0.254292541,0.333333333,0.012981672,2
3362.152807,23.9626734,805.6616963,930.3870101,75.95858569,13.86201336,77.56011234,-0.506479315,0,0.00484497,1
2236.739681,39.43467912,882.051116,955.5796713,60.15788629,14.54556239,98.56237266,0.980174894,0.6,0.007675952,3
2278.260588,28.10028823,640.1977918,857.3697254,71.57792688,12.3335529,64.88250386,-0.701930982,0.133333333,0.005510195,2
5968.42842,10.24786731,611.636625,1196.080871,89.74442898,17.14437295,189.5811327,-0.877045027,1.2,0.005134716,3
2674.611163,30.56713373,817.551971,812.7555887,68.59476846,13.9132616,78.1450737,0.018889636,0.4,0.00801198,2
2240.062819,24.63535441,551.8474145,831.0272615,74.50142711,11.89183776,74.13588224,0.09101998,0,0.007660424,2
1796.360505,37.59168611,675.2822024,919.2009551,62.26993327,11.46383462,108.8330149,-0.767715599,0,0.004549085,2
5886.962245,7.873709195,463.5222876,984.4518469,91.61363094,14.41026847,359.5180104,-1.110946171,1.333333333,0.012142656,1
3763.625159,23.12729407,870.4246582,786.0773791,75.84368461,13.92258411,174.2699585,2.225133077,0.133333333,0.009081749,3
5253.431221,49.89571541,2621.237091,1026.418009,50.0533248,24.23225073,104.2309726,0.25757719,3.666666667,0.009665517,2
4824.535774,12.96687564,625.5915538,885.3907757,86.73337288,14.26414127,96.11060154,0.176870245,0.333333333,0.007331048,3
3440.681704,21.21122795,729.8108393,884.6614336,78.282891,14.2174674,102.39503,-0.128686654,0,0.007696221,2
6095.706677,7.725942058,470.9507659,1246.361035,92.1901449,16.4445449,295.4000891,-0.754760815,1.6,0.006189539,3
4925.54799,17.80780465,877.131964,924.1016668,81.9977281,14.70754362,148.0554582,0.631766969,0.733333333,0.007160629,2
3233.191294,49.23747956,1591.941903,894.7274232,50.36446117,17.44364325,88.2514742,1.880394444,1,0.008939178,1
2550.778648,13.52532762,345.0011689,729.7699171,85.10890577,9.861358783,73.1039089,5.503912238,0,0.007830038,2
2236.762779,23.53108896,526.3346393,901.9848769,76.14245584,11.63350424,75.73790399,1.950394096,0.133333333,0.005448057,2
1665.938413,24.44126473,407.1764178,738.0283524,73.86462488,9.524116151,61.26606703,-0.110958149,0,0.006959422,2
1012.485388,37.82737148,382.9966087,783.2030532,58.09150238,11.4975083,51.91748507,-0.101607167,0,0.009510137,1
3504.942535,18.56185387,650.5823115,733.6450817,79.16948033,14.12920363,118.63429,6.677015067,0.6,0.013242065,2
1912.283714,21.26982434,406.7393869,730.9328661,77.3703451,9.912904849,61.92877504,-0.100491751,0,0.007312434,2
6368.765358,20.80558608,1325.058959,1092.828333,79.17704634,20.39836933,178.2706574,1.286522634,2.866666667,0.007546185,1
1789.708951,28.47348044,509.5924281,863.3998082,70.55705577,11.73287005,85.18409859,-0.021440889,0,0.007545663,2
5429.514951,47.37000446,2571.961475,1019.273804,52.56476893,23.75017111,103.2647953,0.160906226,3.6,0.009586982,2
1367.209625,59.27304143,810.3867276,791.9251916,39.54712436,11.71162833,48.83690523,0.008744117,0.133333333,0.006740987,2
1477.568609,58.25980739,860.8286255,776.7079238,40.69414369,11.61498071,48.25989097,0.142453888,0,0.006262701,2
827.3732924,39.95251172,330.5564116,729.3315176,55.14464166,9.961801906,39.37497698,0.624313542,0,0.008704012,2
1236.108732,47.18753979,583.2892996,806.0356177,50.84022513,11.13935436,48.6851956,-0.205201312,0.2,0.007552226,3
7383.589469,18.24596621,1347.207239,579.4807352,78.36103904,18.32972174,142.6115167,1.897656389,2.266666667,0.021878695,2
5006.804016,21.81509617,1092.239111,1044.64033,78.13163013,17.93774155,174.1196205,-0.96134557,1.266666667,0.006887085,1
1271.576141,57.69169094,733.5937775,774.7305682,41.11564468,10.93096739,44.23817853,-0.018823255,0,0.006256888,2
9863.266775,8.673322862,855.4729721,820.8394716,90.50439736,17.93782325,263.0513002,-0.089539613,2.133333333,0.014718791,1
2164.648718,57.35101404,1241.44799,801.8646366,40.68539336,15.95809295,68.63636826,0.069324072,1.333333333,0.010613926,2
4085.082456,30.05351453,1227.710849,712.4936408,64.61832592,20.07719735,146.1637535,-0.130398318,3.866666667,0.017941281,3
3929.406392,35.39565084,1390.838967,803.4016503,63.7390946,15.9911622,133.3313408,0.247175844,2.066666667,0.011027572,2
2330.819543,32.28279339,752.4536575,739.9892392,64.45257233,15.18346608,84.91219502,2.371048509,0.133333333,0.012498748,2
3672.595384,67.42415558,2476.216425,729.3877492,29.40611741,22.61443097,75.00660887,-0.624035301,2.266666667,0.01649944,2
4484.018882,20.76244491,930.9919503,654.1174871,76.41675408,14.65896961,139.0177952,2.345204966,1.4,0.018598565,2
4924.520971,15.08585394,742.906041,1144.276536,84.90823875,17.30218361,106.3079394,-0.679016134,0,0.004943564,3
1723.747605,21.94294783,378.2410376,723.6563729,76.25071666,9.709784876,71.31388121,6.713000067,0,0.007665297,2
4678.417081,26.79704204,1253.677392,960.0066571,73.09584762,17.31747895,123.9661161,-0.80898313,1.066666667,0.006920685,2
1858.41729,38.00162174,706.2287089,900.519646,61.50457306,12.30404871,151.3655324,0.271213564,0.2,0.006178243,2
3775.375672,65.83577852,2485.547966,734.0744622,31.93461924,21.25109692,80.65009595,-0.631254372,0.866666667,0.014831923,1
1020.333769,48.93995416,499.350879,838.6535176,49.20053981,10.78902014,83.05387477,-0.384921836,0.2,0.0070553,3
5262.710144,26.29876875,1384.027971,824.411711,71.33339423,20.11843842,260.3377775,1.366425787,3.666666667,0.017601982,2
4435.976439,15.22085694,675.1936277,824.7195377,83.82583416,15.03167744,116.0917483,5.934935785,1.133333333,0.010995803,3
3083.064899,30.45539365,938.9595515,823.404776,68.99546797,14.20355958,109.7895657,-0.611380441,0.133333333,0.008151343,1
3182.211426,24.82221911,789.8954927,926.0186675,75.09554465,13.45507191,83.8969344,-0.476724574,0,0.004919712,1
2419.090722,64.70186229,1565.196748,670.0430136,30.5563324,17.55570794,62.1583245,0.305064933,0.266666667,0.01513164,2
1082.531254,51.57972601,558.3666549,685.0759197,45.58066452,9.246145021,46.5485102,1.990056388,0,0.007069128,2
2716.190307,16.1082282,437.530133,862.1016597,83.4448107,11.01884388,113.1762349,-0.345999123,0,0.006165393,2
1458.608189,27.13343018,395.7704346,746.8456556,71.10942151,9.692938327,59.10642433,0.420410674,0,0.007189601,1
2767.914664,65.37396612,1809.495595,837.3680042,32.63955501,21.49804987,72.53468535,-0.340125614,0.866666667,0.013847426,2
1272.717411,35.61601003,453.2911609,745.5320436,60.84854475,10.95036012,54.18420686,0.283112578,0.2,0.009000128,2
3587.800814,69.43882881,2491.326865,723.1437898,26.67913121,22.53069591,73.1980056,-0.646697957,1.666666667,0.016719703,2
5313.856168,8.957444929,475.9857399,1160.355287,90.89331551,16.95317311,333.1770602,-1.062967573,1.8,0.007453554,2
3692.656849,18.60156149,686.8918343,712.0783319,79.0746412,14.49667943,226.5424209,0.442358771,1.333333333,0.019784956,2
4402.453588,42.75564324,1882.29735,1034.038731,57.16489436,21.91957487,95.22118817,-0.45032824,2,0.009352204,1
3916.213984,33.56923667,1314.643141,761.0240055,63.92042842,18.34667624,124.5378011,1.789005483,1.4,0.015176865,1
4508.373341,47.27253277,2131.222265,1020.229284,52.59564451,22.34133118,95.71499253,-0.360494973,2.733333333,0.009962268,2
5976.131813,15.82911909,945.9690216,702.4320286,82.86397157,15.96157236,139.6544608,0.062601476,0.733333333,0.014456323,2
682.7816196,36.20116954,247.1749317,872.8638015,61.65834184,8.676266693,51.55838841,0.323223802,0,0.005966789,1
1859.448228,35.71145162,664.0359544,787.9636854,60.58359416,14.88983202,69.9269267,-0.362699172,0.066666667,0.012243198,1
8750.101845,3.525238399,308.4619502,1063.072255,96.43694492,14.47634668,257.1595783,-0.898986641,0.666666667,0.004429769,3
4662.487615,47.45903303,2212.771537,1030.394076,52.45994251,23.09548536,95.389835,-0.490061666,2.133333333,0.00954448,2
5439.07907,24.25142307,1319.054076,585.3292369,69.58292033,19.65183119,142.8469919,1.181544739,2.666666667,0.024951963,2
5909.255051,15.8038007,933.8868911,912.4560286,84.00707878,15.9485278,158.590975,0.066905963,1.333333333,0.007592144,2
10385.02035,6.014999969,624.6589706,1036.056363,93.87624952,17.93539641,316.7750485,-1.167354995,2.6,0.007967431,2
6422.576492,7.474753444,480.0717575,1048.452145,91.92433953,15.27220351,384.3217836,-0.823714615,1.2,0.010670619,1
756.2399787,33.24441369,251.407547,872.4271714,64.88912616,8.929573688,50.98330738,0.305391507,0,0.006105561,1
2049.810811,25.89675091,530.8343998,883.3926729,73.83541552,10.95463889,60.99297626,-0.317322145,0,0.00461832,2
2209.1782,27.13278888,599.4116569,884.5146361,72.21295334,13.38521975,80.89972013,0.356712303,0.133333333,0.008115733,2
2030.411961,34.99965206,710.6371217,859.0106679,63.63263162,14.12193126,63.41139538,-0.002782021,0.466666667,0.009225489,2
4496.218789,40.64807237,1827.626268,1017.135164,59.25031478,21.47251476,88.01267711,-0.311802358,2.333333333,0.009084364,2
3059.231741,51.47572448,1574.761702,939.4601857,47.92674797,20.79741948,71.34964394,0.321113944,1.2,0.011990189,1
4609.933942,33.60577326,1549.203948,730.3375614,61.69046256,20.69884314,148.3930219,-0.308525597,4,0.018092654,3
2377.230037,49.69609002,1181.390379,835.5172715,49.92867401,14.45350853,66.81702009,0.09627549,0.2,0.007255681,1
2209.134419,43.29727392,956.4949809,673.0029005,55.03280567,12.1262155,66.03374518,2.511704028,0.466666667,0.009182325,2
3799.41225,4.181902019,158.8876976,972.6484872,95.53015574,10.10399909,537.0601998,-1.326647723,0.6,0.005706835,2
3105.570754,31.77652516,986.8424721,747.2734094,67.30463002,13.29221065,86.36225373,0.285067725,0.4,0.008117396,2
3478.585681,67.16025952,2336.227171,724.0536894,28.71136104,22.52233602,70.54101774,-0.090422968,2.4,0.017391268,2
827.0091426,46.39099419,383.6577633,787.7775903,50.61119941,10.9975023,48.74601251,0.085426789,0.2,0.008365498,1
4097.363803,42.71623098,1750.239386,1005.332111,57.10009306,21.13123249,94.63737041,-0.320730018,1.733333333,0.009558448,2
3377.029294,40.07860355,1353.466183,811.3443614,58.89906747,16.63500456,108.4771469,-0.403036988,2.266666667,0.01040117,2
5480.571421,7.639475107,418.6868894,1187.163153,92.31183541,15.05155292,291.4438383,-0.730110178,1.533333333,0.005463408,1
3455.200966,68.83066607,2378.237839,725.3143556,27.95348947,21.52083553,77.8240465,-0.496985437,0.933333333,0.015623426,1
1424.252951,29.21962146,416.1613208,664.2420539,68.04272541,9.264692897,46.85088247,5.271831067,0.2,0.008700765,2
5818.328558,23.33026537,1357.431493,1084.892754,76.64801129,20.17329741,151.0430563,0.724903032,2.666666667,0.00730729,1
4316.573779,36.38614644,1570.634856,1046.086706,63.50912879,20.22235388,122.9454832,0.705830822,1.133333333,0.008479701,3
3952.367162,74.87852599,2959.474273,785.51441,22.171492,25.72557083,78.97074943,-0.585251988,3.533333333,0.017763418,1
3097.323933,15.44630677,478.4221565,937.4012253,84.09609775,13.12117642,322.4043489,-0.159184663,0.733333333,0.008218571,2
2074.536378,35.85007712,743.7228914,962.6624795,63.9982537,13.61020963,70.94462563,0.434514903,0.533333333,0.00642292,1
2380.510967,22.40729629,533.4081456,839.2467071,76.63620059,12.31893129,64.97720593,-0.202074767,0.066666667,0.007617353,3
1309.2773,34.51553888,451.9041154,812.7002604,63.58703429,10.49183633,52.39654031,-0.275586859,0,0.00731489,3
1299.005174,43.33449026,562.9172705,787.233032,49.74607211,14.68332165,62.43037078,-0.195707305,0.066666667,0.012907935,1
2728.878413,53.1005137,1449.048456,839.6548654,45.29306734,19.55795742,73.02602236,0.641795267,1.266666667,0.012922464,1
1255.536151,48.09193186,603.8115903,810.5773106,50.03407177,11.55588668,55.66881546,0.942981382,0.2,0.007689732,3
1177.664855,48.63010406,572.6996446,714.7309784,43.61726329,12.76368197,70.23078934,-0.290926899,0.066666667,0.012801682,2
2519.132494,11.66993262,293.9810645,689.6602826,87.49879834,8.446601126,228.3392928,0.590495884,0.266666667,0.00710079,2
3028.596925,43.9389079,1330.732414,985.107169,55.75683599,18.78422498,86.2168575,0.841928935,1.466666667,0.009404555,3
2975.968578,45.76697659,1362.010843,815.5356608,53.60439146,15.02838257,78.82214447,2.444010667,0.066666667,0.007998909,2
5314.389316,46.73202854,2483.521932,1019.480332,53.20666121,23.66753813,103.3718365,0.001950093,3.466666667,0.009632966,2
3911.737101,71.59916142,2800.770961,757.1184805,25.10997543,24.48378145,78.10205046,-0.807589885,3.2,0.017612819,1
2983.144161,59.0568746,1761.751706,702.4050091,37.42158736,19.74364554,68.87192655,1.059759187,0.533333333,0.015940801,2
2960.67972,27.50464743,814.3245186,888.4330851,72.38233466,13.08407385,77.39699099,-0.390571678,0.133333333,0.005042549,2
2434.291477,45.22258231,1100.849467,791.8455521,53.67435162,14.20503238,74.01104681,3.744962577,0.133333333,0.00822077,2
2963.689165,22.59806687,669.7364594,871.9103756,76.78652016,13.87025126,92.67769798,-0.43652557,0.533333333,0.00829301,2
5887.650327,14.96044852,880.8188963,637.5335541,80.79589012,16.64305569,155.6863731,3.44106235,2.333333333,0.021605951,2
2060.718002,35.36308343,728.7334263,784.9305973,63.84146477,12.05348432,77.44471948,0.420430719,0,0.007204066,1
2755.663939,35.67113209,982.9765238,777.2395971,63.03556885,14.09019645,70.94660025,4.124709729,0.666666667,0.008845634,2
2260.135688,24.27624311,548.6760342,846.4541167,74.39237948,13.57115296,66.88635155,1.744695627,0.133333333,0.009585613,3
772.6820405,30.72758419,237.4265245,772.5725984,65.25629841,9.140748534,44.69709182,-0.176757945,0,0.007624372,1
3105.537371,26.98714633,838.0959146,863.3358826,72.333529,13.76290777,100.2881182,0.361087362,0.4,0.007897113,3
2555.056298,45.63028759,1165.879537,839.1571093,52.98867221,18.18453406,68.80018272,0.60572232,0.6,0.012167915,1
2087.991466,60.03319309,1253.487948,808.6214305,37.62950205,18.65149123,63.21771669,-0.210075987,0.266666667,0.013405689,2
2942.138062,17.58195056,517.2852594,829.7160503,81.88290657,11.90762694,121.865084,-0.780360516,0.533333333,0.00701698,2
2843.503063,34.59515614,983.7143244,628.3634164,57.73622245,17.98851339,125.8827987,0.458292233,2.066666667,0.023359819,2
5717.225884,23.60375993,1349.480272,970.5875515,76.2799125,18.75997519,136.5665548,0.174613434,0.866666667,0.008200899,3
2826.631081,29.33963119,829.3231343,811.1425482,69.99897828,13.18231042,103.6076677,-0.208838889,0,0.007612732,1
1441.733276,13.54895193,195.3397484,644.2772902,84.44437929,7.83819719,101.3263116,5.660928427,0,0.007360425,2
5188.326043,19.19988108,996.1524305,1121.379059,80.79280591,18.43342262,114.985543,-0.035874996,0.266666667,0.005501281,3
862.807178,32.54766825,280.823618,764.0677197,63.67698969,9.711564532,44.55716587,-0.066165172,0,0.007972717,1
2165.231057,58.4159482,1264.840253,810.2092667,40.94737914,14.29283106,65.09999033,-0.278084591,0,0.007352368,1
3931.809093,22.01489379,865.5835959,884.0517766,77.61651952,15.04672081,103.2688952,0.520146458,0.666666667,0.008091958,3
4317.298857,44.36094249,1915.194463,1034.212047,55.55838475,22.05084109,95.41370376,-0.463831251,2,0.009372303,1
4145.432917,24.65423695,1022.024854,927.8973471,75.22742655,15.78740981,101.2541798,-0.46895208,0.6,0.006378418,2
2302.665902,23.59180351,543.2404152,923.7294089,76.25864544,12.00063862,84.35550596,-0.696606388,0.133333333,0.004807726,3
4095.088942,35.43066572,1450.917274,739.8729885,61.20068327,18.82778222,142.2940673,0.581172497,1.666666667,0.017019012,1
3595.805048,68.27157993,2454.912918,728.5425624,28.46663659,22.51712158,75.41763027,-0.632485885,2.266666667,0.016437953,2
1040.139901,47.59367792,495.0408342,836.7014234,50.5674306,10.77923023,83.06390304,-0.310356672,0.2,0.0070444,3
7964.604344,11.5874505,922.8945861,911.2824393,88.19279688,16.57773285,226.9345862,2.069990985,1.733333333,0.007978024,2
2612.025502,16.15963637,422.093823,812.028549,82.94857842,10.63814736,81.3791242,1.291309255,0,0.006775125,2
1898.69071,32.26397165,612.5930325,915.9088904,67.32435212,12.29524538,77.37527703,0.506038528,0.466666667,0.006725932,2
4230.911122,27.64866284,1169.790351,919.3773597,71.94946972,18.12375383,117.7525162,-0.476484978,0.666666667,0.009997537,1
3594.064349,69.59065649,2501.132975,723.1268165,26.68084911,22.37630471,73.06297133,-0.633024444,1.6,0.01660994,2
6149.208516,14.10504527,867.3486448,1008.652978,84.96943492,17.5816156,403.1803806,-1.375261629,2.266666667,0.012871403,2
2154.274623,35.48280479,764.397059,964.6420035,64.26554156,14.10941239,76.51346155,0.325295801,0.866666667,0.00692556,1
4825.625296,31.3233062,1511.545388,683.595317,65.45132426,18.36456758,168.8069484,-0.330631224,1.866666667,0.020152186,1
3782.748643,21.7127302,821.3380071,882.9725298,77.85055143,14.66469573,106.7035272,-0.34038355,0,0.007927352,2
2861.553674,65.76640288,1881.940918,840.5253561,32.19392833,21.55560335,73.29206638,-0.298282887,0.866666667,0.013900129,2
3422.321026,33.61869936,1150.539817,640.1273855,63.92923381,14.78403155,93.28372809,0.653249441,1.666666667,0.014669942,2
1197.557052,42.10235491,504.1997201,795.9845213,51.61654367,14.35661217,63.48978557,-0.3370068,0.066666667,0.01245806,1
2369.940097,31.13127254,737.7925109,669.1574465,64.33194469,14.70019106,151.0283309,-0.461649063,0.8,0.018973748,2
1095.73431,35.39041219,387.7848887,902.5163375,63.40060081,10.32750807,53.44656455,-0.180231778,0,0.006495597,1
1747.569992,23.0975315,403.6455295,767.2142017,75.51376928,9.593214253,61.09070777,0.289209277,0,0.006867115,1
2516.560705,64.76901847,1629.951668,685.7700371,30.48376941,18.31868207,65.54568817,-0.245388315,0.466666667,0.015297727,2
3503.220061,68.87762427,2412.934751,726.9603952,26.84677498,22.80842363,70.48715534,-0.372422219,2.2,0.017548986,2
2146.231811,35.4154716,760.0981174,970.4069506,64.36403938,14.03758406,76.7864507,0.464732177,0.866666667,0.006809018,1
2349.182875,53.74070323,1262.467397,681.9114135,40.81878908,15.47283,81.18353231,2.817963621,1.8,0.013787656,2
1473.187278,59.89453815,882.3587164,793.5031239,39.16929103,12.06439924,48.46753492,-0.213885096,0.133333333,0.006613355,2
2300.705761,20.95970566,482.2211556,945.108307,78.93071586,11.25773044,74.76287367,-0.356019118,0,0.004486464,3
9961.322225,13.3916823,1333.988625,812.8093706,85.49491958,20.68527459,226.5044725,1.213034651,3.333333333,0.016284161,1
4096.713765,44.86915038,1838.16066,986.4750751,54.94978003,21.0401079,114.7212129,-0.037690625,1.6,0.010211313,1
1126.477867,62.71812448,706.5057907,780.8783978,35.88715814,10.98195192,43.85079517,0.11570547,0,0.006505714,2
1541.660402,31.1533015,480.2781133,666.9100785,66.32169675,9.650686352,49.6706794,3.96699529,0.2,0.00870028,2
4687.481705,24.65759125,1155.820079,948.1775691,75.22309147,16.76533831,124.9180035,-0.74696771,1.2,0.006878178,2
2239.346219,40.39782408,904.6471459,806.8581103,57.64824389,14.71710643,77.36299432,1.038828458,0.866666667,0.010235139,1
2203.139421,22.71804077,500.5101118,842.1023397,75.58030489,13.45998052,70.87826268,2.682644684,0.266666667,0.009939827,3
1732.675546,47.9606374,831.0022362,708.4748731,46.24322046,16.31434057,68.94196128,2.878689883,1.133333333,0.014617312,2
1806.599542,37.01002424,668.6229285,907.6900719,62.49989028,12.18510425,77.42428436,0.451335323,0.466666667,0.006713488,2
3009.814797,25.15858085,757.2266891,781.2214357,74.09255693,12.54213518,136.4942419,1.692957232,0.666666667,0.008663851,1
1824.018253,22.56845108,411.6526671,1032.452103,77.39085141,10.80929706,78.11691948,0.457422174,0,0.004042361,3
907.0310989,40.95222065,371.449377,777.0131219,56.11087437,8.9349642,66.49254029,0.371534399,0,0.007064393,2
3362.974007,68.51141925,2304.021221,720.5784141,27.1128383,22.46587526,69.73633456,-0.489775317,1.866666667,0.017782292,2
1035.551692,51.13035506,529.4812569,686.0707572,46.01988123,9.277693114,45.95657977,2.152999969,0,0.007149386,2
2850.249052,20.8019891,592.908497,931.3501332,79.00528645,13.45339049,89.09804652,-0.205361872,0.4,0.005409073,3
1293.85848,38.83538187,502.4748815,776.3247038,57.771788,12.47943568,52.00323086,0.945459821,0.4,0.009989345,2
3001.178434,21.81602723,654.7379044,902.7524794,77.67267723,13.56886119,296.3686341,1.006667261,0.733333333,0.008543159,2
1016.692657,34.91587304,354.9871174,904.486584,64.36239514,9.409871642,78.96320819,0.498737332,0,0.005594873,3
12319.76845,5.977652207,736.4329108,987.7886173,93.65982382,18.78116246,341.3220384,-0.661358123,1.666666667,0.0112198,1
3243.471792,24.7982227,804.3233582,679.603439,73.93300351,11.96647433,99.58380858,2.006200536,0.4,0.009081619,2
2164.6913,25.64252842,555.0815818,832.893325,73.36166132,12.02208612,67.55186628,0.459708996,0,0.007507442,2
2150.735299,61.4883937,1322.452588,820.8726835,36.81073333,19.30827703,56.0553535,-0.302199696,0.333333333,0.013095216,2
823.1860264,30.23139789,248.860643,770.2846891,65.85712382,9.26354726,46.86963181,-0.370877825,0,0.007665214,1
2282.563233,30.60710008,698.6264131,857.5886792,69.02205563,12.12031548,63.98903082,-0.646493118,0.133333333,0.005444361,2
2195.605361,28.04099619,615.6696157,801.9162469,71.18559989,11.95566554,98.95748634,0.323062439,0,0.007127281,1
2227.728742,38.22588814,851.569097,945.1003441,61.39427736,14.64851914,93.08306979,1.383188753,0.6,0.007804573,3
2387.55198,22.87826749,546.2305286,941.5835392,76.99798248,11.79016831,78.76509983,-0.390730436,0.133333333,0.004557894,3
1828.46373,35.39152356,647.1211717,909.8059723,64.14381362,12.16985859,77.78260401,0.413242289,0.466666667,0.006703598,2
1933.108131,36.23857549,700.5308495,794.1639322,62.6787392,13.37176521,65.30604349,0.171641198,0.133333333,0.009013687,2
2347.815781,28.57330455,670.8485536,646.4046488,69.00671245,11.11914199,103.9194572,4.768644365,0.6,0.01012687,2
744.3144529,36.56759842,272.1779202,729.5485297,58.15663678,9.413997183,42.42787791,-0.031362724,0,0.008361374,2
2438.249359,40.86250018,996.3296485,804.8369375,57.54820224,14.15302876,64.32946504,0.174038171,0.466666667,0.009137153,2
1334.532094,62.6847328,836.5478772,596.953803,33.87207463,11.45465812,82.99630539,0.982047168,0.333333333,0.01003012,3
1793.659226,35.1520512,630.5080095,936.3838195,64.41177509,12.38712852,74.08081448,0.016523796,0,0.006362573,2
1395.506,28.40564674,396.4025046,766.9544659,69.63018889,9.641198967,56.74207272,0.341311073,0,0.007008747,1
5258.725854,18.42999551,969.1829388,887.7477731,81.07917265,16.27472884,137.9584404,0.164682377,1.6,0.009381323,2
1903.856226,55.6609493,1059.704448,807.5464062,43.45746478,13.95671912,63.8086922,-0.380872324,0,0.007567456,1
2477.275189,23.72199111,587.6590003,954.7776542,76.21109216,11.77784449,64.84973422,0.407499706,0.2,0.004288735,3
3183.498475,20.73298622,660.0343001,782.2686143,78.65592497,12.74072536,99.66293102,-0.105157921,0.266666667,0.009400375,2
2517.38099,48.20886016,1213.600681,805.1216901,50.76577102,14.08933139,76.83811687,4.149966127,0.133333333,0.008378468,2
3517.151314,70.46730242,2478.441653,725.7500295,25.47567026,22.64086918,69.03915137,-0.071630944,2.533333333,0.017485584,2
3998.216167,22.24387576,889.358237,885.07739,77.38471681,15.16464248,104.1920516,0.450383002,0.666666667,0.008120681,3
4420.939668,34.71742695,1534.8365,878.3716693,64.72457735,18.05487888,117.4199049,0.368501335,2.666666667,0.009917258,3
4437.217144,27.24867396,1209.082833,938.2726644,72.62191295,16.7440907,128.1363283,-0.657115001,1.066666667,0.006918031,2
1665.989651,26.09371394,434.7185738,775.0100607,72.9753034,9.794221016,56.78148087,-0.397731718,0,0.006018752,1
751.3805662,33.1639886,249.1877653,871.973995,65.58701915,8.388926246,45.52030152,-0.114839266,0,0.005543314,1
4744.239895,7.311778296,346.8883029,1036.784169,92.48343189,13.41729028,346.1181021,-1.369351714,0.733333333,0.007297853,2
2369.263645,21.36021281,506.0797566,941.3662526,78.53071572,11.26985157,72.41907254,-0.293313222,0,0.004441903,3
799.4498406,38.81731894,310.3249944,743.0915308,58.02903587,8.562628972,63.38097593,-0.848494475,0,0.007069303,2
531.1169779,47.95807093,254.713457,707.8470086,43.17148977,9.424344064,31.74486096,0.733303004,0,0.009228033,2
3531.968779,68.12002177,2405.977901,728.6472454,27.62710525,23.10533987,70.0365518,-0.382137587,2.333333333,0.017746235,2
2622.27979,22.80777023,598.0835492,856.8861074,76.80412176,12.69008887,113.9896647,3.398816449,0.933333333,0.006698967,2
773.5702367,36.7846822,284.5553532,728.8522518,57.69773783,9.93009985,37.73554957,0.388221999,0,0.009117348,2
4693.737472,25.53661652,1198.621739,646.4407385,71.49176308,16.56607991,128.2090156,2.129887152,2.133333333,0.019971128,2
7676.940578,19.79494648,1519.646278,1041.375137,80.07953051,21.51304512,232.3446358,1.84086929,3.733333333,0.009714723,3
1830.011873,48.71430033,891.4774797,840.8296639,50.78954925,13.07257514,59.64730218,-0.428295092,0,0.006699052,1
6481.855143,8.001418566,518.6403609,1085.937972,91.90514787,15.88915034,233.1843517,-0.885654834,1.866666667,0.006648338,3
9758.709134,4.770476932,465.5369681,1162.398256,95.21882799,16.90160004,296.6933363,-0.485714189,2.6,0.004798542,3
10228.80263,11.92147325,1219.42397,1033.455512,87.99611557,20.81992152,208.1619582,0.166009924,3.933333333,0.007956904,1
4100.940839,39.46952957,1618.622057,1066.359606,60.50054238,20.6498642,99.91932551,0.889531604,1,0.008482301,3
3204.38144,13.66453466,437.8638124,741.4261662,84.71666329,12.30620556,134.3562382,4.331789428,0.133333333,0.009653836,2
2180.201124,40.77500988,888.9772239,837.4325747,58.50599097,14.02651965,81.99368294,-0.045820822,0,0.007966074,1
1279.989606,59.57232929,762.5196231,776.1469391,39.04023437,11.01438124,50.65165701,-0.523978164,0,0.006522879,3
3955.942325,46.02259076,1820.627147,1012.823754,53.76498593,22.51061712,80.88077194,-0.395924167,2,0.011307422,1
2293.110122,46.34417502,1062.722968,798.1840505,51.81747996,15.93751612,70.96691455,-0.070053514,1.333333333,0.010664594,2
2787.207274,58.5455619,1631.78616,852.7224368,41.06696241,16.5435008,73.45284048,-0.188127538,0.133333333,0.008099476,1
1811.525888,44.18350116,800.3955618,770.7534815,50.67057663,15.90490554,66.2401591,-0.352357283,0,0.013584966,1
1727.015549,36.4650998,629.7579433,805.4372119,59.48419191,15.2215271,67.979199,0.078037709,0.066666667,0.012181063,1
9726.617723,7.788416629,757.5495122,834.1540558,91.45348954,17.49029653,253.3687787,0.07502505,1.866666667,0.014111528,1
4618.65427,22.30266275,1030.082885,891.9619303,77.15423969,16.74315487,122.8333526,-0.047787392,1.6,0.009698739,2
1934.044619,38.10493586,736.9664617,738.020571,57.81933628,15.43468939,78.45908026,2.335264634,0.133333333,0.013161005,2
4042.487078,76.65699359,3098.84906,785.2260215,20.18727406,26.14088334,78.09806765,-0.635989623,3.866666667,0.01814002,1
1437.218417,57.23963883,822.6586308,785.1688039,41.87246823,11.67327398,50.68129029,-0.213126527,0.133333333,0.006535345,2
2086.884146,19.66353712,410.3552387,717.0868728,79.15037437,9.71251749,130.9364624,5.268389442,0.2,0.007180717,2
1555.451269,53.59604217,833.6603179,599.3321296,43.217006,11.27540667,86.83087062,1.108863969,0.2,0.009901472,3
1019.117428,53.81487832,548.436804,786.3736265,41.67308113,12.82962071,47.0881595,-0.381119225,0,0.010139534,2
1496.813658,57.5482036,861.3893714,789.4862696,41.30268845,12.01271615,52.32445159,-0.256267773,0.133333333,0.00669309,2
2181.403835,26.13933028,570.2043532,949.5734631,73.72932039,12.13823814,57.04749601,0.266004485,0.2,0.005726886,2
2918.39632,26.97585169,787.2622629,858.9056789,71.43326636,15.52297629,68.41074127,2.769182371,0.8,0.01043806,2
3704.823921,70.76856392,2621.850685,750.793206,25.68484077,23.91501402,74.70323984,-0.826216436,2.933333333,0.017412393,1
3336.532816,21.5427925,718.7823413,879.2273102,78.20877803,12.7605688,100.9413701,0.383143594,0.133333333,0.005715868,2
2849.698941,21.96487256,625.9327405,789.2308312,76.89076353,12.24057513,71.48160158,-0.220374732,0.133333333,0.007967731,2
2953.394931,26.041461,769.107189,860.3438828,72.29119896,15.32630296,71.10755513,2.485774801,0.733333333,0.010308659,2
4071.205098,46.35659829,1887.272193,1044.335691,53.55302304,21.16823208,125.0150047,0.734604635,1.533333333,0.008599973,2
2750.701055,17.42479565,479.3040376,733.8232832,80.68133465,11.99765977,115.4896263,7.570469089,0.133333333,0.009662315,2
969.020206,39.19367832,379.7946624,772.4657501,57.83828761,11.24734595,54.33352331,-0.11818932,0.066666667,0.009135399,2
2164.036911,25.33731002,548.3087412,836.8342552,73.56983694,11.83681612,76.71972474,-0.042737974,0,0.007608997,2
3116.656992,39.18682174,1221.31882,976.2149511,60.58350653,17.41462325,169.7186014,-1.166134663,0.933333333,0.007614539,2
7811.034815,9.792537533,764.898516,972.244346,89.48464081,17.25793242,382.4923176,-0.36653859,1.6,0.012210155,1
1819.251155,29.45948051,535.9419396,795.7813243,67.3265818,12.11642906,105.4460849,1.459147971,0.6,0.012221269,1
898.9164876,37.49595156,337.0572907,829.81201,59.89336488,9.682504254,50.20039726,-0.438374083,0,0.0069125,3
4398.939305,32.73149496,1439.838597,1003.936053,67.15327896,19.13148119,126.2303912,-0.587744351,1.6,0.008097833,1
1513.212725,36.59138447,553.705486,733.3561112,60.78347982,10.96761281,73.4105001,1.861987089,0,0.009051445,2
3024.804383,38.69680917,1170.50278,799.2132703,59.64973047,16.39908546,78.24633202,0.726501538,1.266666667,0.011232915,2
5778.131167,20.52746843,1186.104051,979.4453337,79.32967136,17.17372174,173.3092442,0.493415473,2.333333333,0.007320642,3
2081.434988,25.67356788,534.3786244,836.8725795,73.38761563,11.88076525,76.74980852,-0.045201966,0,0.007645217,2
1974.616426,16.69978176,329.7566338,797.4438143,82.65119208,8.719910904,106.8903471,2.18872683,0,0.00540665,2
4683.23565,17.25539307,808.1107197,719.309644,79.37224159,17.1879122,144.3862175,2.595008712,1.4,0.019315313,2
8477.500318,14.11391243,1196.506971,813.8080578,85.25484847,17.06611929,257.7100104,0.548622147,2,0.012568502,1
3311.315891,18.50496034,612.7576923,710.2862239,79.91566505,12.01494598,114.4451459,0.393139076,0.266666667,0.009525815,2
4384.607022,25.02490186,1097.243604,1085.810862,74.9361622,17.69812741,141.185652,-0.149776436,0.6,0.006306136,3
3178.464012,21.60359318,686.6624346,857.1163244,77.81893617,13.61214149,261.3305964,3.434849471,0.733333333,0.008883033,2
1237.651437,51.59557253,638.5733451,610.8128471,43.36109203,10.65786587,46.67578352,7.773576419,0.6,0.010287323,2
5148.121847,14.68066195,755.7783651,905.3514424,85.13307128,15.06577793,99.61957994,-0.00931973,0.333333333,0.007236202,3
845.7458924,36.14626886,305.7055841,732.6576905,59.32631399,9.853725457,43.34189141,-0.111327841,0,0.009140256,2
3671.950555,66.96522666,2458.930012,729.7113578,28.85081969,23.4256031,80.9649074,-0.580246863,1.933333333,0.018044928,1
2423.266436,43.53575216,1054.98727,866.6398535,54.70712573,17.02809854,73.79059921,1.844227082,0.733333333,0.010816436,2
2490.353382,24.00710206,597.861678,966.8494473,75.91920132,12.53713045,67.95996494,0.219391554,0.2,0.005249638,2
2705.352842,22.18902388,600.2913881,929.9833539,77.60323917,12.47773556,81.92712055,-0.535222195,0.133333333,0.005230453,3
5614.283189,23.55017044,1322.17326,972.266235,76.35946286,18.41453399,136.9205216,0.163496706,0.866666667,0.007763202,3
1062.559088,47.12538913,500.7351049,728.2727846,48.63809426,11.04841457,68.91033803,-0.342726044,0,0.009722107,2
3087.23123,40.76315378,1258.452814,813.0746928,57.8583917,16.96399759,88.4298575,-0.044367263,1.466666667,0.010900328,2
3586.069346,24.27558372,870.5392664,751.6936816,73.970655,14.27073529,149.9171974,1.272211024,1.066666667,0.011904338,1
1438.508371,26.96619027,387.9109045,666.0556755,70.60868344,9.129020451,47.26480022,4.899204043,0.2,0.008410817,2
1670.350016,22.58079275,377.1782754,714.1489642,75.49402025,9.56566798,59.59965391,-0.588256059,0.133333333,0.007838682,2
2073.477551,23.86925055,494.9235517,1107.652926,76.12697163,12.17733611,72.90751265,0.671145058,0,0.004113542,3
1752.971004,35.56064783,623.3678453,789.8036807,63.08593909,11.74634168,65.7950988,-0.18363341,0,0.007712374,1
1170.818006,29.86986059,349.7217061,721.2670712,67.88313007,8.819014226,56.27934087,0.201105544,0,0.006853952,2
4275.123337,20.4039362,872.2934382,1036.785858,79.53270649,16.10482779,136.6286793,-0.896709936,1.133333333,0.005725638,3
4470.835865,30.19723476,1350.068802,828.8417144,66.36221298,20.65574226,214.7932475,0.937291363,4,0.017857221,3
4495.804774,24.22200021,1088.973842,884.0481574,75.01469604,17.4805286,106.7999159,1.436178513,1.733333333,0.01048584,3
4850.827385,16.11401313,781.6629618,924.8675112,83.614962,14.80359934,147.4297624,0.685437173,0.733333333,0.007310748,2
3433.466519,28.94879474,993.9471753,887.646927,70.65719223,15.83059443,92.47626678,-0.451918032,0.2,0.008580482,2
1469.359274,57.82828689,849.7052962,787.4742177,41.15286746,11.83123117,49.11536321,-0.100606116,0.133333333,0.006659309,2
2970.891936,22.28058526,661.9321107,892.716945,77.58087224,12.78810259,70.50897704,-0.43713977,0,0.004595636,2
1273.7597,27.3585366,348.4820136,837.1619354,71.68565594,9.284326782,70.28732194,0.842050211,0.066666667,0.006155664,1
2813.539187,40.1089815,1128.481912,788.0740481,58.98618877,14.22772402,70.55412599,0.445865549,0.2,0.008021265,2
2839.790901,41.73290473,1185.127231,783.9735724,57.30190635,13.95723909,71.76601705,0.529404099,0.2,0.007866344,2
1651.812047,36.88287,609.2356898,743.5665602,61.90822377,10.4577583,71.68600064,-0.736673979,0,0.006661929,2
1423.808017,31.45149022,447.8088391,718.8294585,66.3652088,9.862020038,52.66287192,-0.18980941,0,0.007498225,2
3887.571922,47.01520299,1827.749831,765.7105697,50.76043733,19.01472997,106.5350367,-0.012730008,3.066666667,0.01342214,2
3339.566622,20.87159823,697.0209281,1071.746183,79.08557182,14.68088203,123.9703417,1.07605137,0.466666667,0.005070001,3
2552.689012,33.9156306,865.7605757,800.0364291,65.18427714,13.10379129,85.0076283,0.636288042,0,0.00796696,1
3498.039491,23.98302652,838.9357388,867.2378515,75.3445709,13.68871916,103.8459357,0.207305335,0.4,0.007819318,3
2083.927372,42.5241099,886.1715657,701.3377261,46.0270431,17.82040835,71.92239486,1.742058078,2,0.018602404,2
7414.95132,11.9585678,886.7219809,743.7911853,86.77788241,15.83874244,198.6886786,0.741879859,1.533333333,0.015261348,1
3818.72582,25.48757018,973.3004235,862.0904383,73.90853056,15.07027521,137.2696684,-0.465093679,0.533333333,0.008232622,2
1801.617784,22.87206472,412.0671857,766.9397269,75.60310855,9.584168916,60.63450524,0.352549822,0,0.006985547,1
3926.564756,27.1342372,1065.443395,1067.81701,72.82809102,17.29626747,92.11995304,-0.353282121,0.533333333,0.006983253,1
749.8477533,29.98068927,224.8095249,867.5556506,68.18952306,8.484823801,43.90773577,0.140793785,0,0.00590017,1
6736.78339,13.62596285,917.9516017,818.5367112,85.07809036,17.28595089,244.5639099,0.60385358,1.6,0.016341568,1
3495.283941,30.8758486,1079.198578,708.9432839,65.56240454,17.23464679,83.45994043,6.273170884,2.066666667,0.015340168,2
2126.236611,73.14625727,1555.262502,817.9121356,25.05017836,20.42470483,55.76587199,-0.072386915,0.533333333,0.013825837,2
8990.946337,6.543642149,588.3353541,1122.674963,93.1652295,18.30975254,380.4855509,-0.594297571,2.533333333,0.015472265,3
12707.24629,5.585111766,709.7139079,926.0905311,93.88192369,19.23869386,329.6460717,0.258188807,2.133333333,0.013050946,1
2803.182477,64.94960103,1820.655835,838.3996196,33.11641033,21.48321257,72.82347066,-0.335200067,0.866666667,0.013848524,2
4134.915465,42.00303943,1736.790173,976.6698574,57.76179073,21.97181665,103.3784617,-0.050870496,1.8,0.011252019,1
2867.71332,26.15962249,750.1829786,885.9072134,73.35312246,13.62237743,91.67695995,-0.235077522,0.066666667,0.007257166,3
2315.615689,59.578883,1379.617962,799.1120223,37.65486343,18.74515432,69.53350464,-0.110137339,0.533333333,0.013191695,2
1165.537939,43.43439539,506.2443569,927.1819382,56.02085067,10.85250751,77.16608345,-0.234090993,0.2,0.005940314,3
3893.548353,46.4569327,1808.823138,959.6138172,53.13479455,20.05230497,136.8920521,-0.359608949,1.6,0.009308395,2
1906.846449,38.0188245,724.9606049,790.3150293,61.11636845,13.23243892,69.8625637,0.782576236,0.133333333,0.008626582,2
2860.544556,27.15825467,776.8739755,889.5824588,72.56285595,12.66340606,90.47412304,0.372410043,1,0.006343731,2
2334.310738,22.54506628,526.271903,959.7812626,77.36024792,11.57517446,63.04397368,-0.018074993,0.2,0.00466074,3
1068.872015,32.8507734,351.1327236,782.2801705,64.07027687,10.89163637,57.5845555,0.329585523,0.066666667,0.008712481,1
1919.487008,23.01040879,441.6818071,732.2892159,75.61595649,10.18708073,60.41224612,-0.097322374,0,0.007331546,2
2299.247768,30.12143596,692.566444,806.6511034,68.6989331,13.04774456,66.11106272,-0.163266179,0.266666667,0.008342178,2
4780.263827,64.26812805,3072.186078,773.9009937,32.93958284,26.28805655,93.88537664,-0.717732112,4.133333333,0.0185033,1
2179.121628,19.21384783,418.6931137,917.6857825,80.56714651,10.88202564,65.19140553,-0.30779317,0,0.005072258,2
2104.791905,34.34163802,722.8200171,784.5074862,64.88830428,12.04988235,77.27274124,0.451132703,0,0.00720716,1
2184.97221,38.06696119,831.752523,810.4254117,60.2151303,14.09366839,78.08107623,1.174282182,0.866666667,0.009732982,1
7135.547813,15.2057346,1085.012462,789.5680388,82.44137458,18.9040838,321.5600414,-0.116650871,3.4,0.019402306,2
2609.425932,20.41290652,532.6596762,931.8146144,79.35714984,12.54264764,69.84089861,-0.254681931,0.133333333,0.006033387,2
2927.197479,22.66723409,663.5147051,904.7501105,77.27957347,12.58082312,73.42107516,-0.353423267,0.133333333,0.004421175,2
668.4568688,39.3369597,262.9506091,757.6575607,57.40178845,8.22979513,65.02327877,-0.54494679,0,0.006779784,2
2870.486573,17.74887367,509.4790356,900.7894656,81.84215865,12.26090953,91.61193433,0.953888135,0,0.006495719,2
3598.933512,35.21554182,1267.383936,704.9679932,61.02872608,17.55374853,81.62352056,7.151215587,2.066666667,0.015863057,2
8758.679021,11.72428128,1026.892165,901.755955,87.39680689,19.13083983,322.9194061,-1.098685777,2.866666667,0.013026966,2
2671.365627,31.79887993,849.4643482,789.0566092,67.2933062,13.94289426,131.367426,12.02205606,0.733333333,0.009497294,2
1787.772984,50.84445545,908.9834383,838.7594384,48.63685181,13.27320692,60.75531001,-0.008288057,0.133333333,0.006899209,1
4439.686313,16.73953734,743.1829481,734.3520737,80.69646964,16.63035506,132.8410708,3.716318492,1.266666667,0.018031844,2
4323.694757,47.38838995,2048.929332,922.6998456,52.11848503,20.84626084,122.3086304,0.701248617,3.466666667,0.010672486,3
5126.827208,15.25115511,781.9003696,626.4739809,81.09223634,16.6711975,136.5342288,4.501112341,2.266666667,0.021614554,2
5806.525942,11.11572629,645.4375306,1000.581511,88.287644,17.2836135,371.7727716,-0.405695581,1.8,0.011606553,1
981.454459,35.64999932,349.888508,836.8919789,62.29140521,9.452057794,47.32268256,-0.254646764,0,0.006398619,3
3234.263356,32.80626651,1061.041056,912.7785854,66.80115649,16.57846091,96.38419626,-0.19069964,0.733333333,0.009218358,2
757.3673459,32.73946082,247.9579855,872.4128929,65.40210966,8.93060049,50.97833503,0.307324295,0,0.006104803,1
2092.67906,61.73276423,1291.868631,829.8589595,37.54739403,15.01167783,62.2473584,-0.281274329,0.133333333,0.008025269,1
530.7617335,42.49128321,225.5274713,783.3660148,53.6744024,7.621548366,47.52773695,3.874849866,0,0.006204074,2
3617.094445,36.30042379,1313.020612,755.5537378,62.26625713,16.53376565,101.0288505,0.111085171,2.133333333,0.011527974,2
2612.681616,62.83452144,1641.66599,678.2639535,33.10252202,18.08827018,62.32448276,0.049138211,0.266666667,0.015138537,2
6300.799276,13.30802521,838.5119559,978.2885469,85.49876987,18.76868083,259.6765149,-0.445210736,3.066666667,0.014066559,2
1553.714616,45.93687158,713.7278879,841.4098207,52.01105348,13.54049293,53.22672704,2.05167945,0.266666667,0.009058208,2
2831.235792,25.54689424,723.2928135,858.7277768,72.9749071,15.28211231,70.10954108,2.656121962,0.733333333,0.010373519,2
2605.077101,56.7788468,1479.132736,813.4338719,41.27931254,19.18208253,67.75930804,0.124606065,0.4,0.013110607,2
3900.385921,24.14377854,941.7005391,916.6243113,75.62653905,15.73574449,117.3926309,-0.010139043,0.933333333,0.006647173,2
2644.906301,48.55526248,1284.241197,805.7401337,50.43331499,14.65823488,78.43979102,3.709240832,0.133333333,0.008424468,2
1230.172676,45.42655298,558.8250422,804.8842315,49.19233056,14.6537042,61.99773107,-0.225339557,0.066666667,0.012291735,1
1630.911149,36.7653335,599.6099232,731.3806812,62.19755956,10.2946697,75.80229985,-0.799109544,0,0.006567357,2
9611.236428,10.50253283,1009.423262,824.9362095,88.48160817,18.50883669,197.3569448,0.084624361,2.266666667,0.012822435,1
3492.197922,35.81030453,1250.566711,916.810464,63.21899075,18.19877204,115.3242176,0.687489221,1.733333333,0.010825858,2
2714.087896,67.71729452,1837.906894,693.6985986,27.69997526,19.12407215,67.60970212,-0.285596621,0.8,0.015609505,2
984.7134589,34.24128428,337.1785348,831.313287,63.83055013,9.615693552,49.22902837,-0.239495648,0,0.006650806,3
3795.204092,47.95026365,1819.810368,781.4694123,50.14863322,19.09216865,114.4932153,-0.131359138,3.066666667,0.013399476,2
863.2452699,39.65809179,342.3466015,767.1515013,57.92892335,8.773785266,43.57384603,0.807021792,0.066666667,0.006218587,1
1864.900255,23.76384907,443.1720821,773.3805574,75.54503043,9.674571275,83.79546754,-0.917985693,0,0.005793544,2
1510.689255,30.90880766,466.9360362,745.5454916,67.69619132,9.929813222,57.06570244,0.187735818,0,0.00686609,1
2465.703464,20.18206634,497.629909,774.367995,78.46766306,11.4302414,66.6609912,0.560545663,0.2,0.007820507,2
2141.761087,72.8251797,1559.74136,818.3184172,25.34549209,20.46572568,55.4916907,-0.045376083,0.533333333,0.013866156,2
2377.735747,28.9615279,688.6286017,857.0847569,68.77268761,14.91779654,65.41535788,3.977992626,0.666666667,0.010489756,2
1353.309058,41.16072387,557.0318044,776.2606406,55.03145578,12.64229833,52.09349931,0.91886159,0.4,0.010188844,2
1477.898185,23.40835083,345.9515921,664.7772128,73.8884689,9.230469403,47.37335844,4.942219633,0.2,0.008648104,2
1584.191025,23.75410109,376.3103376,744.6493508,75.07838319,9.225395223,84.09606289,-0.792597333,0,0.006569223,2
733.5139472,30.37558845,222.8091778,867.7064581,67.71114393,8.574928983,43.65764712,0.126105877,0,0.005945051,1
6484.336121,16.13809783,1046.448507,849.84793,82.53482067,18.81217858,276.8462712,-0.79725105,2.733333333,0.016794256,2
2119.747257,60.04866545,1272.879939,807.7990278,37.61618183,18.27385616,62.29470169,-0.160757871,0,0.012887424,2
746.2566031,29.44646194,219.7461666,868.7188189,68.70781425,8.684464981,44.97854577,0.067989957,0,0.0060023,1
2117.628451,42.08167697,891.133564,696.7717472,45.95513769,18.54143528,74.83638385,1.150790617,2.466666667,0.019796307,2
1547.545211,33.27483292,514.9430832,735.2622972,64.21514536,10.9498116,72.66701145,2.127395523,0,0.009103815,2
1582.175692,59.98999267,949.1470815,812.2200685,39.13142137,12.5120941,53.49011506,-0.173458251,0,0.006729048,1
2171.364319,38.11439387,827.6023489,769.4945278,60.63698281,13.33142747,86.55528557,0.492035392,0.6,0.009102483,1
945.5874654,54.17665261,512.2876362,693.5946267,42.84893544,9.079673551,38.68882879,0.774811091,0,0.006988763,2
3033.330267,24.64092381,747.4406001,943.4787025,75.16874685,13.94809114,99.26949885,-0.025025521,0.6,0.005545569,3
2902.660531,38.13616166,1106.963313,779.9874881,60.66480644,14.15203208,77.14038182,0.52173722,0.2,0.008692935,2
4263.873633,24.22174645,1032.78466,942.863185,75.68618373,16.20312361,119.5626135,-0.443671151,0.733333333,0.006345829,2
1924.487408,38.96510694,749.8785766,778.4684769,59.85450266,12.09577601,68.70473573,-0.311230193,0,0.007711092,1
3513.805661,51.84438231,1821.71084,935.3294716,47.3903451,21.74686414,96.81703097,-0.297567285,2.066666667,0.012264132,1
2808.143194,26.78662314,752.2067346,890.2838161,72.93323333,12.81570059,91.29725557,0.291009821,1,0.006398397,2
8392.798058,7.582898935,636.4173945,834.1891531,91.88546128,15.42171079,218.5895722,1.25506324,1.466666667,0.011375538,1
3379.547095,22.41236433,757.4364075,929.9491786,77.51155777,13.64462771,77.60838193,-0.532411567,0,0.00471851,1
3253.900434,24.37809436,793.2389183,993.2065162,75.41441012,14.82603659,98.35604817,1.208592625,0.4,0.007099268,3
1322.954398,64.01003726,846.8236029,786.227002,33.34652216,12.66180242,46.40057238,0.32432997,0.4,0.008353878,2
966.294737,32.47222402,313.7773917,895.4501569,66.37404824,9.26500337,56.25998637,-0.462106776,0,0.00576951,1
3307.500445,32.20279851,1065.107704,839.1010403,67.47429821,14.87628401,114.81746,-0.811151432,0.133333333,0.007724845,1
1611.289043,24.1332882,388.8570287,738.654449,74.1778617,9.59165986,61.59212969,-0.152363934,0,0.006957109,2
3051.929606,15.28783727,466.5740317,994.7161929,84.26436759,13.12968235,344.980234,-1.133718147,0.6,0.007762809,2
763.2798968,33.4042446,254.9678837,754.9466425,62.71881627,9.015836903,41.08461704,0.195703589,0,0.007736453,1
3013.959982,14.37776886,433.3401997,745.8009688,85.11827079,9.941325182,110.4603506,10.33727698,0.333333333,0.0060008,2
6728.257829,16.1010137,1083.317715,940.6068632,83.74406639,17.08992188,214.6491089,2.030047043,1.333333333,0.010283652,3
4478.432433,13.63836065,610.7847667,1154.844005,86.3592944,16.10585225,99.00168517,-0.523972959,0,0.004337503,3
3479.343619,71.80927521,2498.491435,727.7682725,24.40428356,22.88785483,72.90221837,-0.391080022,1.533333333,0.017065407,1
893.4029387,52.60595141,469.9831158,693.4384134,44.31652692,9.100756663,38.8537448,0.744188569,0,0.006987664,2
4911.235318,20.88442885,1025.683446,895.4449245,78.94493202,15.76546504,138.7757408,3.589182642,0.733333333,0.007500556,3
4021.656993,27.18826077,1093.41859,1001.524387,72.56928034,18.13465778,146.0103193,0.305893101,1.4,0.009117401,2
3208.450443,46.95642279,1506.573555,922.0511806,52.2478584,20.48551828,79.32525227,0.024589182,1.666666667,0.012144349,1
2958.872606,43.87220247,1298.12258,932.8394363,55.3668474,18.36051737,89.61123221,-0.078276319,1,0.010496601,2
3661.065107,43.14519757,1579.573774,1003.703785,56.73245507,20.83859899,96.36006408,0.372247465,1.533333333,0.009544542,1
2703.086673,48.71213604,1316.731257,806.1948042,50.40480052,14.60030629,78.31558521,3.775871733,0.133333333,0.008384398,2
4414.843155,22.22120167,981.031201,1063.336821,77.72005655,17.38873626,150.7304715,-0.67975802,0.533333333,0.00643696,3
4347.204843,55.66537022,2419.88767,1017.045335,44.22939217,23.25872233,100.6700861,-0.202396724,2.133333333,0.009681521,2
2989.21346,50.88683221,1521.116038,992.16793,48.78235071,19.53494909,78.97124835,1.185045891,1.533333333,0.009850327,3
2480.006121,45.82332022,1136.421146,797.7713489,52.39432844,16.51241643,73.98100028,0.230347964,1.6,0.010869269,2
5230.242924,46.93108081,2454.609533,1029.973289,53.01135928,23.71546423,106.2985419,0.250206528,3.466666667,0.009426443,2
4524.91683,35.61976862,1611.764905,1020.743824,64.27767385,20.85248103,126.5373831,-0.494995378,2.2,0.008560543,1
2515.82045,32.14638232,808.7452603,783.2257254,66.6316219,13.17836336,96.22769505,2.62328601,0.333333333,0.009185126,2
4807.161239,36.64165229,1761.423306,1023.441437,63.25724273,21.78014894,102.1575286,-0.176799827,2.333333333,0.008957622,2
2363.203924,36.03104617,851.4870969,671.5716093,51.16824776,19.678486,97.17044406,1.487670131,2.933333333,0.024666328,2
3350.319653,14.26967646,478.0797748,725.906876,85.0775061,10.12103874,125.4523799,7.236304676,0.333333333,0.006880642,2
3235.823351,13.59097123,439.7798207,741.4195444,84.80288711,12.30317509,134.3531079,4.332874352,0.133333333,0.009653269,2
1444.717432,23.62966261,341.3818548,666.6486703,73.79816404,9.235877463,47.03423568,5.018029916,0.2,0.008602796,2
6157.316121,8.744836451,538.4472246,1076.935319,90.96204275,15.83575595,280.5681085,-0.557416661,1.4,0.010203007,1
1583.97386,35.44671569,561.4667109,735.4304159,62.31746014,10.86424298,73.45669024,1.972236002,0,0.008956388,2
1400.738812,24.44965824,342.4758524,726.858291,73.43596143,9.165847341,61.54096118,-0.055393724,0,0.007339306,2
1759.6296,35.84528549,630.7442536,905.1788921,63.63124565,12.53450673,153.0084077,0.076458125,0.2,0.006272082,2
4213.903156,13.71740914,578.0383365,885.9241768,85.96051402,13.83601682,88.87714856,0.638510074,0.2,0.007230724,3
1505.509864,27.97610544,421.1830269,722.8408971,70.13247219,9.486249288,51.72721222,-0.293202182,0,0.006911739,2
2724.639873,47.65157907,1298.333923,910.5682597,51.90437462,16.60485643,76.73262476,-0.163300029,0.266666667,0.008600679,1
5377.758818,38.81724536,2087.497835,1107.814667,61.15575097,23.08867578,148.2200862,0.558817678,3.066666667,0.008443988,1
3869.276252,43.2530477,1673.579903,1026.739115,56.6530956,21.31840464,84.69655612,-0.210150398,1.6,0.009523546,1
1983.630186,38.25553531,758.8483462,793.9037052,60.58897385,13.68401654,66.11142468,0.072026911,0.133333333,0.009347528,2
720.103966,30.86624505,222.2690548,873.555494,67.24055144,8.604578871,48.97684074,0.191914009,0,0.005813317,1
4832.557049,63.06985734,3047.886837,777.6807791,34.45128668,26.06490345,90.90175386,-0.736321037,3.733333333,0.017976369,1
3940.31545,19.86746374,782.8407433,627.7550192,78.68592999,12.64692791,123.4157021,44.55455959,1.2,0.010289813,2
1691.149707,24.16228983,408.6204937,712.2990058,74.18144162,9.744565392,63.98662374,-0.182157419,0,0.007831314,2
4276.483427,33.4695878,1431.321375,717.9519144,63.17802325,18.56261425,155.0333592,0.015855716,1.733333333,0.018326951,1
1684.561295,22.98924136,387.2678619,896.3310649,76.49227304,10.00579152,60.21044382,0.065590422,0,0.005286702,2
6701.348046,14.5105643,972.4034169,1002.217717,85.32530398,16.13195834,202.4849322,2.345856407,1.133333333,0.009645569,3
2160.456304,61.33928167,1325.208378,820.9031104,36.96306576,19.29419319,56.07781411,-0.305114513,0.333333333,0.013097788,2
2521.079629,25.79101698,650.2120751,878.6525605,73.51395908,13.37427787,83.96828847,-0.192899452,0.333333333,0.007821346,2
1934.92939,45.18982091,874.391126,765.5321157,50.05409246,16.64396244,63.16489053,-0.49451533,0.066666667,0.013977753,1
1999.706008,61.97326541,1239.283112,819.5793639,36.228415,18.82318915,55.04406261,-0.234570332,0.266666667,0.012821538,2
3912.120017,35.46273563,1387.344779,1025.022686,64.39315857,19.03307069,153.3498702,-1.070252177,1.6,0.007461277,2
1506.167064,38.45423249,579.1849845,866.3800429,59.60960614,13.76452628,57.60366529,-0.480018299,0.133333333,0.00977525,3
2591.568825,18.53502452,480.3479173,936.7198734,81.33433629,11.96025241,73.97789112,-0.427630197,0.2,0.005119173,3
1074.154284,53.55429542,575.2557585,787.3474091,42.32299123,13.12978556,50.26016569,-0.405090503,0,0.010380214,2
5893.702083,10.43505606,615.0111161,1195.756019,89.55708262,17.14313988,189.5526187,-0.873400024,1.2,0.005134972,3
2673.437147,36.90069871,986.5169868,853.2109617,61.55449524,15.31448005,72.8620189,1.137509567,0.533333333,0.009635416,2
4415.907676,71.00688536,3135.598501,757.2770119,25.20302077,25.85888031,84.12037729,-0.601650308,4.866666667,0.01859065,1
3075.576291,49.48725972,1522.018427,810.9976582,49.53354991,16.22715248,80.52958259,0.394475889,0.466666667,0.009671402,2
3479.767145,23.28031634,810.1007992,789.7218028,76.3146855,13.49383383,113.3802263,-0.942823092,0.2,0.008025658,1
2423.109472,29.10620863,705.275298,879.7709802,70.60347301,12.67122444,68.52627856,-0.633829328,0,0.005376524,2
5420.662967,15.47864384,839.0451143,924.7773962,82.99669578,17.16792668,419.6245217,-1.166109081,2.2,0.015226123,2
2676.262227,12.2675955,328.3130246,694.945909,86.93580973,10.05771376,234.0195039,0.218921838,0.6,0.007144393,2
2561.657618,28.17743404,721.8093855,870.3967964,71.46170561,12.21217685,83.04942659,1.284616649,1,0.00631585,2
3988.354676,45.75751043,1824.971807,987.9185155,54.06527684,21.06468308,114.3291537,0.016881161,1.6,0.010204879,1
1827.498028,20.7474067,379.1584481,616.3681092,77.35509611,8.930333639,72.23499955,5.776033168,0.2,0.007495398,2
1422.915432,60.74139716,864.2987135,794.5194149,38.26036766,12.16469055,48.89933773,0.053053115,0.266666667,0.006867374,2
1953.399134,27.33363307,533.9349517,924.2772689,72.18610942,12.0166939,66.04171531,-0.10440639,0.133333333,0.006300789,2
3988.088202,72.85088209,2905.357434,783.2197728,24.09619199,25.54917439,79.59103584,-0.620261842,3.6,0.017826782,1
2542.976935,65.20402636,1658.123351,669.8515589,30.29511302,18.28723408,77.77132079,0.689232887,0.933333333,0.016457517,2
947.1250164,30.75725369,291.3096441,881.6419685,68.12449207,9.118885629,46.02368667,-0.117217927,0,0.005777754,1
1454.09595,28.37910889,412.6594731,770.2099371,70.38498868,9.519950224,55.134707,-0.044805362,0,0.006059499,1
8219.510154,13.96794281,1148.096478,882.6997805,85.38095246,19.30230898,306.9496036,-0.435128527,2.666666667,0.012945299,2
6179.669719,10.6694533,659.3369744,962.9961855,89.22443902,15.71752676,180.1457144,-0.779200438,1,0.005766976,3
4570.895644,36.73951311,1679.324804,904.977081,62.81861139,18.48010631,119.4543653,0.251815897,2.666666667,0.009200771,3
7333.015406,12.46075505,913.7490873,987.855666,87.21263572,17.20909406,322.1976503,-0.635541335,2.133333333,0.009184339,3
3024.40426,53.68078404,1623.523919,826.2710932,44.94226475,19.20648634,80.73866532,0.23799721,1.266666667,0.012235841,1
1896.631001,34.37099101,651.8908708,902.8590516,65.08741823,13.13993596,77.67375392,0.457937883,0.666666667,0.007378572,2
1142.104164,54.13182022,618.241773,702.3308126,43.05732739,10.02685415,41.8174398,0.721951003,0,0.007528842,2
3607.052577,69.66194659,2512.74304,726.4971822,26.74419363,22.80242446,75.00765843,-0.590564933,1.866666667,0.016795487,2
3606.309829,36.87021099,1329.654043,971.0630777,62.87641477,19.33598489,107.1890395,-0.184454904,1.066666667,0.009911624,1
1518.170664,61.84299063,938.8821413,789.2243978,37.06893795,12.07101246,50.91937331,-0.24150919,0,0.006502262,2
2654.908322,21.87702204,580.8148787,925.1934697,77.88894298,12.33233221,84.4679517,-0.620662213,0.133333333,0.005302595,3
2185.887651,22.98339547,502.3912033,837.9104152,75.77893102,12.10331668,62.10661725,-0.179260057,0,0.007796739,3
6897.236411,14.17778178,977.875127,948.1004947,85.70768483,16.92003883,159.5312563,1.129631892,2,0.0069463,3
2943.915449,27.60745304,812.7400749,896.7308737,72.05705607,13.92525211,106.0973534,-0.034080882,0.466666667,0.006455212,2
3307.191091,39.02800337,1290.73065,978.5745623,60.7852228,18.42434932,97.9095582,0.444122669,1.333333333,0.009178768,3
1318.808688,40.04740486,528.1486546,781.2316938,55.13560296,13.55408006,54.55651746,0.58160945,0.4,0.01122065,2
3605.783138,23.80898136,858.5002351,882.3527589,75.68735588,15.04776667,93.56914616,0.058303747,0.733333333,0.008327441,2
3345.288944,29.6160478,990.7423726,835.243748,69.99304267,14.66514546,112.7923549,-0.861935159,0.133333333,0.007941334,1
2148.198186,51.3639117,1103.398619,701.0144885,42.14776747,17.03401398,67.96675099,3.619398328,1.8,0.01584516,2
6413.236407,11.36923811,729.1361177,1164.176114,88.62321039,18.08094668,172.2910783,-0.209562507,1.2,0.005422658,3
1972.819487,44.54558561,878.8039934,813.9477613,52.98154384,14.59970716,77.61363004,1.307198056,0.866666667,0.009987736,1
2495.634407,18.53010643,462.4437118,775.1123249,80.25692842,11.23718592,66.08582822,0.591781093,0.2,0.007731173,2
3256.990662,67.06032332,2184.148468,718.8098821,28.34086135,21.83007935,75.01664395,0.406791502,1.666666667,0.017508036,2
3940.527573,16.13734631,635.8965808,1158.104085,83.7424896,15.81560481,317.281703,-0.652055831,0.933333333,0.007364548,1
8951.850788,11.37788733,1018.531497,898.5439552,87.72042719,19.21325279,325.2985389,-1.107249435,2.866666667,0.014257003,2
4053.041945,23.06495615,934.8323474,914.4225806,76.74020053,15.58790397,118.0832397,2.579668002,0.733333333,0.007175951,3
1964.543632,63.55869745,1248.638343,834.1548808,35.80205442,14.60847898,58.9657307,-0.425176904,0,0.007664973,1
1933.811272,24.64708694,476.6281455,903.9132588,74.97459849,11.08973392,74.33594706,2.126520668,0.133333333,0.005425963,2
5315.105532,13.03923384,693.0490392,718.5560358,85.09032933,14.8996818,156.6324579,2.977099604,1.933333333,0.013648234,2
3126.717617,43.25552904,1352.478247,985.2194864,56.3431866,18.91734713,86.35755066,0.821714596,1.466666667,0.009498323,3
3960.374286,43.85952769,1737.001457,984.8985591,55.96424658,21.03550188,114.9780659,-0.079824956,1.6,0.010177594,1
1587.666944,39.92688418,633.9059418,864.54235,57.1913508,14.05188093,57.81425453,0.560003548,0,0.009849394,3
1999.490047,36.66266191,733.0662759,963.7647583,63.15603706,13.65741507,70.47123361,0.518108335,0.533333333,0.00648744,1
3845.129632,26.8931742,1034.07741,867.7292804,72.52806014,15.23561655,138.4085757,-0.576833768,0.533333333,0.008287641,2
1081.544653,49.32653279,533.4884781,781.7688231,45.76909129,12.68891431,47.83604286,-0.483433277,0,0.010209698,2
1602.015163,58.83176123,942.4937358,631.5351365,37.39276625,12.38326915,62.48417045,0.708613276,0.533333333,0.010797587,1
2306.722757,44.34944203,1023.018672,671.5017076,54.13926288,12.31768835,66.41696437,2.435652515,0.533333333,0.009013913,2
1269.962006,16.54984018,210.1766824,622.5230002,81.89800596,6.773089886,151.5080082,7.486216184,0.266666667,0.006740689,2
3333.1112,48.85376081,1628.350174,991.4538432,50.8113139,20.9446927,96.41608302,0.927911997,0.933333333,0.01087699,1
1871.738355,25.19631354,471.6090647,818.102787,73.3069917,11.77892617,60.07719148,-0.352870842,0,0.007634877,2
2633.777661,13.78728084,363.1263228,727.4964825,84.95365286,9.864432349,73.56528945,5.509673124,0,0.00777265,2
4229.428157,24.74050822,1046.382021,857.2330994,74.1798136,15.43751975,334.8180916,-0.703173874,1.333333333,0.017733285,2
3115.170376,21.22461952,661.1830595,879.5179505,78.25589616,13.59427791,281.7074496,1.980699438,0.733333333,0.008597166,2
1286.144681,55.74304672,716.9362305,779.1749729,43.26275939,10.96028706,48.83954508,-0.274362515,0,0.006116127,2
1540.765326,44.54199082,686.28755,841.0132254,53.58848922,13.60449469,53.75203085,1.898476552,0.266666667,0.00906361,2
8068.042884,11.30889762,912.4067099,1062.081433,88.26858617,19.47125198,369.4182615,-1.090022035,2.666666667,0.011922052,2
2630.061138,24.7673143,651.3955083,784.0883918,73.8512098,12.60068143,70.48222677,0.049772168,0.133333333,0.008320413,2
1964.901801,33.61896259,660.5796014,804.695435,65.44839488,11.74359008,89.74874457,1.752857091,0.4,0.007161932,1
4431.332379,43.191783,1913.971465,1039.196093,56.71133383,21.65145762,100.6857872,-0.374775863,2.333333333,0.008853165,2
3589.607536,17.7735628,638.0011497,737.0302634,79.8207435,14.06975194,116.1763521,7.163217282,0.6,0.013074989,2
3546.883627,34.01123031,1206.338759,752.6823315,64.44338578,16.27352266,101.3557931,0.027694977,2,0.011374485,2
1068.559895,37.47822891,400.4773234,782.9081629,58.64802389,11.56060786,52.16972185,-0.167298919,0,0.009445071,1
2682.629001,49.78293024,1335.491324,833.4851843,48.66936193,19.75497893,69.41193799,0.36684053,0.866666667,0.013464537,1
7015.939834,8.549357031,599.8177455,1200.286549,91.44284496,17.50609961,200.1490947,-0.908713035,1.6,0.005061432,3
765.233023,27.53773077,210.7278096,868.7671619,70.71893921,8.434215765,45.13735363,0.007255138,0,0.005817726,1
10227.67807,6.537314182,668.6154493,1088.289075,93.26682806,18.72615732,308.1980806,-0.73430522,2.466666667,0.008979864,3
3606.238414,65.90289869,2376.615648,734.0424593,31.84268048,20.88761163,79.57180713,-0.642654999,0.866666667,0.014547664,1
2599.016159,21.3966027,556.1011616,931.8031611,78.35644762,12.54640791,69.81045416,-0.247050895,0.133333333,0.006093206,2
1593.649305,38.19110394,608.6322625,965.8292122,61.63372747,12.42259273,52.67821653,0.161259479,0.2,0.006140359,2
2364.772906,20.09693328,475.2468332,954.3819552,79.80104384,11.43538789,63.4749813,-0.109779899,0.2,0.00477575,3
7978.673409,6.592080067,525.9605394,1148.722117,92.84107875,18.10445244,401.9291042,-0.721382189,2.2,0.01560685,3
2105.385896,41.54648883,874.7139161,844.614533,57.2402017,14.58191064,90.93951063,0.719655592,0.4,0.009263671,2
1507.892812,36.02778098,543.2603196,829.1420589,63.17660801,10.74021105,64.25673169,1.821454455,0.133333333,0.006150937,2
2991.498553,27.70512557,828.7984305,903.231623,71.69985218,14.1337699,103.7658295,-0.236664577,0.733333333,0.007766915,3
4000.782063,20.21375136,808.7081387,878.0957591,79.27898552,14.88236966,103.1697846,0.384788136,0.666666667,0.007975906,3
1139.389394,35.19558361,401.0147469,789.4733903,61.21887596,11.83596215,55.85957068,-0.118467117,0,0.009734673,1
3736.777753,19.87630463,742.7333295,776.3426445,78.75954006,13.72085364,158.3431604,0.167069227,0.6,0.01015939,2
2786.244173,50.46266695,1406.013117,940.8733602,48.91726208,20.25092861,68.6902512,0.298867671,1.133333333,0.01170632,1
5163.883412,20.03861865,1034.770905,942.8632768,79.08062712,17.22313267,195.1408154,-0.959200984,1.466666667,0.010856482,1
2919.573371,27.07853046,790.5775645,895.8774385,72.08265277,14.30999039,105.6137496,-0.259327281,0.733333333,0.00828232,3
1980.66178,70.08332871,1388.113706,815.5503638,27.79123949,19.57622641,54.96904332,-0.163655794,0.266666667,0.013405834,2
821.1305283,32.87175886,269.9200472,880.6125918,66.03953002,8.52577894,45.75876969,-0.319362371,0,0.005419533,1
5915.338751,10.4412781,617.6369695,999.3999511,88.96698734,17.09157562,371.1766647,-0.380926515,1.6,0.011529671,1
3474.68887,46.59888092,1619.166129,1006.89797,53.26244258,20.55695872,91.13629015,-0.284507238,1.333333333,0.009492313,1
1294.077705,44.17035306,571.5986912,781.7639272,48.69377325,15.05178922,62.42218155,-0.086141576,0.066666667,0.013318444,1
1123.113974,49.4301618,555.1570546,715.6270419,42.41784165,12.88328831,69.76498072,-0.25154868,0.066666667,0.012921125,2
1710.61392,26.73462026,457.3261357,728.9471297,72.21158442,9.353866956,61.1099605,-0.074401011,0,0.006394074,2
1849.437844,34.91130929,645.6629658,808.5720433,61.58879358,15.10403344,66.1548941,0.269275978,0.066666667,0.012123913,1
2027.887751,36.12843562,732.6441206,856.8739924,62.49221471,14.26643591,62.99936254,0.272530174,0.466666667,0.009288809,2
2476.637528,59.00149823,1461.253248,811.1835472,39.09081853,19.08205794,67.84601077,0.05811423,0.4,0.013038678,2
1664.883505,23.1703548,385.7594152,712.9671304,75.03886856,9.733898256,64.18584405,-0.216110713,0,0.007729227,2
3958.546088,32.11798527,1271.405249,681.3302959,63.28415357,18.67317177,148.7472726,0.231420696,3.066666667,0.01716338,3
2821.987086,22.4800266,634.3834474,770.2409181,76.92670936,11.4605494,111.1994552,7.759881993,0.333333333,0.00666426,2
1841.76234,40.51029299,746.1033201,794.4832062,57.78261921,13.93064715,64.96282658,0.049610865,0.133333333,0.009775404,2
3912.086709,46.62459794,1823.994699,784.3821257,51.6768271,19.15733619,117.2785641,-0.162702906,3.066666667,0.013363442,2
6206.629097,18.1141742,1124.279606,900.6679998,81.76741707,16.4116299,149.0668154,0.748709622,1.333333333,0.007355213,2
756.1735508,43.67498471,330.2586827,726.7731191,50.50208851,10.03562016,37.09448345,0.505253418,0,0.008888704,2
2653.350034,13.52188861,358.7830361,728.571146,85.22161605,9.894378467,73.96897491,5.250096595,0,0.007775995,2
6032.765013,16.75719287,1010.922069,937.9773968,83.11019425,17.23684799,128.0660246,0.745896489,0.6,0.007599274,3
3692.728078,30.72432568,1134.565801,1084.6758,69.25872286,17.48528687,87.05514151,0.212062035,0.933333333,0.006537462,1
1444.411347,58.27040418,841.6643298,787.7839101,40.69512815,11.84271672,49.24547265,-0.128937302,0.133333333,0.006665837,2
9274.621064,12.28993056,1139.844489,897.2263809,87.42352368,17.54419084,221.6221207,2.719373182,2.333333333,0.009028169,2
3109.522684,33.15916075,1031.091625,966.6768643,66.42677647,18.03161177,147.3774025,0.995969265,1.4,0.009800074,2
2095.204898,28.81686051,603.7722729,706.6340881,69.8063072,10.47827055,105.0804044,12.48248403,0.2,0.007158366,2
3958.077196,45.17344813,1787.999949,984.5889156,54.64938579,21.0054927,115.1001868,-0.094411887,1.466666667,0.01017015,1
1157.512916,67.09275262,776.6072773,780.074108,31.5057558,11.2658149,44.08000798,0.094515812,0,0.006670775,2
2956.250391,27.75446118,820.4913672,883.0318194,70.79949147,15.53534041,83.45706928,0.86383715,0.933333333,0.009910656,3
2484.342105,26.35031496,654.6319692,938.5897747,73.56931212,12.27077893,76.96808215,-0.309918859,0,0.004618033,1
2443.008976,22.85502918,558.3504145,886.9088888,76.99025255,11.85227517,63.80146639,-0.22257464,0,0.004488216,2
1589.040661,43.17146855,686.012189,861.8836936,56.27296602,11.66645984,56.7716867,0.912134752,0,0.006136298,3
2189.99175,15.02776371,329.1067854,827.6534269,84.11481182,9.759387286,75.21232841,2.045506916,0,0.006077102,2
3417.385369,43.34659125,1481.320067,808.8542842,55.67875349,16.8653267,105.4393201,-0.426322786,2.266666667,0.010455973,2
4284.474026,26.46338474,1133.816845,1009.518833,73.44032839,17.81303778,152.9105622,-0.495227201,1.333333333,0.007340392,1
1149.725239,55.96508101,643.4446615,570.2756091,40.67758882,8.970226838,47.92274873,2.243341712,0.133333333,0.008961981,3
3471.583312,65.87372893,2286.86138,723.9998016,29.79568397,22.75186863,78.63969955,-0.531322204,1.8,0.017629923,1
1041.283442,36.48504138,379.9126948,739.0314722,58.80336778,10.91506355,47.21737574,-0.008963081,0,0.009488606,2
3755.723879,28.27333792,1061.868504,891.8471827,71.36967964,15.59882349,138.8785862,-0.870279265,0.533333333,0.007818456,2
1719.488255,19.49125521,335.1498442,652.5425792,77.97268887,9.206097862,103.5432982,4.286482678,0,0.009445963,2
3607.04516,20.62921668,744.1051618,1051.508818,79.32920772,14.6697373,140.2491229,-0.028651781,0.466666667,0.005337071,3
2375.968428,36.16336482,859.2301305,835.0739644,63.24882564,14.19055329,83.63357197,-0.197328565,0,0.007889266,1
2354.597346,61.46663359,1447.291723,809.9357758,36.39100229,18.88990356,63.54067352,-0.022946632,0.133333333,0.012857204,2
1365.17208,30.91523355,422.0461369,724.1839308,66.65673541,9.537879276,48.35158341,-0.02686135,0,0.007387354,2
5931.685901,23.07664328,1368.833996,651.8351446,75.65806161,15.95597537,141.8204806,-0.47327336,1.4,0.022314151,2
2905.303797,32.76936479,952.0495993,875.2238341,67.01904489,13.83762464,83.26254407,-0.461418813,0.2,0.005771252,2
3786.976936,17.83324317,675.3408058,884.5155987,81.86755435,13.51213376,92.89616151,-0.063566505,0.133333333,0.006891035,3
1168.90598,55.31688422,646.6023675,784.2725795,43.30898331,10.88424065,51.99925327,-0.490701333,0,0.006436647,3
5904.116131,23.38083983,1380.431936,875.2986572,75.53625393,18.52566699,305.7671858,0.511174345,2.133333333,0.012600362,3
2815.546136,21.6773557,610.3359509,901.8222811,78.21739162,12.09101512,67.62328906,-0.287530146,0,0.004246873,2
3607.123449,19.48860365,702.977992,1053.282588,80.46655611,14.61613935,139.169869,0.008047437,0.466666667,0.005113213,3
2447.934167,29.30361492,717.3332017,813.2471371,69.72661997,14.00388803,104.0766212,0.547879682,0.6,0.009028525,1
971.263943,42.04614999,408.3790943,739.0467828,53.50947351,10.83633248,46.35305932,0.226835262,0,0.009574452,2
2098.336905,39.20250972,822.6007292,964.4495756,60.43459918,14.47081695,101.5237485,0.990462684,0.6,0.007556532,3
8435.565895,10.55513904,890.3857088,902.518995,89.1980369,17.69715888,215.9838873,3.097638808,2.4,0.009039013,2
6886.464467,15.18410159,1045.647761,954.0116375,84.47398847,19.04666482,167.8149193,1.576751611,2.4,0.010536239,3
5278.417387,22.06239636,1164.545365,1109.397563,77.92956804,19.27982474,117.0118589,-0.027808989,1,0.006107075,3
1913.380008,54.08167027,1034.787867,632.3467749,42.34006174,12.828618,63.95511387,0.67340805,0.533333333,0.011079996,1
2129.124019,58.0314882,1235.562354,809.7197113,39.71650524,18.60364744,63.90892726,-0.205525471,0.266666667,0.013359904,2
4956.604782,25.43802561,1260.862394,960.8962397,74.45456255,17.47507884,125.6795178,-0.877581297,1.2,0.006965364,2
3004.346736,27.51450767,826.6312132,903.3631486,71.89681308,14.11860005,103.8983124,-0.244664145,0.733333333,0.007768172,3
1533.869926,56.76842728,870.7538336,781.8136099,42.16042226,12.02983719,52.39669584,0.010168358,0,0.006390462,2
2013.547159,20.86169932,420.0601539,732.9790175,77.8261249,10.19231429,63.0316292,-0.288913227,0,0.007263575,2
2649.135789,49.51431205,1311.701361,834.6534561,48.95794766,19.61768679,69.53712368,0.369265281,0.866666667,0.013328489,1
3301.539583,42.5919628,1406.190511,909.2558139,56.32839908,18.89458373,99.70875138,-0.466764885,1.533333333,0.011368364,2
5015.187625,38.6523619,1938.488471,1024.853893,61.25331029,21.83024053,103.0541502,-0.198156294,2.466666667,0.008956127,2
1537.622096,23.59897143,362.8629991,732.5349098,74.4916058,9.484748361,63.35691565,-0.226950394,0,0.007233892,2
3745.204061,45.94469906,1720.722735,758.6946758,52.18808663,18.85359837,101.7797753,0.168450796,3.066666667,0.013392278,2
826.8684082,32.9041519,272.074037,729.4138509,62.47053555,9.568506611,43.85867502,-0.1420269,0,0.008640492,2
2176.787326,53.24853824,1159.107432,780.8502687,45.54009458,13.52024519,66.28158778,-0.098324779,0.6,0.008204563,2
781.1699237,37.80894087,295.3520745,771.0490276,58.58063449,8.820730561,58.40783365,-0.792067249,0,0.007197063,2
3790.538122,49.27851223,1867.920792,1033.721185,50.58603095,20.69927737,125.4276453,0.493159883,1.333333333,0.008618898,2
766.6563675,32.9894604,252.9157987,872.4124041,65.15186142,8.876273214,50.89350021,0.327785122,0,0.00607272,1
1704.128039,36.16602309,616.31534,806.424331,60.46567689,14.36848454,57.56524738,0.025593505,0.066666667,0.011273501,1
2048.376008,34.46984844,706.0721056,857.2670902,64.31490752,13.93865795,62.34037992,0.095119021,0.4,0.00862175,2
3270.168314,71.59972259,2341.431441,713.8865518,24.26950813,22.43441258,71.90428228,-0.455713809,1.4,0.017437769,1
2488.139817,37.96563877,944.6381749,860.7601788,60.33540059,15.01453584,72.23860287,1.558220495,0.4,0.009578259,2
8142.780069,13.97171819,1137.686284,1119.040434,85.5269732,20.39746244,393.4249164,-0.923916825,3.266666667,0.012561288,2
3300.934748,51.97706519,1715.729006,952.4602033,47.39680855,22.04384988,75.35397669,-0.175069475,1.8,0.012523976,1
2704.270697,29.74120151,804.2825975,648.8378472,65.56674199,14.58279511,131.9970899,0.984472379,1.266666667,0.020595694,2
2678.844729,16.40222796,439.3902193,812.6372068,82.61246768,11.0642365,81.94248757,1.184087298,0,0.007173806,2
2261.254,26.72456422,604.3102775,884.4005724,72.51896645,13.30813435,74.34689833,-0.107337905,0.333333333,0.007937576,2
4195.129718,27.23965646,1142.738923,946.1182388,72.58568289,17.05264278,141.90769,-0.676043575,1.266666667,0.006914669,2
3073.929096,42.02361383,1291.776092,986.3742731,57.57383252,18.492898,86.04556755,0.879148022,1.266666667,0.00923181,3
4466.829226,33.02023655,1474.957577,972.1574431,66.8102372,18.59513544,147.5875604,-0.98795148,1.533333333,0.007592952,2
5141.685061,21.82891059,1122.373835,707.3257206,75.57427412,17.09677636,170.7781116,-0.369786404,2.933333333,0.016374642,2
1894.312005,21.9256742,415.3406785,716.4102809,76.96245341,9.558478593,131.3331675,5.222671479,0.2,0.006839059,2
667.6630757,41.14064933,274.6809247,729.6373988,52.55224589,10.10534474,36.686889,0.45191877,0,0.009107554,2
1197.818855,56.40901136,675.677774,701.9980302,40.63486855,10.63950303,43.17384535,0.520999383,0.133333333,0.008629877,2
4369.950448,69.71762935,3046.625856,756.6055898,26.88437539,25.63982133,83.29559342,-0.6517187,4.666666667,0.018475995,1
3115.985063,25.23277916,786.2496295,1004.594825,74.58227502,15.00135168,98.37949535,1.711754966,0.4,0.007105055,3
2337.871916,27.34781269,639.3568325,862.4094081,72.34982852,12.37864074,66.85192398,-0.79201098,0.133333333,0.005458898,2
5272.72924,17.02787387,897.8336846,1124.755539,82.96671826,18.95540325,115.223171,0.069128742,0.4,0.005588909,3
2585.890706,54.62092166,1412.437337,810.7371491,43.56771258,19.20958909,62.6446614,-0.525333861,0.2,0.013044101,2
2014.316533,22.55928326,454.4153724,1059.807826,77.40635083,11.3608574,84.75896027,0.816248313,0,0.004125953,3
750.7685304,36.55773619,274.4639788,872.3516135,61.50648408,8.921631618,50.95105435,0.316763011,0,0.006095828,1
3276.971546,20.44201856,669.8791317,788.3151051,79.11538003,12.24455572,92.42975609,-0.011889446,0.2,0.007266429,2
652.2051769,43.87555935,286.1586695,730.4810803,49.80841966,10.14211086,36.7820259,0.553252291,0,0.009146666,2
7340.201399,7.947301011,583.3479,1025.289302,91.43830748,16.01714024,385.9362742,-0.744503293,1.466666667,0.010872577,1
1374.523149,29.15741172,400.7753736,768.2142111,68.62457888,10.15657935,52.56704769,1.530814804,0.066666667,0.00761005,1
8832.338036,11.87716211,1049.031107,823.7193005,87.12666474,18.44960595,194.7052112,-0.00591739,2.266666667,0.0128156,1
1325.29493,26.59486266,352.4603664,659.4304598,70.06543113,9.436996954,102.2306088,4.096264733,0,0.009567394,2
2619.15516,40.10498289,1050.411729,864.9034289,58.28466185,16.91739724,74.73544672,1.610593792,0.733333333,0.010640332,2
2684.538885,19.50006558,523.4868431,931.4510769,80.25241473,12.55647188,69.91492607,-0.256560016,0.133333333,0.006097856,2
1588.388465,28.68526582,455.6334535,750.2114273,70.03840097,9.523761941,57.44882397,-0.396049193,0,0.006305556,1
3454.903996,35.67531327,1232.547824,795.2007676,60.84884494,18.58783484,129.4380566,-0.973641978,2.266666667,0.015815647,2
3871.743874,13.36154898,517.324954,946.1759429,85.89548725,13.28152658,366.9524643,-0.935457816,1,0.008930248,2
6643.383165,15.57499083,1034.706319,793.6421794,81.99879338,18.78063081,325.318248,-0.241802987,3.4,0.019388556,2
753.6143911,37.86395314,285.3481999,763.7477103,57.31090586,9.645593432,39.67869,-0.085283753,0,0.008028725,1
1088.750361,52.02514059,566.4239058,683.3957444,45.15317555,9.190429684,46.819346,1.965162336,0,0.007031696,2
3947.297495,19.86886424,784.2831802,974.3891646,79.97368195,14.54020985,132.7336817,-0.381659043,0.466666667,0.005816909,3
2395.058937,22.58916525,541.023821,923.9921813,77.24778779,12.01548672,83.80790047,-0.654765449,0.133333333,0.004853496,3
5699.259641,24.53080723,1398.074396,584.6423956,71.04536201,18.62972462,142.499954,1.414030085,2.133333333,0.024731046,1
4223.013881,31.57725985,1333.512067,737.7497002,65.80747634,17.6582712,130.7624021,-1.177736525,2.133333333,0.015531824,2
1158.215651,51.60609151,597.7098286,747.1235478,39.59408492,14.67070668,44.79590991,-0.322583151,0.066666667,0.013729344,1
7058.15004,11.01206862,777.248326,934.6104376,88.79743039,16.38155113,205.4509152,3.368054993,1.733333333,0.007716622,2
3531.535382,26.53932508,937.2456554,893.0471151,72.99952641,15.34185376,100.4581532,-0.41701131,0.133333333,0.008206864,2
5346.838108,5.976973449,319.5790941,1128.233672,93.8736218,14.42139448,341.4423998,-1.422265839,0.733333333,0.007064511,2
1372.031555,41.48783666,569.2262106,807.4447414,54.93345348,13.7039099,52.08470133,0.260153621,0,0.0105669,1
3584.849334,45.80342479,1641.983768,1018.719843,54.07391968,20.90690261,86.76929032,-0.147881707,1.333333333,0.009643116,1
5277.907567,14.88933477,785.8453265,808.943613,84.61577886,14.16872219,131.0095811,0.753160678,1.333333333,0.00859631,2
4624.713791,33.90080461,1567.815186,723.2873483,61.82474055,20.44201615,146.5331837,-0.245043275,3.866666667,0.018044969,3
1675.852261,25.18446506,422.0544272,713.442844,72.92326774,9.737092761,63.95300197,-0.193353514,0,0.007770379,2
686.7775789,42.44637057,291.5121561,714.0303287,51.2520563,9.486007787,36.16152472,0.637213742,0,0.008870301,2
12390.12543,6.214288552,769.9581459,923.6974109,93.30872735,18.9981841,331.8669999,0.223662067,2,0.011788132,1
1674.205504,23.28064818,389.7658932,726.3087156,74.86029583,9.616394924,59.21385084,-0.427014963,0.133333333,0.007792411,2
2055.573744,64.82875059,1332.602776,811.6346156,32.48302051,19.35377517,61.40337391,-0.128660566,0,0.013781649,2
4274.724264,26.53050303,1134.10585,947.484185,73.3722552,15.86572004,119.8045101,-0.517246769,0.6,0.006270402,2
4220.253105,45.35220478,1913.97783,991.1189871,54.40271851,21.64854464,107.1852585,0.929280522,1.733333333,0.010690936,1
1521.994671,30.96518116,471.2884071,764.1021919,67.50012081,10.33845963,56.35745548,1.636241819,0.066666667,0.007432126,1
1918.810967,70.12924572,1345.647658,816.4878637,27.08241466,19.59217775,56.13319093,-0.399113685,0,0.013900272,2
1595.016766,26.08974114,416.1357454,754.6633163,72.17791572,9.814746091,56.6122825,0.699688586,0,0.007284394,1
1472.253493,26.04588594,383.4614653,759.8734683,72.22930313,9.585730007,54.34097337,0.776358745,0.066666667,0.006978933,1
694.7690461,38.86185329,270.0001274,769.8414696,56.41806426,9.347036452,42.06403249,-0.290548335,0,0.007760738,1
1980.270162,31.54025599,624.5822782,856.6870058,67.27200359,13.8704307,61.97955309,0.070245514,0.4,0.008644866,2
2948.201007,33.53357197,988.6371065,823.3682519,65.92123565,14.12679961,109.7546145,-0.608479471,0.133333333,0.0081042,1
6274.961639,8.12411177,509.7848971,1042.170503,91.12953766,15.23473295,386.6095795,-0.83457911,1.2,0.01072665,1
2436.06226,66.31765987,1615.539484,828.2629453,32.2713631,18.26433303,62.3994961,-0.251927491,0.333333333,0.011142562,3
1207.231404,53.21590052,642.4390632,695.8829018,44.59154786,10.99112067,48.1630414,0.379792893,0.333333333,0.009090663,2
1031.329631,33.45702627,345.0522254,893.9271261,65.32301352,9.397198739,56.09142586,-0.430428765,0,0.005859046,1
3812.23037,55.28878492,2107.73585,896.1021796,43.93785165,21.89859616,95.50826308,0.347550095,1.133333333,0.012379707,1
2407.169783,64.84839668,1561.01101,669.7550352,30.36712434,17.48614117,62.21429533,0.304534203,0.266666667,0.015107245,2
4013.611924,37.15728852,1491.349362,796.0621166,61.75110321,16.56394207,130.6698751,0.274301607,2.333333333,0.011505665,2
1036.848047,67.1905719,696.6641328,778.9806387,31.17491784,10.97498446,41.8675449,-0.01431876,0,0.006585758,2
4969.775008,18.45095295,916.9708485,923.7559038,81.04243797,16.47613162,148.9833942,0.59603265,1.266666667,0.009405272,2
2668.628005,18.23469909,486.6162864,852.8816035,81.27200552,11.05565929,116.9196916,-0.583258871,0,0.00631273,2
5052.225595,15.41728574,778.9160564,621.2831398,80.90321836,16.64071024,133.2731024,5.370916983,2.266666667,0.021656376,2
4090.379169,43.54258285,1781.056739,970.9170432,56.21483293,21.60520124,103.8616166,-0.201905789,1.533333333,0.011015009,1
4435.019382,21.07047162,934.4795002,938.0151921,78.78357941,15.47092096,127.2733335,-0.383438128,0.4,0.006541798,2
1937.435773,59.56310919,1153.996985,831.6921269,39.70529003,14.65121487,62.39544601,-0.174248293,0.133333333,0.007892162,1
2305.938456,24.58854597,566.9967373,867.7678957,74.41204906,12.88192403,74.92185246,-0.127089883,0.066666667,0.007957195,3
5161.243012,46.61369724,2405.846191,1021.187125,53.32509501,23.55714589,102.6928343,0.002918589,3.266666667,0.00972587,2
2559.134677,32.48134542,831.2413743,805.5006131,66.6810654,13.36807511,91.0042829,0.395999322,0,0.008021235,1
4521.753542,16.20424401,732.7159773,825.284689,83.04658503,15.13274533,116.4696629,5.811225286,1.266666667,0.010627506,3
2527.792363,38.4979021,973.1470293,798.4457571,59.96230842,14.20706726,62.89917241,0.06368836,0.6,0.009175011,2
4235.155821,23.27213432,985.6111515,1134.995356,76.68876936,18.2316422,170.1808323,-0.443618755,1.2,0.006814191,1
9370.324642,14.53783022,1362.241887,816.2219965,84.1994241,20.66502172,224.9735229,1.182058248,3.533333333,0.016511204,1
4870.291056,35.04158268,1706.627067,1038.712573,64.86961842,21.00230448,114.5561639,-0.270666912,2.333333333,0.008481515,1
2308.029812,70.23335799,1621.00684,822.1274271,28.27567387,20.93521437,58.52668829,-0.177533009,0.466666667,0.01392965,2
3392.933627,58.44503057,1983.001096,864.5430571,40.42609705,21.94421092,92.34297448,-0.06799478,1.333333333,0.013462937,1
3408.604366,28.55844132,973.4442774,738.3639191,70.29633407,13.78927762,91.11430242,0.098437791,0.6,0.008980403,2
3425.37589,64.67284127,2215.287912,727.6842536,32.2930824,20.99482442,78.68821354,-0.558966443,1,0.014999128,1
4185.75609,40.72166725,1704.509667,1068.328931,59.24558799,20.73567109,99.63408138,0.964994898,1,0.008491372,3
5901.963148,9.622922477,567.9413384,1161.588341,90.34369213,16.55176915,276.2126815,0.100628448,1.733333333,0.005685056,3
3375.985498,52.84501961,1784.040199,936.250482,46.39043487,21.49420751,97.84352852,-0.358124866,1.8,0.012010343,1
1092.625255,53.58599421,585.4941061,700.0413566,42.9455644,10.43968407,43.38617363,0.529328491,0.133333333,0.008567523,2
3598.492769,65.09609026,2342.478101,731.5610653,32.12675636,21.40880143,80.1211615,-0.573573459,1.066666667,0.015119349,1
740.3157618,40.08475775,296.7537797,763.8344497,54.9077952,9.656667682,39.57742511,-0.084434954,0,0.008032573,1
702.8289107,38.50854517,270.6491886,729.6128244,55.37442803,10.04032772,36.17912607,0.596592783,0,0.009077686,2
3022.812126,62.06298951,1876.047572,703.8818823,34.06088833,20.34739636,72.80042871,0.534959339,1,0.016321365,2
9289.819665,8.163295553,758.3554357,837.6418282,91.01692836,17.47001263,250.7538172,0.120051787,1.866666667,0.01405213,1
3110.760667,41.42281086,1288.564507,981.4374835,58.26642369,17.57294249,164.7742053,-1.135409646,0.933333333,0.007830636,2
1246.393371,30.85413616,384.5639079,729.4680586,66.78530968,9.379086315,51.55659633,0.356805156,0,0.007401831,2
1515.231974,28.65378427,434.1713012,763.8564016,69.91328818,10.42780447,63.8089018,0.530605472,0.2,0.006993964,1
2583.562934,28.3926376,733.541661,651.529006,67.18925209,14.51066407,136.3852985,0.931474516,1.266666667,0.020556983,2
3110.352217,51.35831811,1597.424586,987.5370387,48.30415671,20.57188541,82.57375773,0.96682528,2,0.010729561,3
3542.644419,34.83439708,1234.058824,705.0211674,61.58098257,17.35363163,81.60575976,7.157779199,2.066666667,0.015620777,2
4371.103994,33.56119122,1466.99457,996.1789965,66.32421417,19.10146679,129.7656671,-0.499833831,1.6,0.008081841,1
4031.275388,73.1576037,2949.184472,760.5991498,24.44225835,23.21141849,83.13485399,-0.70302709,1.733333333,0.015643193,1
9292.330929,7.985000498,741.9926709,1051.223687,91.9377125,18.27802281,195.6814315,0.181541864,2.4,0.00706256,1
2984.764332,23.92601267,714.1350922,869.6743093,75.3697374,14.08168466,77.43242632,0.316363995,0.333333333,0.008049429,1
2944.940511,67.75032248,1995.206693,685.3787706,28.85791659,19.21359748,76.55387914,0.225818264,0.8,0.015196136,2
1148.126041,51.05944966,586.2268376,756.8996453,40.08132614,14.63034148,45.58338081,0.012383281,0,0.013315279,1
1383.018343,37.57257726,519.6356353,780.8338939,58.43612978,13.25630386,54.1604236,0.703092357,0.4,0.010786304,2
3467.873598,45.10193935,1564.078247,926.7936262,54.01985856,21.27063172,95.85537977,-0.216916321,1.8,0.012315583,1
1615.933986,26.33020665,425.4787579,716.8248409,72.08001257,9.705525612,59.89241903,-0.074822348,0,0.007363718,2
471.4330112,39.21125721,184.8548106,579.1572564,56.34732858,5.682978527,28.6886986,1.112326378,0,0.006664385,2
5630.994383,13.1360877,739.6923603,1018.352776,86.39375459,16.56561448,182.1127928,0.722002703,1.333333333,0.008813072,3
2701.951999,52.25758448,1411.974849,840.1554315,46.37456011,19.49367005,72.83444989,0.687055212,1.266666667,0.012863695,1
732.2076751,36.42619802,266.7154177,723.4021258,58.68587861,9.016103857,39.6237677,0.340528737,0,0.007791197,2
3009.034846,31.62201044,951.517313,747.8957519,67.46472513,13.04334602,81.09609496,0.702550886,0.4,0.008157244,2
3258.688674,35.34828935,1151.890702,615.3085085,54.67721598,18.53098556,125.240451,-0.962373335,2.2,0.023267175,2
8666.261351,8.077123195,699.9846058,1111.732962,91.68554896,18.89839983,294.1322478,-0.474465733,2.8,0.008981886,3
2307.165106,23.87902859,550.9286153,961.8556112,76.04019772,12.20170393,65.50586894,0.261569403,0.2,0.005221594,2
2937.173709,26.02671671,764.4498805,881.4781054,73.37365167,14.05001379,94.85222208,-0.364202609,0.2,0.007724167,3
3864.826,27.13854877,1048.857689,986.6680959,72.56015723,18.06121802,150.1985837,0.382616559,1.4,0.009414527,2
5585.717527,13.31961882,743.9962829,958.6146466,86.56498604,15.53568492,176.539275,-0.756262774,0.933333333,0.005745267,3
4450.747423,41.32560615,1839.298351,1004.602044,58.55926392,21.15008315,92.38071764,-0.424484359,2.4,0.009077362,2
4241.784834,20.63656298,875.3585988,945.8636771,79.25424555,15.25281742,116.0396525,0.067809565,0.4,0.00633663,2
2551.831092,56.69903002,1446.863477,807.6878957,41.09073626,19.05244598,64.95458014,-0.072530647,0.4,0.013217902,2
4971.523016,62.75279229,3119.769512,785.3907948,34.88617219,25.97986682,87.3360892,-0.630612666,3.666666667,0.017578593,1
3026.821807,15.29341367,462.90438,803.8299701,83.64733314,11.49166025,74.77482143,0.238914458,0,0.007625153,2
803.557841,36.19117682,290.8170391,732.3616232,59.04145479,9.657014508,41.90088419,0.041019616,0,0.008638917,2
3259.829285,38.59595295,1258.162177,817.2941594,60.498143,15.59350521,111.8813084,-0.53413612,1.866666667,0.009590939,2
7976.32739,4.532228362,361.5053722,1120.212409,95.4418021,14.92740955,256.0256812,-0.201689796,0.8,0.004414617,3
1032.081494,40.66389551,419.6845401,740.1354142,54.91066979,10.9340482,44.84910321,0.264461439,0,0.009624161,2
7340.817838,15.40506005,1130.857396,769.189637,82.60472071,19.07989884,295.6268103,0.433349481,3.4,0.019425672,2
1844.404174,26.85875625,495.3840213,821.2011068,71.67050127,11.5936473,59.19119156,-0.303932015,0,0.007617022,2
5864.731511,8.878807779,520.7182376,1058.798133,90.76038756,15.55225892,284.2529604,-0.732243024,1.4,0.010298132,1
3556.324385,32.47515937,1154.922012,927.1505833,67.26991221,15.85733474,134.0898479,-0.89397084,0.4,0.00765945,2
5736.23238,15.08192725,865.1343943,635.4162481,80.75026768,16.64393585,153.7300437,3.583971312,2.333333333,0.021608123,2
5093.361105,33.02431133,1682.047428,1133.389932,66.9431767,21.68696797,163.0918069,0.23879806,2.866666667,0.007817732,1
934.3544026,30.63675988,286.2559148,880.0418706,68.12672342,9.123271941,46.22204379,-0.140686508,0,0.005853224,1
3634.48775,23.10917154,839.9000087,790.3861777,74.19780106,15.9487987,274.9909564,1.695972322,2.4,0.015403216,2
1749.037057,40.67229146,711.3734493,829.4395562,57.574612,13.85196777,76.70373364,1.472405753,0.4,0.009046408,2
5927.766741,29.79540779,1766.202273,731.9131198,66.66918967,20.99971778,224.0596317,3.830575146,3.533333333,0.018913707,2
2960.785315,31.86164753,943.3549813,747.2928034,67.13139398,13.15897553,87.04906011,0.294733506,0.4,0.008612873,2
4703.601823,42.04729011,1977.737104,1009.894893,57.80729518,22.26034991,97.14644291,-0.383602044,2.733333333,0.009961794,2
5962.691474,13.01374077,775.9692116,1029.688724,85.87662921,17.22077011,399.3258177,-1.422296981,2.066666667,0.011977941,2
9045.825288,8.438137639,763.2991884,840.3926102,90.66162564,17.44850588,248.6219777,0.155449969,1.866666667,0.014002302,1
6184.661881,12.9203599,799.0805739,981.2965958,86.36327823,16.73113722,304.2575126,-1.107520536,1.6,0.012837238,1
3151.773712,59.31784851,1869.564356,709.9945828,36.64864317,20.45874258,77.69883206,1.104819171,1.266666667,0.016605352,2
3530.502886,70.33204095,2483.074735,734.6622301,26.38555821,22.58950688,77.34628408,-0.563771146,1.666666667,0.01617545,1
3248.603792,19.08280726,619.9248002,941.470247,80.83771906,12.79645293,91.30821389,-0.260301186,0,0.004637939,1
3062.886828,44.8461659,1373.587309,743.8694529,52.94531446,16.3713611,95.50522674,3.90419757,1.266666667,0.013377169,2
1244.234695,47.6030245,592.2933465,577.0013534,49.38347626,9.027725111,52.0684408,1.834565421,0.133333333,0.008785099,3
2203.203973,44.12148196,972.0862437,839.2682104,55.35986876,13.71532737,64.50711813,-0.577345255,0.133333333,0.006951448,1
5387.360998,2.438046359,131.3463587,1318.820946,97.48909978,12.67263749,534.3512458,-1.617930138,1,0.00480893,2
1841.572106,56.50145454,1040.515026,814.6168841,41.32115292,17.25270304,54.01543337,0.037264806,0.066666667,0.012154752,2
7135.108744,7.029948635,501.5944797,993.0949635,92.15179701,16.0498366,393.2407949,-0.687856382,1.466666667,0.012429439,1
3297.500759,19.67897914,648.9144867,881.3219201,79.91640555,12.98466372,99.07642403,0.111382881,0,0.007047881,2
9983.540328,11.00424066,1098.612804,1036.298518,88.91176141,20.36538804,206.9564029,0.2321334,3.8,0.007825096,1
4886.780271,13.82768545,675.7286046,1144.931699,86.16818543,16.91534872,104.4103368,-0.570276308,0,0.004738407,3
1310.946684,56.23027366,737.1489082,772.4286303,42.5496588,10.94174762,44.34628987,-0.008809309,0,0.006176302,2
2869.306321,15.61673012,448.0918245,804.3212859,83.36200412,11.3807068,73.45525788,0.201218783,0,0.007495705,2
2339.076569,22.13328447,517.7144709,709.7073988,72.86247528,13.5466319,137.689294,4.441682698,1.4,0.013534081,2
5885.59205,13.31854,783.8749314,970.816197,86.5640671,15.68054055,183.5627308,-0.887889304,1,0.005817819,3
5460.489719,8.827756803,482.0387527,840.990165,90.16889817,15.59497727,271.0861373,2.695818528,1.333333333,0.014918806,2
2823.987148,21.61134617,610.3016385,871.7413889,78.07194883,11.49497887,115.6859506,2.200688976,0.6,0.005934153,2
3724.647526,35.35077221,1316.691662,635.6824556,59.68857592,16.53583838,115.5827781,-0.387173622,2.333333333,0.018342763,2
4014.704903,42.09430427,1689.962097,979.9616009,57.65318871,22.18733529,96.1502578,-0.198493058,1.666666667,0.011347373,1
2844.542017,34.51032803,981.6607809,751.8313496,64.48163048,13.14500204,82.87877005,0.635468683,0.4,0.008156604,2
5176.190594,21.03171069,1088.641431,887.3865864,77.31483455,19.07083416,240.6269247,-0.62363661,3,0.013845735,3
2044.932597,45.66933156,933.907048,861.3052303,52.42659014,16.73616595,67.75756493,1.785735894,0.8,0.010884014,2
2075.629305,47.90245727,994.2774411,858.0987591,50.68889099,16.14145431,68.15273879,1.943531212,0.666666667,0.010175993,2
2148.846808,33.00286155,709.1809369,785.4543592,66.2198321,12.03565289,77.66600156,0.382782791,0,0.007144658,1
1329.477008,55.24675431,734.4928963,776.8010475,43.58181643,11.18492555,49.47087304,-0.258078938,0,0.006345289,2
7534.743206,12.11067685,912.5084015,957.008858,87.03565066,17.17039925,372.6306584,-0.214847359,1.6,0.012211361,1
2816.80533,15.57334073,438.6706919,802.3098375,83.35601908,11.47280468,75.33686708,0.092259681,0,0.007570211,2
2733.074117,31.90587105,872.0111033,851.3495554,67.69242205,13.0432955,98.01043696,4.036081262,1.266666667,0.006862519,2
4210.441874,10.7563445,452.8896328,1178.704553,89.15506755,14.60849196,321.1458146,-0.903637869,0.666666667,0.006520447,1
2510.773027,23.46918473,589.2579599,956.6772015,76.43538308,12.10723679,64.19693092,0.228270436,0.4,0.004859224,3
1933.589481,15.25488732,294.9668965,796.3066704,84.01932819,8.592518437,106.7822453,2.269170136,0,0.005359873,2
1508.953785,39.02480707,588.8663035,967.4035091,60.79323853,12.21934465,58.59735583,0.520092242,0.2,0.005863469,2
1950.00808,57.50856589,1121.421682,809.2145247,41.68661149,13.88377869,63.74392085,-0.287302414,0,0.007409279,1
3986.798471,17.45864661,696.0410562,895.199227,82.33289138,13.66956871,94.20948507,0.08041616,0.133333333,0.006507137,3
1639.096275,36.92567592,605.2473787,715.3416118,59.88359757,11.73140554,68.85775389,1.839935852,0,0.010346928,2
1118.817836,48.05827634,537.6845675,733.222564,47.12731144,11.83809422,67.85092649,-0.181875182,0.066666667,0.01079459,2
2394.653928,58.92058384,1410.944075,678.4389662,36.32285449,17.43266759,79.66165635,0.198156961,0.733333333,0.015545664,2
1398.700823,30.23002381,422.8275918,762.6865996,68.29255928,9.539287639,56.19675699,-0.263753756,0,0.006188956,1
3604.072303,27.3648298,986.2482514,1114.576011,72.6188417,17.48302772,91.09999397,-0.240067096,1.066666667,0.006386031,1
1843.400941,38.87401275,716.6039167,817.539836,60.22671496,12.70004068,71.56163138,-0.23705912,0,0.007512116,1
1832.095067,22.27738611,408.142892,727.7962523,76.23718819,9.86178194,58.33931861,0.053352082,0,0.00730805,2
1812.442033,23.23009615,421.0320268,722.0350937,75.76223829,9.570530187,83.18949482,2.154956682,0,0.006980612,2
1810.231008,22.40702639,405.6189398,719.3874714,75.86562252,9.595929076,58.40433463,-0.471603135,0.133333333,0.007704138,2
3478.802032,38.54089886,1340.761573,889.0270306,61.0667434,17.08390993,88.86928602,1.776341432,1,0.008575457,1
7095.459157,11.75577734,834.1263797,738.2621448,86.59114778,16.55997708,196.576277,1.00959043,1.533333333,0.01692893,1
1456.291652,38.16935635,555.8571501,872.3987446,60.17143146,13.81294921,53.34855819,-0.097980474,0.466666667,0.009441601,3
4279.564079,38.23073258,1636.108699,722.0224524,57.63094184,19.6284738,135.9222123,-1.048657524,3.066666667,0.018293189,2
7563.580564,13.14274199,994.0618784,765.1135161,85.63524122,17.16212571,210.7668168,-0.053076637,2,0.015690193,1
3296.470869,58.26136025,1920.568769,837.6537353,40.56464004,21.71884709,84.99566308,0.554346536,1.2,0.013724554,1
2466.9072,58.83066631,1451.297943,798.4999844,38.74646963,19.61091111,70.07324,-0.120743499,0.733333333,0.013668155,2
851.8609819,40.4872585,344.8951578,729.5233708,54.71313688,9.94839665,39.39273767,0.622023644,0,0.008655745,2
1943.719381,24.54965784,477.1764574,759.6511833,74.61305137,9.608160785,87.2195398,-0.952207657,0,0.006343016,2
3212.610398,16.71001737,536.8277556,736.3689556,80.32616018,13.92360019,115.3813555,7.419202969,0.6,0.013262016,2
4196.833317,71.08594159,2983.35848,768.4588893,26.01818539,25.04693938,79.46989546,-0.71636908,3.533333333,0.017713879,1
6179.762631,21.36030338,1320.016046,996.5957712,78.23990777,20.60301044,174.3980903,0.079351262,2.866666667,0.011402891,2
1756.854563,52.35665196,919.8302292,840.169994,47.09121987,12.982321,59.58037794,-0.420560278,0,0.006666644,1
7269.561634,14.24348515,1035.438932,784.208345,83.74486235,18.92942449,315.5890156,0.043134264,3.4,0.019408462,2
3125.119908,69.19288203,2162.360531,718.8051288,26.00145432,22.04805548,69.82219124,-0.42799783,1.666666667,0.017884648,2
2273.783836,59.58760256,1354.893275,796.5614897,37.7574299,18.74086908,68.77028684,-0.09384361,0.533333333,0.013243672,2
2557.470656,66.18571943,1692.680353,668.6238434,29.25026825,18.45761783,77.35926097,0.804873944,0.933333333,0.016691264,2
4870.329223,18.7997135,915.6079401,865.4795883,80.49991715,15.62006021,245.8214477,-0.524610025,1.2,0.009402507,3
2386.363404,17.73005638,423.1035769,817.3222784,81.39083023,10.38094536,80.77205603,1.340893506,0,0.00646427,2
2853.403604,19.89129988,567.5790677,829.3742433,79.5551722,11.5078369,122.602486,-0.858425259,0.133333333,0.006785062,2
1409.257766,26.06388016,367.3072551,719.7778257,72.27938111,9.280159654,52.57050501,-0.043323644,0,0.00690332,2
3579.081196,69.47655047,2486.622153,722.4798055,26.68598581,22.29724978,72.80906911,-0.616713297,1.6,0.01654008,2
1622.154723,17.81208173,288.939525,800.2149087,80.62721527,9.009359871,107.1102293,2.019522677,0,0.006820619,2
3578.903402,70.56789449,2525.556777,724.7292282,25.51286552,23.02817598,72.40200304,-0.543866804,1.866666667,0.017095757,2
1038.660925,29.7120376,308.6073244,783.5913621,69.2861085,8.162820819,60.35902051,-0.579254334,0,0.005178693,2
4370.859152,25.18537832,1100.817413,1085.739314,74.77581853,17.69747428,141.1513626,-0.148596605,0.6,0.006309223,3
5722.422524,23.60276174,1350.649754,970.7610018,76.28439693,18.75525871,136.6392805,0.169313326,0.866666667,0.008182459,3
2612.154599,30.03706208,784.6144983,863.5399806,69.72902337,12.57882165,101.1222986,-0.7989564,0.2,0.005307496,2
1990.534666,43.02171576,856.3621661,835.6964401,55.64168847,14.42447537,80.37797726,1.235868161,0.4,0.009336607,2
12429.05804,6.65887946,827.6359927,951.3922124,92.81871743,18.98637991,345.0638936,-0.449898833,1.8,0.011819956,1
5620.630593,23.78413693,1336.818477,976.1208893,76.12098901,18.61298248,136.9478372,0.182673834,0.866666667,0.007869179,3
3243.444875,19.06521052,618.3695934,735.7595645,78.28964609,14.0524559,117.0763989,6.977767605,0.6,0.013053088,2
4633.478926,48.97056341,2269.040736,1030.784727,50.94783181,22.93547294,95.20168781,-0.474539445,1.933333333,0.009405067,2
3320.364316,51.52301563,1710.751825,952.2342426,47.86284359,22.03755937,75.40241473,-0.175756521,1.8,0.012520865,1
1772.923687,36.01840548,638.5788424,788.2251551,59.8403295,14.80991708,69.56857641,-0.350520838,0.066666667,0.012076905,1
1492.886995,24.33584887,363.306723,753.8460546,73.85053686,9.828893392,55.7652042,0.805953919,0,0.007280059,1
9923.24647,10.0817569,1000.437586,829.7652744,88.95654339,20.90970961,239.4432393,0.410476698,3.333333333,0.016307649,1
802.2183814,40.33004662,323.5350472,774.142153,58.16670741,8.130361765,65.34052133,-0.507098637,0,0.005457966,2
2196.662964,34.64960226,761.13498,805.4374744,64.67602754,13.05904247,83.04120079,0.153606156,0,0.007592698,1
3010.560756,46.36398963,1395.816077,801.3423181,51.93468302,18.6333381,66.90849392,-0.489570187,0.2,0.012378792,2
2287.897516,26.15718568,598.4496014,830.4327294,72.39284497,12.51817717,61.9179105,-0.085818385,0.266666667,0.008211795,3
2855.366411,48.23550821,1377.3005,905.222917,51.25898565,17.01993268,78.32919582,0.286768189,0.533333333,0.00870544,1
1680.486147,62.9466739,1057.810135,814.3707839,36.31987048,13.0896343,54.93574673,-0.417567135,0,0.006944179,1
2217.521919,57.06466167,1265.42138,808.1698489,42.33799014,14.18852111,67.63620048,-0.228191872,0,0.007256881,1
1900.858909,41.93037816,797.0373287,772.8470954,53.22743158,15.9062618,67.9885871,-0.456900526,0,0.013513149,1
1839.798555,27.63065243,508.3483441,742.0339818,71.2786309,9.925162471,72.28791344,-0.07325184,0,0.006785928,2
3467.027038,70.09615935,2430.252797,727.075944,25.54433987,22.92738174,70.22596064,-0.357659611,2.2,0.017622984,2
1506.440099,24.12046243,363.360318,718.538437,74.23033453,9.183602891,51.57005848,0.011550266,0,0.007023456,2
2046.68672,33.16471559,678.7778298,803.5376808,65.1163061,12.92014981,81.57082046,0.315332699,0.466666667,0.008792052,1
3477.349165,44.04616745,1531.639036,1040.319482,55.80580322,19.91504638,98.39809399,-0.226477558,1.533333333,0.009513073,1
2222.358556,41.73913298,927.5931929,672.2294597,56.58391522,12.02570687,65.59260676,2.600800065,0.466666667,0.009141549,2
2754.892677,46.93841715,1293.103017,812.5147965,52.29883141,16.17200885,79.96967038,0.511896723,0.466666667,0.00958317,2
1704.858319,30.94336262,527.5404919,959.7171889,68.90253664,12.05489087,54.91221645,0.411578034,0.2,0.005731618,2
1135.148465,50.69116079,575.4199337,752.2989425,39.69421923,14.50769557,45.98130924,-0.387865925,0.133333333,0.013676546,1
2642.546256,18.51460637,489.2570376,749.3578275,80.85762816,10.31797267,109.9327797,10.13988885,0.333333333,0.00607061,2
3730.145271,45.08077313,1681.578327,795.3044405,53.19508968,18.95937272,110.4891426,0.12879071,2.933333333,0.013327378,2
4774.011952,18.44633785,880.6303738,986.5142716,81.40913597,15.63767966,159.9682884,-0.919577479,1.066666667,0.005920466,3
2075.361325,34.47886539,715.5610375,863.2637588,64.37414292,14.07038645,62.04442923,0.192496104,0.533333333,0.008849858,2
3580.03257,19.87128639,711.3985249,840.8290641,79.51119627,12.65448982,103.2631967,1.607114832,0.933333333,0.007815693,2
4167.634064,43.74195651,1823.00468,1033.295365,56.17575635,21.99105839,94.70940624,-0.441178546,1.8,0.009350159,1
4955.678252,16.21242232,803.4354871,843.0319272,82.93738449,15.30108489,117.4727511,5.148886018,1.133333333,0.010687793,3
1819.879707,24.38919104,443.8539385,709.9259985,74.27673509,9.220060205,83.72043786,1.52423824,0,0.007060457,2
3868.914417,42.91426089,1660.316026,996.1359646,56.87164638,20.87885862,99.22690946,0.658154763,1,0.010326576,1
2243.202712,27.04740297,606.7280769,880.9571124,72.72814152,11.80568372,62.97511584,-0.290138463,0,0.004692607,2
3698.655017,50.92470056,1883.528992,952.9572245,48.44628986,21.86730056,102.8103357,-0.42761508,1.866666667,0.011992875,1
3312.363363,38.39069987,1271.639477,963.8843009,61.23996684,18.08044431,98.45424437,0.387108662,1.2,0.009134696,3
715.2400216,40.96288293,292.9829328,823.4992548,56.15811358,8.571016669,49.15947115,-0.764634008,0,0.006382856,3
3347.548617,33.0829659,1107.468367,909.0322715,66.49775234,16.50535627,101.0432319,-0.415434882,0.733333333,0.009281718,2
2443.350799,64.73989892,1581.822838,841.7520077,34.07984589,19.46151843,61.61890252,-0.511477339,0.2,0.011962593,3
1299.106396,38.46521925,499.7041237,774.1244961,58.14007452,12.49775607,52.6676592,0.727226369,0.4,0.00994229,2
2907.188785,65.04088697,1890.861372,676.4761544,30.88437026,19.30319442,76.08244683,0.619184584,1.2,0.017181021,2
1154.762435,52.04756872,601.0257717,807.0325112,42.83616119,14.59091068,52.88413922,0.102486642,0.066666667,0.011813104,1
7985.946254,10.83620053,865.3731506,902.6252268,88.96422573,17.69569198,215.2506659,3.167748336,2.4,0.009068478,2
1945.627002,21.74365487,423.0504205,1055.440957,78.21708975,11.30510714,82.9223239,0.906163937,0,0.004119867,3
3839.348622,34.54421436,1326.272818,813.0202828,64.61361123,15.98456051,140.8780778,0.038489462,2.066666667,0.010986198,2
3167.327134,26.58878916,842.1539338,753.2211094,72.62272948,13.15031274,98.22306063,-0.144327171,0.333333333,0.007931613,2
3277.604273,67.70442687,2219.083188,719.7185759,28.54230813,21.63961067,71.95020147,-0.538782333,1.533333333,0.016410953,2
3395.206794,30.81528975,1046.242811,710.2657859,65.53289323,17.00469694,81.93264185,6.889953386,2.066666667,0.015224378,2
2906.407076,27.01276064,785.1007867,896.7031106,72.89521393,12.99202671,75.23090897,-0.335433622,0.133333333,0.004829555,2
673.0418957,43.41482075,292.1999326,716.5159298,50.11296859,9.416607661,34.10056679,0.825516844,0,0.008714313,2
4141.955508,19.80118995,820.1564779,923.5010002,80.03647466,14.89071264,125.6304129,-0.237236169,0.4,0.00648796,2
4618.10648,47.59966205,2198.203078,1009.145837,52.20625277,24.20732466,101.9486511,1.097801832,3.266666667,0.011963768,1
2152.820085,64.6650308,1392.121771,817.5097875,33.0041922,19.60340555,58.12353136,-0.326007353,0,0.013839735,2
2206.493526,31.11723963,686.5998781,815.2770459,67.99989035,12.63297101,92.73822578,0.498076198,0,0.007652776,1
1674.890056,24.62276229,412.4041971,737.521482,73.74504111,9.504753495,60.95620094,-0.07093651,0,0.006966837,2
4037.726329,18.6355043,752.4506634,896.0179623,81.15334694,13.86304132,94.23046016,0.103331882,0.133333333,0.006540036,3
1457.556026,58.35140902,850.5044787,789.9470727,40.64745173,11.91291955,49.85914874,-0.19035902,0.133333333,0.006652753,2
4546.916544,66.22975926,3011.411881,758.6226012,31.35159697,24.67922976,85.14835633,-0.914424732,3.933333333,0.017407566,1
1956.333759,63.9278565,1250.642238,815.5149492,33.8248094,18.59170543,53.92694648,-0.126631298,0,0.012921217,2
3745.390862,49.19488397,1842.540689,1030.289646,50.66701184,20.70733161,126.4744913,0.369212121,1.333333333,0.008781866,2
3205.784473,33.75010491,1081.955623,952.8649547,66.064241,15.83951024,117.9714431,-0.019014592,0.4,0.007399763,2
8911.869825,7.851137475,699.6831515,813.721074,91.2540052,17.19057224,258.8675543,0.191541795,1.866666667,0.014082527,1
2227.020155,49.50099035,1102.397032,864.5618597,49.09901821,16.56031895,67.90599635,1.954346042,0.666666667,0.010327928,2
3446.375974,29.29477501,1009.608088,842.2120319,70.33767944,14.79983474,109.6596614,-0.79425076,0.133333333,0.007944269,1
5767.909008,16.95152146,977.7483333,915.8683478,82.93075654,15.76204251,146.3497062,0.579961341,1,0.006982947,2
510.8766134,42.73591485,218.3277945,780.8179983,52.90908218,7.636732937,47.25248442,3.658952951,0,0.006230068,2
1729.264049,35.48311258,613.5967094,898.0546992,63.70008073,12.58005374,94.11637928,0.216891964,0,0.007432004,2
3469.1534,33.9975839,1179.428338,708.3437907,62.43639789,17.19706888,82.65731455,6.622556504,2.066666667,0.015398032,2
3097.56717,24.97139487,773.5057294,770.149832,74.23629452,12.48449823,142.648796,1.405896157,0.666666667,0.008648454,1
1119.412017,55.30669974,619.1098431,701.6291431,41.99004545,10.41316589,42.5475893,0.696812307,0.133333333,0.008514616,2
1272.803151,51.09573179,650.3480842,611.0128328,43.91094451,10.6531532,46.80618127,7.627851732,0.6,0.010285702,2
2173.598902,28.28035087,614.7013959,862.7827136,71.18108411,11.58507096,73.88307994,0.396036537,0,0.005991015,2
5310.159885,46.95652293,2493.466444,1031.061923,52.99301328,23.58126296,106.6419333,0.24331445,3.4,0.009362654,2
2805.023188,32.88064553,922.3097316,819.7688505,62.8340441,18.03577344,122.3930448,-0.432486611,1.933333333,0.015752205,2
2387.337591,27.85265983,664.9370184,877.3918909,71.88645397,12.39521348,66.97653647,-0.566882387,0,0.005312532,2
1121.078859,54.84184796,614.8203636,692.9655997,42.44715471,9.723316372,43.37938285,0.552010165,0,0.007260291,2
1893.686901,25.70916247,486.851042,1092.409185,74.28573615,11.70862721,73.7769144,0.621553735,0,0.004006542,3
1455.627519,31.71631359,461.6713887,854.1230169,67.44650001,10.47615488,59.78329896,1.782891272,0,0.005799152,2
4679.804161,45.25101581,2117.658921,1054.356508,54.6453603,22.86120304,93.68363175,-0.268735883,2.933333333,0.009307644,2
1624.884483,22.76890156,369.9683485,895.6335681,76.64947094,9.973442713,59.47300895,0.140786581,0,0.005329787,2
1848.008585,39.97113849,738.670071,795.2766187,58.30520472,13.8886435,64.6045697,0.064454404,0.133333333,0.009754716,2
2646.407219,33.24049115,879.6787575,906.3741146,65.85483399,14.78963142,109.6687967,-0.709862739,0.733333333,0.008660585,3
6714.25017,16.0830817,1079.85834,918.2292039,83.81663558,16.77062713,155.7914866,0.278596039,1.533333333,0.00748788,2
670.7283564,49.58191336,332.5599526,724.7495822,44.79286336,9.772472042,34.49598686,0.859722783,0,0.00864324,2
1081.173054,43.35890921,468.7848429,742.1074529,53.12775806,10.57993866,62.0814833,-0.51423381,0,0.008379953,2
2828.650454,22.93326059,648.7017798,901.2763255,76.97436242,12.23237357,67.3054394,-0.255962696,0,0.004253232,2
3646.870835,44.85335673,1635.743985,1020.391787,55.0244431,20.92647432,84.3090742,-0.178509781,1.333333333,0.009636982,1
3424.719018,67.41805501,2308.878952,721.3134335,28.21912234,22.17461673,67.02976026,-0.113234033,2.266666667,0.017467919,2
2384.694333,20.92108775,498.9039941,951.1973864,78.97038627,11.47539323,68.84383664,0.177993667,0.2,0.004882603,3
1341.137401,44.74349526,600.0717495,731.4666996,50.22075507,12.76875867,67.77744584,0.414799835,0.066666667,0.011478962,2
5204.83625,12.95331205,674.1986814,887.5176078,86.77377712,14.68941596,98.99278799,-0.010814475,0.333333333,0.007421626,3
3165.135981,28.59027675,904.9211365,815.6052337,70.87549158,13.90977611,107.1325997,-0.439871378,0.133333333,0.00794665,1
9698.854095,4.264976745,413.6538716,1185.305063,95.7257304,16.95493705,291.5078167,-0.63931006,2.6,0.004630433,3
8426.996165,20.26668234,1707.872543,737.1087059,78.25185761,20.67310779,181.3406707,2.335728402,3.066666667,0.016045767,2
2904.653144,15.44192116,448.5342484,801.5739149,83.57004228,11.46788127,76.33654843,0.070119271,0,0.007554297,2
2462.436885,59.6834831,1469.668102,809.4853319,38.00372969,19.4823679,63.81515607,0.079531897,0.4,0.013427672,2
3141.401525,51.66509047,1623.00794,915.6920441,47.32949754,21.15180963,86.7339117,0.133691967,1.533333333,0.012677843,1
8992.406181,11.47062813,1031.485473,901.9500645,87.46468714,19.64030376,322.7412687,-1.094584885,3.2,0.014813843,2
3452.903133,17.25691791,595.8646593,725.0029625,81.20720063,13.46462997,220.858169,0.505813003,0.933333333,0.017987294,2
4612.59537,14.47280674,667.5720136,947.8273417,84.67191192,15.92191118,321.7024975,0.49216953,0.733333333,0.010123225,2
4111.105096,11.44636091,470.5719265,1197.219341,88.48635804,14.8896236,306.1270626,-0.825501268,0.733333333,0.006504604,1
1458.294974,29.05261286,423.6727931,764.2738178,69.4457889,9.474912194,56.6861964,0.234274144,0,0.006682227,1
2315.510635,24.16295695,559.4958379,942.35569,75.71103089,11.77765831,78.76999846,-0.388088104,0.133333333,0.004532101,3
1046.104347,38.8915325,406.8460123,783.3384096,57.63487567,11.67485914,52.08811728,-0.129157487,0,0.009572379,1
1383.610454,49.78739144,688.8635525,579.428623,47.22470767,9.351074474,52.60270562,1.574603032,0.133333333,0.008957654,3
2652.080407,14.07273184,373.2201639,726.4215249,84.76516406,9.836518741,72.06907512,6.170183451,0,0.007542883,2
2963.190435,30.95051185,917.1226069,793.4653646,68.21082006,13.40077467,69.82508843,0.345767366,0,0.008080234,2
1917.359557,38.35139715,735.3341786,788.9156458,60.53196053,12.45501347,67.69410703,-0.053868591,0,0.007713777,1
1456.95468,26.63870278,388.1138269,723.1052959,71.48571906,9.36586891,50.94565473,-0.291999396,0,0.006866669,2
1851.921127,28.92533384,535.6743685,769.4132862,69.28633219,11.3680588,56.75294457,0.520169593,0.2,0.007963192,2
1050.640311,35.62925331,374.3352978,822.9177191,62.66144836,9.386444138,52.2224985,-0.529750778,0,0.006486616,3
2722.714764,49.57760265,1349.856707,833.3104672,48.71362778,20.0144514,69.4675078,0.351751596,1,0.013654745,1
2902.535216,40.04651405,1162.364173,780.9840809,58.96790945,14.08496959,77.56250816,0.528149729,0.2,0.00855541,2
2886.711497,23.16773652,668.7857136,872.8945628,76.54644168,12.68664474,90.86253605,0.372119848,0,0.005868897,2
891.4777576,38.71615598,345.1459191,830.0487999,58.41130768,9.523598917,48.52421588,-0.601570984,0,0.006881733,3
2313.247771,37.73369708,872.8739066,794.8487209,60.23970232,14.4297384,80.9285976,0.55369013,0.866666667,0.010349278,1
1841.762721,12.66296578,233.221783,692.2799799,86.48594746,8.158663,226.8107463,0.607018889,0.266666667,0.006617031,2
1084.8662,44.60496515,483.9041902,858.6990032,53.71312213,12.78911579,56.2501623,-0.163891632,0,0.008727869,2
4264.159558,48.24097087,2057.07197,1069.162262,51.71325994,22.15233286,97.49048779,-0.323156897,1.866666667,0.0087608,2
893.0623271,36.48806642,325.8611751,780.2312471,62.16500678,8.289513695,58.09440061,-0.710345097,0,0.005426463,2
5987.894254,13.8546785,829.6034977,1119.580588,86.13920071,18.36233122,146.1269487,0.643791822,0.733333333,0.005618278,3
4499.164736,21.54409983,969.3045422,785.0078642,77.48280653,14.81242307,193.4678452,1.26761415,0.666666667,0.009452085,3
2070.440733,34.52327326,714.7839121,859.7624276,63.8977521,14.37203791,61.50212797,0.113294662,0.466666667,0.009405719,2
3348.079376,56.34957852,1886.628617,711.4742342,39.91632156,20.3611199,78.48875035,0.977461098,1.2,0.016270776,2
2487.253947,27.06182828,673.0963918,883.6893013,72.72844876,12.39791685,67.70183244,-0.562396826,0,0.004997697,2
1936.057362,63.47826423,1228.975608,808.9709977,34.40585565,18.1522407,56.40187708,-0.314081305,0.133333333,0.012447717,2
8042.849247,6.968600064,560.4739978,1167.759383,92.48925815,18.39300123,404.4842042,-0.556375512,2.733333333,0.015592345,3
4820.267298,63.04961002,3039.159734,769.8180935,34.14468899,26.1359875,93.54408875,-0.679176319,4.066666667,0.018736549,1
4338.823857,14.26958093,619.1319817,1156.484437,85.72744148,16.01682977,98.7725142,-0.505479839,0,0.004349682,3
3532.865368,32.83450488,1159.998852,989.8535048,66.98288445,18.19798408,152.6930881,-0.637316923,1.533333333,0.00954584,1
3873.530277,54.83967294,2124.231335,886.1371455,44.21718451,21.97015914,98.25229234,0.068955554,1.333333333,0.012682167,1
5271.425646,12.84986854,677.3712654,719.7549549,85.24096735,14.86080311,156.1335972,2.991436642,1.933333333,0.013654204,2
2380.042695,40.62210026,966.8233296,798.1167458,58.08711312,13.93232506,74.49499063,2.150005115,0.6,0.009029375,2
1935.343255,38.11334129,737.6239796,778.2796856,60.67382846,12.12405165,69.07467812,-0.351030988,0,0.00768674,1
1896.523686,35.77967655,678.5700404,859.3678826,62.77741788,14.03004615,65.04995824,1.657489539,0.133333333,0.00886854,2
1887.459793,27.84536334,525.5700373,840.0678046,70.44966351,13.26793118,60.69327316,2.411219213,0.133333333,0.009576178,3
2139.07277,52.28716943,1118.460604,780.1252934,46.46388135,13.61151081,66.33089809,-0.114588669,0.6,0.00833353,2
2185.714693,24.26448629,530.3524421,837.9824333,74.73012167,12.06242009,62.77156812,-0.01487125,0.2,0.007562725,3
1060.291773,56.07787875,594.5891348,786.1614977,39.65220194,12.88087375,47.28618397,-0.410989233,0,0.010168541,2
3374.653011,65.26784913,2202.563436,719.7557121,31.0967425,21.89302461,72.62665721,-0.257494028,2.2,0.016627251,2
3157.723949,33.98409762,1073.12399,790.7739024,65.26038545,13.80268938,73.47333533,0.909480099,0.066666667,0.008118817,2
788.6771456,43.22974712,340.9431356,728.0806922,51.02181302,10.28740112,40.5889658,0.880887176,0,0.009495696,2
2936.6227,64.28828322,1887.904319,697.0160293,31.65836937,20.13078792,66.75968665,-0.280428094,1.066666667,0.016511901,2
3435.841668,53.1505144,1826.167521,809.4843582,46.24030535,16.85468612,110.7573663,0.255669739,0.6,0.008768943,1
2168.806826,35.73595748,775.0438853,783.4536033,63.27793105,12.27905973,70.7534276,-0.315370376,0,0.007592021,1
2725.502083,16.44514117,448.212665,777.6448598,82.47607476,11.2757921,70.21718119,1.669020309,0,0.007630398,2
3507.721975,28.14139747,987.1219832,841.873287,71.15394366,14.92479931,130.3842804,1.543355605,1.8,0.010033257,2
1059.712453,35.54950822,376.7225654,784.1215476,61.55115494,10.84144907,53.5440919,1.137831539,0.266666667,0.008630969,1
3474.061628,42.57208898,1478.980608,938.6338564,56.84124333,20.53720301,72.79495691,0.210653928,1.333333333,0.011832755,1
9015.154062,6.191122928,558.1392702,1120.934622,93.41311085,18.30108435,382.3906823,-0.618558019,2.533333333,0.015475552,3
3046.555207,14.19747673,432.5339665,931.9711269,85.69129908,11.43586023,73.17699918,-0.178293649,0,0.004980761,2
2561.354581,26.45911914,677.7118602,784.8284722,72.18315183,12.53733576,70.54364216,0.031137123,0.133333333,0.008312945,2
3609.30319,32.45428694,1171.373614,928.2171227,67.18336046,17.99721295,111.7246148,-0.161907685,0.666666667,0.009650717,1
2744.387612,42.36584051,1162.682879,792.4499882,56.74610723,14.06135909,73.07461714,4.088718551,0.133333333,0.008211408,2
1604.505811,25.55039613,409.9575906,725.4834323,72.93080032,9.286478511,72.78248926,-0.217085835,0,0.006996686,2
2792.536341,36.80929725,1027.913003,790.647784,61.90158612,14.41141336,77.79919167,0.511653995,0.266666667,0.008976549,2
3008.400548,19.65181356,591.2052669,821.601942,79.8063855,11.81657085,116.6735047,-0.773538308,0.333333333,0.006838607,2
3130.482498,50.54474089,1582.294268,811.4801673,47.67083353,19.72483648,67.16370949,-0.398696492,0.466666667,0.013086207,2
2091.968849,14.73872489,308.3295335,831.3356477,84.36947644,9.36788975,74.13975799,2.201332675,0,0.006030239,2
1286.142983,57.20912961,735.7912059,774.2367855,41.60335683,11.00350592,44.01177839,0.082376419,0,0.006245614,2
1564.807754,38.93487392,609.2559261,863.820674,58.15473607,13.97231255,57.34125341,0.624106088,0,0.00982853,3
9001.184084,11.94072032,1074.806217,893.8946361,87.83660647,16.98021223,272.587341,0.354884517,2.066666667,0.009946018,1
714.353472,40.80926119,291.5223742,727.4514717,53.50314218,9.799611145,36.78359521,0.47050567,0,0.008909593,2
5500.058856,18.17325316,999.53962,1101.656642,81.81982526,18.8243736,120.2350593,-0.096456491,1,0.005896162,3
1789.755117,35.27325627,631.3049088,936.395391,64.2911017,12.3954632,74.08843365,0.015339264,0,0.006364733,2
2881.160422,45.99136568,1325.085026,813.8528157,53.19131938,15.31032251,81.81619339,3.288134941,0.2,0.00853666,2
1173.277023,26.38138935,309.5267797,842.5158787,72.72884614,8.638564577,64.17286538,0.927128122,0,0.005500663,1
1680.440292,33.07155143,555.7476756,933.2618322,66.39940199,12.49746517,65.88660245,-0.128401993,0,0.006611345,2
2121.999652,36.38231769,772.0326548,787.4968876,62.48863103,12.33471843,67.39093878,-0.041469843,0,0.007686976,1
3990.787438,24.76827288,988.4491228,591.4862056,67.39850064,19.12113577,140.469616,1.075103092,2.4,0.024864882,2
6614.676529,12.71047938,840.7570964,857.8800011,85.90341497,17.28580603,320.1631221,-0.818736761,2.466666667,0.015014727,2
4011.9799,23.73200669,952.1233382,933.5436537,75.91422044,15.94389576,97.19394979,0.642625632,1.133333333,0.008307371,3
7834.513268,3.904447262,305.8944388,1081.907199,96.04815587,14.54706441,258.9748851,-0.93176752,0.866666667,0.004740982,3
2242.444483,31.48105819,705.9452525,750.9617406,67.4592911,11.60457579,72.85378964,-0.349413443,0.2,0.007564452,1
1675.036248,23.6209932,395.6601981,732.2797084,74.82289655,9.590382995,57.10295005,-0.361414334,0,0.006795541,2
3143.341653,20.54657524,645.8490579,879.6380492,79.23801872,12.73107648,100.6643127,0.404848204,0.133333333,0.005699843,2
2827.333097,52.09633297,1472.936864,783.0596883,47.21865802,14.96359783,94.21649847,0.717933905,0.466666667,0.008231363,1
3399.969121,53.66646134,1824.643114,811.3238404,45.75700484,16.89930787,110.9394972,0.278871258,0.6,0.008771564,1
3624.78273,26.0545529,944.4209337,843.1521715,73.15154441,14.76301258,129.8577142,1.647407784,1.8,0.009926995,2
2883.349898,21.80351495,628.6716261,866.5697584,77.90452421,11.28759422,114.4927743,2.394319452,0.6,0.005791545,2
3257.846642,54.8266467,1786.168068,800.9903944,44.53967853,16.62078719,107.0183906,0.382448517,0.6,0.008652877,1
2960.287899,20.7032913,612.8770269,892.5954631,79.03258172,12.79781403,80.85878063,0.901790321,0.266666667,0.005658499,2
7350.661239,15.19427673,1116.87981,876.5962143,84.11228865,19.13697736,305.9082267,-0.374113967,2.533333333,0.013046551,2
935.850686,51.41665135,481.1830843,690.9067371,45.70746643,9.168897135,40.33532198,0.489580132,0,0.007012741,2
779.5504066,31.94822234,249.0524972,754.4123433,64.0694466,9.019468479,41.14351696,0.161179839,0,0.007735184,1
2611.653836,64.47669226,1683.908007,840.6469978,34.43507262,19.40596352,65.90491911,0.420618434,0.2,0.011803332,3
2746.124083,31.77934642,872.7002855,901.5030911,67.43080335,14.92305885,115.2084772,-0.709479474,0.733333333,0.008567687,3
1712.688953,25.9209406,443.9450861,712.9849739,72.38954568,9.719629795,64.28068293,-0.225965485,0,0.007798664,2
6794.25881,18.49188399,1256.386457,1024.988287,81.29112786,18.2567767,320.3015327,-0.41429257,2.866666667,0.008568626,1
2807.256489,45.58017522,1279.552427,807.6518373,53.38579463,15.11181629,81.14734449,3.168878803,0.133333333,0.008685451,2
2627.823529,24.96998185,656.1670582,867.6483751,74.75700907,12.74726972,72.05921342,-0.523186239,0.133333333,0.005455414,2
896.4189751,32.26540283,289.2331933,824.3541499,65.58140964,8.890912596,50.23571171,-0.421099381,0,0.006395632,3
3862.476846,55.02301405,2125.251177,891.2586755,44.11596068,21.93016848,95.52875998,0.280785391,1.2,0.012552051,1
3421.038784,27.93521152,955.6744206,894.4754419,71.94782981,14.15702348,84.54118427,-0.448096235,0.333333333,0.00548389,2
2738.335963,23.8094216,651.981954,873.0348347,75.64616309,13.85846321,91.7346156,-0.365580578,0.533333333,0.008368693,2
2214.438055,26.81392233,593.7777,779.2614059,71.7277574,11.80529845,61.36362448,0.323736383,0.2,0.008088042,2
6717.782946,18.9346919,1271.991503,1027.228824,80.86006653,18.2180802,321.0725844,-0.44096502,2.866666667,0.00855516,1
1251.854453,38.39489068,480.6481486,843.8194134,59.82937315,12.54453934,67.83043282,0.506388535,0,0.008691729,2
2313.072635,47.09253165,1089.284463,821.4954005,52.37981485,14.21126389,73.36221132,-0.047112545,0.2,0.007505012,1
1323.373922,57.71158435,763.7400572,781.8283087,41.29745481,11.47215768,50.29941412,-0.376757277,0.133333333,0.006505939,2
1937.396144,56.50294792,1094.685934,808.7344364,42.64905155,13.8108093,63.7957129,-0.376541672,0,0.007437942,1
5659.519285,13.28845393,752.0626131,991.0211399,86.28254756,16.50138477,162.2667207,1.113002936,1.333333333,0.008892173,3
4475.304876,68.68824318,3074.008297,784.6766029,28.45970493,26.20216867,81.93200919,-0.616242686,3.866666667,0.018031137,1
5275.946992,24.11197802,1272.135179,721.2760159,74.6601174,16.63581726,224.5620282,1.494627969,1.666666667,0.022110237,2
858.8098052,30.63925281,263.1329073,766.1422877,65.42084085,9.545613757,45.17116126,-0.077537337,0,0.007878529,1
5206.940464,2.54567605,132.5518363,1319.681813,97.39057734,12.8459734,533.4365187,-1.611866481,1,0.004621001,2
2981.63546,39.98273617,1192.139439,645.6156822,57.36615017,14.45012011,91.19888617,1.146786258,1.533333333,0.01389231,2
2417.091581,31.65793434,765.2012655,673.9129711,62.70483097,14.72843327,153.5051844,-0.516834899,0.8,0.018957227,2
4321.643942,27.34275818,1181.656653,933.2154253,72.5070402,16.27670281,128.6258304,-0.62240063,1.066666667,0.006737449,2
4188.290679,44.70773177,1872.489762,950.5430781,54.91020646,20.1487182,127.2326479,-0.583219536,1.666666667,0.009382849,2
2203.369203,40.39761343,890.108573,752.1408582,57.54069033,13.3408702,103.9414259,2.620296774,0.133333333,0.009583182,3
1938.910788,66.9261516,1297.638374,811.2911378,30.29970678,19.35693391,56.38052687,-0.515462181,0,0.013858734,2
4455.116459,40.46022896,1802.55032,929.503221,59.31124082,19.31868271,118.3861943,1.155412105,2.6,0.009122007,3
6208.831164,32.15347962,1996.355263,755.2438548,65.7833836,21.68770315,161.5738006,0.859016989,3.533333333,0.016449706,3
2916.149791,48.4046137,1411.551041,806.5113532,50.71059453,15.1121116,80.44589246,3.272619414,0.133333333,0.008707234,2
3869.029863,13.89985042,537.7893635,904.3337686,85.39266257,14.13349948,347.232652,-0.288970267,1.6,0.010283617,2
1005.873173,56.76353503,570.9691708,570.0054869,39.46387964,8.866857339,46.60051753,2.506932631,0.133333333,0.008832192,3
3565.602451,32.3294292,1152.73892,916.2462772,67.26646179,17.37242164,101.4265805,-0.361323326,1,0.009568029,2
2164.400838,45.4582691,983.8991573,826.675805,51.92987106,15.93194802,107.3324595,-0.24073915,1.133333333,0.012151639,2
2326.784149,67.61377307,1573.226555,826.4549765,30.99608157,18.36229278,60.09658884,-0.175908706,0.266666667,0.01129302,3
8795.715932,10.02006892,881.3367982,926.4806746,89.16214871,18.41724112,350.9153443,-0.341455357,1.866666667,0.013504322,1
4817.22971,40.12659417,1932.990216,1145.454343,59.84836231,22.56356612,152.4284962,1.014270959,3.133333333,0.00802293,1
1033.31008,30.76917934,317.9410318,785.7940379,68.23821749,8.16201034,59.69249285,-0.449278332,0,0.005133277,2
3062.818403,44.93092412,1376.152612,979.6380209,54.74951921,19.03960756,86.31713232,0.724280589,1.466666667,0.009581089,3
4095.290039,17.85254251,731.1133952,890.8163558,81.83592013,13.76498854,95.8761798,-0.151791628,0.133333333,0.006891139,3
3350.396579,30.02303024,1005.890578,841.2511287,69.60183677,14.83062834,108.458415,-0.750729899,0.133333333,0.007940953,1
3270.715551,36.93159931,1207.927562,810.2782479,60.73758927,17.30953417,124.7031406,-0.851848515,1.8,0.013095645,2
2541.197186,60.315135,1532.726513,806.338403,37.36248082,19.94910301,72.7215286,-0.120310225,0.666666667,0.013778605,2
3289.030754,40.21965033,1322.836669,912.2111214,59.1913825,17.82864614,99.87456842,-0.528574686,1,0.009932057,2
1821.043991,33.12746612,603.2657311,884.937603,66.66702478,11.19570038,100.1571645,-0.969262563,0,0.00466913,2
4775.555288,54.06299997,2581.808454,1027.393473,45.86631399,24.11932947,94.0798979,-0.238918338,3.666666667,0.009860857,2
4754.027957,34.95965269,1661.991662,899.8588561,64.66513644,18.5600529,124.9773614,-0.042530471,2.666666667,0.009317442,3
3657.191679,48.24405266,1764.37748,971.0785566,51.1777136,21.44674024,106.2561398,-0.388396297,1.666666667,0.011418143,1
1009.089303,51.13944437,516.0426627,781.7062165,43.86995581,12.67424585,47.61321836,-0.45678631,0,0.010209945,2
1776.219421,23.26064628,413.1601165,766.6843212,75.67084235,9.859805216,65.44495985,0.308057362,0,0.00638153,1
1258.460805,31.49728517,396.3809886,722.8603544,65.90405292,9.471840824,48.05464126,0.039083035,0,0.007498463,2
1597.670897,31.61698778,505.1354123,959.5195156,68.22796865,12.10706062,54.88852415,0.410568795,0.2,0.00582601,2
2754.530294,21.13218576,582.0924585,902.5414109,78.76238956,12.0341512,67.70299447,-0.289924185,0,0.004254352,2
5356.85341,16.88094491,904.2874732,1117.539743,83.11242774,18.57972054,112.4833172,0.058687295,0.266666667,0.00553335,3
5560.070261,10.87550344,604.6856327,804.2424639,87.58805479,16.42342251,294.3114389,2.016135808,1.666666667,0.018363094,2
3076.827806,54.92781527,1690.034293,832.3662285,43.75265619,19.47550715,79.93875919,0.249263304,1.266666667,0.01249545,1
1591.787744,44.71695829,711.7990617,846.724797,52.59191881,15.45032437,70.37360272,4.578903189,0.666666667,0.012841802,2
2052.870578,25.92651294,532.2377561,761.0536795,72.95790466,10.76847176,80.61437522,-0.020184683,0,0.007474581,2
1085.536273,36.48308604,396.0371325,781.7468829,60.31230853,11.07072914,52.36389333,1.272591246,0.266666667,0.00884787,1
7641.051305,6.993790074,534.3990877,1130.826534,92.8822912,20.43835358,378.7878542,-0.77787761,3.266666667,0.012139573,2
4911.315253,13.72297992,673.9788062,1144.396598,86.27249559,16.94179576,104.7017635,-0.593603543,0,0.004749997,3
5502.518248,19.10892524,1051.472098,893.9467113,79.26570672,18.94356065,240.5412116,-0.691715486,3,0.013776009,3
2946.258649,46.89583598,1381.672624,744.0594787,51.00467411,16.48714852,96.40253979,3.695294137,1.266666667,0.013242733,2
8250.632869,11.77752553,971.7203924,925.4659783,87.33547377,18.14862029,350.6869573,-0.307302394,1.8,0.013427933,1
1871.60385,59.85229754,1120.197905,831.4055115,39.49151155,14.42060032,59.50397127,-0.451961419,0,0.007666121,1
3464.923941,34.75870795,1204.362793,927.9126706,64.89597117,17.93730116,111.6140098,-0.159211535,0.666666667,0.009635573,1
2238.918792,23.91326479,535.3985791,838.1303099,73.85107087,14.41431592,76.49412868,1.870885909,0.666666667,0.010786546,3
2944.136294,45.38017997,1336.054349,810.11946,53.72956673,16.19468044,80.42451685,0.387596189,0.466666667,0.009687981,2
1866.778625,25.81059125,481.8266006,820.5087607,72.66915425,11.64550147,60.01240742,-0.356915135,0,0.007725149,2
3859.682635,18.22475327,703.417637,1028.617269,81.68012298,14.78461479,141.5381785,-0.392853334,0.466666667,0.005567012,3
739.1218596,40.8958015,302.2698085,726.8266796,53.54259957,9.957063946,39.90236119,0.362132926,0,0.009389032,2
3315.956212,20.44494544,677.9454384,710.831144,78.04447541,12.11762707,114.5390356,0.385618139,0.266666667,0.00956015,2
3081.508927,57.3247263,1766.466558,827.5055794,40.82570953,21.79578146,70.38026263,0.18244729,1.733333333,0.01469298,1
2240.853479,26.52734237,594.4388745,885.3797362,72.72691133,13.31622467,73.34342943,-0.099594004,0.333333333,0.007929455,2
3115.141367,27.41295316,853.9522438,750.5851086,71.69530991,12.67788537,90.17021756,0.172051988,0.2,0.008179432,2
3542.085686,32.92854625,1166.357323,795.799116,63.54750776,18.55888753,129.5491613,-0.968516603,2.266666667,0.0158229,2
4493.06707,15.09727671,678.3307686,952.4951919,84.73203583,14.55777182,157.8294023,-0.706067701,0.6,0.005934585,3
1740.847303,35.96282278,626.0578303,807.7082839,60.69208262,14.18615198,58.10857413,-0.027169416,0.066666667,0.011078878,1
1295.938589,55.44307188,718.5081636,772.7337238,43.45524071,10.9440894,44.4042294,-0.018646785,0,0.00620978,2
1924.147327,29.39459463,565.595307,959.1082577,70.47831711,12.06048736,54.93758478,0.404989093,0.2,0.00571975,2
6589.842438,13.42938798,884.9755085,971.083684,86.46713759,16.76049378,159.9595524,1.238526612,2.066666667,0.006743111,3
2272.183946,60.18188712,1367.443178,775.2478223,38.66211656,15.09080491,69.53973958,2.168795762,1.333333333,0.008955741,2
2099.891704,61.77495231,1297.207098,829.9074156,37.51034966,15.01021953,62.27216747,-0.284428896,0.133333333,0.00802848,1
2132.220249,26.51928566,565.4495787,883.1912752,73.22710989,11.31725032,64.3656764,-0.38280052,0,0.004509922,2
1771.246412,24.53546791,434.5835949,787.8518918,72.7774388,12.54474623,102.0562247,0.371040626,0.266666667,0.011512132,2
3199.637668,38.17482289,1221.456013,967.4983291,61.41376722,17.89939346,100.9626979,0.235419107,1.2,0.008949789,3
1758.894565,22.0568086,387.9560076,733.7829261,76.24185243,9.757051451,63.02329139,-0.092558287,0.133333333,0.007805075,2
6275.006295,26.64064596,1671.702211,787.7315971,71.57838055,20.16458579,207.9538352,1.072129514,2.666666667,0.015250259,3
1126.357274,43.62208081,491.3404805,730.5878122,52.4788007,11.16897299,67.4786868,-0.206849503,0,0.009797794,2
2602.03201,13.60616093,354.0366628,728.5353142,85.22429828,9.74975285,73.3991418,5.492645874,0,0.007560444,2
2459.281679,56.07350749,1379.005497,677.2997391,39.22691766,16.55723843,86.09670361,2.205933805,2.333333333,0.016638243,2
3898.178665,34.17061802,1332.031742,752.1890191,62.62770309,18.78007005,131.2614093,1.208952984,1.666666667,0.016453792,1
958.1020738,35.66403934,341.6979006,831.6149027,62.28158148,9.576955903,49.30103478,-0.251209086,0,0.006610681,3
2176.112789,23.82734798,518.5099668,929.9748884,75.83321232,12.35165963,66.05308129,-0.161348262,0.133333333,0.006283697,2
3190.32348,34.46726008,1099.617091,820.6147369,61.77879171,18.78685037,125.4840001,-0.562164362,2.333333333,0.015897096,2
4647.81637,15.16832529,704.9959058,838.0301866,84.09089685,14.95847743,117.3294619,5.270934466,1.133333333,0.010591175,3
5411.272664,18.96125433,1026.045172,1108.101163,81.0302731,19.6970908,119.9004979,-0.128706365,0.666666667,0.006217031,3
2644.660213,31.70063683,838.3741294,765.2598795,66.43762682,13.45498761,102.8453866,1.164135872,0.4,0.010089974,2
5872.530609,7.775406489,456.613126,1204.908693,92.17724498,15.22915388,303.2340487,-1.023819425,1.6,0.005468049,1
12601.05532,6.787482577,855.2944344,982.4571823,92.90345798,18.97600933,348.3680759,-0.673634382,2,0.011204815,1
1408.240778,27.78680555,391.3051265,762.7548401,70.41770058,9.532266042,52.45444574,1.091499101,0.066666667,0.007001841,1
1760.069565,38.91685859,684.9637836,784.807417,59.77309466,12.0167289,64.22966798,-0.206373564,0,0.007814034,1
3155.681615,16.49687804,520.5889475,766.279372,82.84139734,10.3489252,183.0276072,1.565810378,0.2,0.006407914,2
1599.857472,38.72568168,619.5557119,715.7217415,57.15721101,12.00797765,72.1670757,1.296700813,0,0.011097444,2
1608.858443,37.91696119,610.0302316,864.1593591,59.07298455,13.92630991,57.51562129,0.598241452,0,0.009809309,3
2018.115507,31.54370651,636.5884326,950.6303324,68.27144247,12.362749,76.06375826,0.049105713,0,0.00570399,2
2147.837269,36.58087756,785.6977217,784.9172418,62.41902208,12.36091898,70.58984913,-0.296555351,0,0.00761989,1
4146.855331,21.74726013,901.8274161,880.8367013,77.72711727,15.05916264,106.5912674,0.315997207,0.666666667,0.008221638,3
1328.015669,55.91782487,742.5974758,772.4569368,42.78656644,11.08052429,45.15354702,-0.061884704,0,0.006386819,2
2427.550129,34.02973704,826.0889256,771.9558667,64.88235564,13.81247731,85.08845916,2.534772459,0.733333333,0.00968898,2
3859.507256,18.77041681,724.4455989,1028.253067,81.12497932,14.81878607,141.4423087,-0.391404753,0.466666667,0.005569233,3
6780.783938,17.33374115,1175.363536,646.2663956,80.33791936,17.48696192,158.6620564,-0.594921179,1.933333333,0.018732144,2
2377.95141,30.30659084,720.676004,805.7992621,68.54952975,12.88522001,66.86793094,-0.217643866,0.266666667,0.007863531,2
2435.103837,38.97383736,949.053409,922.1706151,60.69505497,14.23033582,156.0902157,-0.458914163,0.466666667,0.006765636,2
2327.480179,71.17775434,1656.648124,822.6972618,27.24045925,20.95828786,58.0635029,-0.136256773,0.466666667,0.013982697,2
2775.446454,26.98325814,748.9058813,883.9389006,72.71502515,13.0814815,92.34878549,0.043400342,0.2,0.005939466,2
1623.127011,56.89492872,923.4769561,633.1718302,39.32947433,12.54163356,62.69847245,0.88512746,0.533333333,0.010885802,1
1452.326621,24.35355204,353.6931195,758.0748469,74.00181406,9.285320192,54.13440795,0.764009634,0,0.006795859,1
2010.93509,25.62099009,515.22148,705.8679861,73.42230957,9.939679256,67.24493605,-0.44730439,0,0.007037429,2
4581.367244,13.34016313,611.1618642,1153.898021,86.65711346,16.13795626,100.0363604,-0.535461695,0,0.004340803,3
1103.366211,53.4040495,589.2422376,751.5412832,37.93306917,14.58777789,43.0486416,-0.180275253,0.066666667,0.013521337,1
3199.990167,33.7451517,1079.841536,789.4300876,65.22487891,14.54996334,87.33407537,-0.501009384,0.8,0.008982163,1
1825.947615,42.5175036,776.3473429,772.0337442,52.73501096,15.92436647,67.483354,-0.407017817,0,0.013568872,1
4307.145926,20.34021473,876.0827302,945.2618838,79.5446089,15.34968429,116.5955377,0.033889243,0.4,0.006432855,2
2718.986527,26.59868145,723.2145649,873.1932732,72.67966692,14.39467298,78.25255814,0.423319459,0.533333333,0.008191496,1
2592.75334,30.3355897,786.5270151,784.6294517,68.758158,13.97749788,119.1958566,11.79968183,0.733333333,0.009540751,2
1805.635684,16.07851489,290.3194023,808.9033696,83.22089635,8.6930616,104.2140138,2.062955698,0,0.005894249,2
2065.683831,14.02183668,289.6468132,837.3032686,85.30917437,9.35609303,95.78325111,1.32310481,0,0.006067007,2
4410.585922,27.14731833,1197.3558,1097.520361,72.78139036,18.44628966,159.4280499,-0.39393927,0.933333333,0.006730144,3
907.2102475,30.73038611,278.7892119,879.2105419,68.08683801,9.06902711,45.34244402,-0.188216511,0,0.005888035,1
5345.306161,38.19286375,2041.525499,1039.372147,61.76224211,22.56880053,105.7769796,0.189659388,2.8,0.008822553,2
1343.843497,40.79887232,548.2729923,774.0223419,56.51599138,10.98698186,67.2529474,-0.397769373,0.266666667,0.008305159,2
847.1134978,27.60217732,233.8217698,780.6340031,69.19238842,8.812046066,45.01823003,0.250776618,0,0.00708609,1
3395.53557,68.41050895,2322.903165,723.9397247,28.18897125,22.25271329,74.44551674,-0.562755573,2.133333333,0.016565289,2
4818.993451,47.5785021,2292.804901,1043.354448,52.35583175,23.34952209,91.01938691,-0.545388248,3.333333333,0.009483126,2
3703.712302,72.76349716,2694.950595,760.1273009,24.26163011,23.29665228,81.25575722,-0.63764104,1.866666667,0.01615264,1
4076.419526,19.4733146,793.8139989,731.8491167,77.93447822,15.65308131,126.3937636,5.028864034,0.933333333,0.015727805,2
2060.679275,35.36034416,728.6632838,784.9768923,63.84111826,12.05363667,77.45174744,0.418704268,0,0.007202124,1
1810.790059,37.38551601,676.9732074,800.835553,59.81932761,14.605614,64.55802109,-0.269035703,0.466666667,0.01092474,2
2242.421863,24.02733082,538.7941195,838.4104191,73.75551303,14.41166446,75.97894245,1.856228997,0.666666667,0.010785642,3
5219.392486,35.32841045,1843.9284,1047.438346,64.60604082,21.87085365,110.6688822,-0.205493962,2.533333333,0.008689734,1
7967.652586,7.309966467,582.4327322,1157.48558,92.20243467,18.07662828,403.949151,-0.729525794,2.2,0.015604178,3
4571.736895,40.94976039,1872.115304,1025.079692,58.92940873,21.23203077,100.4768041,-0.330562231,2.4,0.009003987,2
3210.468659,16.20044446,520.1101921,812.012651,82.94595122,11.84562993,88.93937748,0.63092847,0,0.007293567,2
3068.280954,30.72671191,942.7818494,745.111908,68.25933251,13.2079865,86.47482048,0.300357327,0.4,0.008567178,2
2425.734375,22.45870235,544.788463,912.1517243,77.27898173,11.79821945,82.65849049,-0.039470848,0,0.005771982,2
4171.614198,23.97698566,1000.227338,885.7321842,75.61854532,15.70628773,96.55020394,-0.057031476,1,0.008487129,2
2944.359095,23.8916691,703.456532,801.0139187,75.45895007,12.32698018,124.6677782,2.031320254,0.666666667,0.007753395,1
1815.536962,21.96043806,398.69987,734.6777149,76.14310617,9.89670069,63.43130382,-0.132035032,0.133333333,0.007923496,2
4452.889711,18.54558591,825.814487,1028.537961,81.35509518,16.1628582,146.6440809,-0.914861576,1.133333333,0.006099322,3
1691.407287,36.43990178,616.3471542,788.0375344,62.16910842,11.66992082,65.49217292,-0.224684193,0,0.007689604,1
1232.210919,71.78078079,884.4906188,795.3808955,26.1888885,12.89540146,43.04606059,0.335133286,0.4,0.008395904,2
5407.215234,13.88291999,750.6793647,891.1599225,85.19646401,15.442289,301.4434084,-0.542883705,1,0.012990652,1
3228.844515,40.10628416,1294.969556,976.8365788,59.71673663,18.37458395,98.25955638,0.359089885,1.333333333,0.009149057,3
2332.844143,25.36658028,591.7627822,886.7353012,74.40856969,11.79903409,67.86691344,-0.517829965,0,0.004870791,2
4296.705672,30.82375948,1324.406222,919.2229643,68.79828479,18.96475721,118.1240606,-0.44412642,0.8,0.010399939,1
1240.859915,42.16940186,523.263204,794.7245812,51.5285956,14.44531218,63.95229917,-0.327817637,0.066666667,0.012544874,1
1217.035902,57.84880261,704.0406968,780.4186373,40.91184711,10.83534098,48.65130162,-0.416389568,0,0.006266869,2
3343.174615,30.11986383,1006.959642,740.4449673,68.69881393,13.95790101,91.86985262,0.15542648,0.6,0.009004995,2
4016.223176,20.13912251,808.8321055,855.4794877,78.73985277,15.63331456,115.6842206,7.240840288,0.6,0.01037331,3
2862.340248,37.20591263,1064.959812,765.2684493,61.7113318,14.6767123,77.26010059,2.313969228,0.666666667,0.009077356,2
4175.377676,65.85092698,2749.524905,762.8271639,31.50091532,23.69208128,85.98211617,-0.673839106,2.466666667,0.016276657,1
3752.782281,17.30413654,649.38657,818.5227979,82.1565174,12.76682857,119.4733231,0.304006205,0.933333333,0.008015315,2
3873.991846,20.50294916,794.2825787,771.0158878,78.42677806,13.47350585,111.6126564,0.668778088,0.266666667,0.009449233,2
5178.29996,15.69658473,812.8162408,869.0877811,83.7917527,14.52468045,242.9072623,-0.495045054,0.8,0.008368766,3
12519.11972,6.70987191,840.0168972,937.5812409,92.76079151,18.91696844,340.4929868,-0.188552695,1.8,0.011791698,1
7814.017273,10.1070042,789.7630538,915.0361082,89.6708891,15.69081465,220.2799694,2.344386125,1.466666667,0.007384443,2
872.0305276,47.82688079,417.0650009,737.3665561,46.55392019,10.23793097,53.07062647,-0.781342636,0,0.009157643,2
1340.89118,28.09027346,376.6599994,775.5590057,69.79057329,10.07941851,51.69790994,1.711975933,0.066666667,0.007605784,1
1418.898911,28.89267825,409.957897,767.4682485,69.54992546,9.429056608,56.50842632,0.401501995,0,0.006593931,1
1763.391326,28.90369447,509.6852413,743.1031143,70.06000403,9.939175133,72.07481665,-0.030022558,0,0.006783938,2
3640.098527,21.32308352,776.181249,1054.907389,78.63865662,14.81697614,138.7981041,0.060873126,0.466666667,0.005146496,3
1930.549206,33.40864136,644.9702605,793.4166977,63.98020412,14.67157323,82.42777065,3.504324669,0.6,0.011393429,2
521.3169825,47.46560299,247.4462492,708.1926702,43.5096017,9.298006571,31.29587262,0.828634941,0,0.009225304,2
2327.81062,33.59580945,782.0468201,774.2302769,65.07596857,13.4313853,87.58226327,0.508285142,0.6,0.009292813,1
671.3608278,42.24123587,283.5911109,729.0039945,50.97683412,10.09216176,37.53256883,0.314558466,0,0.009512794,2
2183.138718,26.93245869,587.9729333,815.6428592,70.09517771,14.53332833,107.0799912,1.147361218,0.733333333,0.011859501,3
6853.193053,17.5957769,1205.87256,938.4710837,82.20792665,17.04183753,213.9261847,2.106308821,1.333333333,0.010292145,3
1891.145627,24.20537134,457.7588217,1065.325791,75.76932755,11.23391955,87.10114441,0.801217171,0,0.004091549,3
1363.671946,27.5010576,375.0242074,774.2657233,70.12949796,10.26670311,51.61271445,1.727061019,0.066666667,0.0078169,1
3243.397493,29.42054199,954.2251214,897.224925,70.48361097,14.16304818,83.33960924,-0.34784272,0.333333333,0.005311934,2
1644.880675,25.68713589,422.5227342,730.495568,72.93782361,9.404932109,77.83327344,-0.351486298,0,0.007005772,2
1444.733516,30.71755161,443.7867634,746.3829136,67.48814241,9.551790796,58.6650301,0.493443896,0,0.007060152,1
3368.579503,34.17705062,1151.281122,947.3867368,65.62300859,15.96582459,122.1939078,-0.347563423,0.4,0.007525061,2
1735.16589,37.2138063,645.7212734,974.6191768,62.63131749,12.60044072,62.8361534,0.422495278,0.2,0.005884493,2
3891.711874,49.13087738,1912.032189,1008.58133,50.62049207,23.22831527,90.88375843,0.392244006,2.333333333,0.011872698,1
3803.011153,32.88972416,1250.799878,866.3603832,66.12292285,17.8048967,88.46939764,1.176417685,1.6,0.011124326,1
2304.014543,25.48677839,587.2190807,729.6993237,70.31184396,14.17907273,127.2566704,0.419686028,0.933333333,0.017177306,2
3549.708778,58.29018559,2069.131835,861.0695212,40.56236598,22.24539038,91.24122724,-0.006530742,1.333333333,0.013698333,1
8137.666681,5.355197474,435.7881205,1177.098512,94.63136088,16.13547899,234.3998543,-1.190849786,2.266666667,0.004638504,3
3773.547276,65.86506509,2485.44937,733.6248493,31.87431721,21.17863171,80.69703413,-0.633526165,0.866666667,0.014675938,1
5734.448973,13.28804466,761.9961404,716.6335362,84.31061323,14.94097691,159.0354941,2.739480055,1.933333333,0.013802357,2
5939.322343,11.5630027,686.7640029,1183.783631,88.42850723,17.57281851,187.7800117,-0.717170772,1.2,0.005305308,3
3031.010644,15.01634392,455.1469826,730.3895653,83.23009301,11.99640725,114.4597935,8.249490021,0.133333333,0.009668735,2
4418.176194,68.74671147,3037.35084,759.8641695,27.4966455,26.0932004,82.85619165,-0.493273686,4.933333333,0.019210741,1
711.7651194,41.02431668,291.9967766,729.1738848,52.87718561,10.14698251,36.60856954,0.881304368,0,0.009180612,2
9595.969768,12.15391168,1166.285691,1071.418329,87.78142007,20.47140528,189.9975953,0.502010793,3.333333333,0.007488452,1
4076.088958,13.10480918,534.1636798,1198.343485,86.8323541,14.84289759,305.3187141,-0.817725762,0.733333333,0.00646036,1
1092.029582,53.33611341,582.4461363,746.7813908,37.39230863,14.88045772,45.07415237,-0.339114396,0.066666667,0.014042477,1
978.7418701,39.19333323,383.6015626,773.4538476,57.88464785,11.26541075,52.97904775,-0.115138483,0.066666667,0.009153326,2
6315.724169,8.930496888,564.0255503,1020.486095,90.3047883,15.30558854,385.4957268,-0.717521212,1.2,0.010788649,1
2903.466607,48.91383037,1420.196731,912.8060289,50.71479391,17.32268996,74.70476137,0.765334959,0.533333333,0.008742058,1
2452.45284,63.24954417,1551.165242,669.8483874,32.06271898,17.58567224,62.11758506,0.306969262,0.266666667,0.015084158,2
4598.357104,14.58748976,670.7848715,948.752881,85.24535438,14.56990153,157.3558623,-0.645827163,0.6,0.00599119,3
1275.493746,30.17226003,384.8452898,732.4104679,67.41590358,9.474453664,52.42720786,0.276516712,0,0.007391401,2
5984.340837,18.73340939,1121.071068,982.5929927,80.78188599,17.92232926,210.3852201,1.744376384,1.933333333,0.012015485,3
2212.333791,27.69394058,612.6824055,774.6964337,70.7562589,12.00059855,61.98198114,0.141351987,0.133333333,0.008159582,2
1405.621299,25.00136855,351.4245615,718.5312833,72.84965791,9.226954462,49.90757786,0.245207384,0,0.007336663,2
2305.254744,21.02097827,484.5870988,850.0387556,78.56184959,10.84323312,69.83330182,0.873747698,0,0.005651724,2
5011.93924,14.66028912,734.7647829,992.6216899,84.94213849,16.45606624,161.7465597,1.13393335,1.333333333,0.008856513,3
3664.839262,39.93814371,1463.668771,1025.087673,59.9367735,19.59983804,118.1148763,-0.127004576,1.733333333,0.009163521,1
1970.620066,21.24062993,418.5721156,733.6955596,77.43817922,10.20528935,62.5228321,-0.228237781,0,0.007226464,2
5536.87218,2.249836474,124.5705698,1318.480012,97.68359861,12.65700186,534.8065214,-1.617763912,1,0.004784156,2
1356.815635,59.54762511,807.9514879,585.1821544,36.57666341,10.67434849,67.4874305,1.737422072,0.266666667,0.009722343,3
6797.687969,22.72042456,1544.463567,781.9174843,76.17687527,19.40094453,222.1979231,1.533971092,3.133333333,0.013866917,2
5073.483229,32.58741061,1653.316812,1045.080248,67.35726422,21.54139041,110.9311854,-0.22702112,2.6,0.008550125,1
5523.100603,12.30137151,679.4171238,710.1092505,85.70469104,15.37026069,164.3073118,2.435186358,1.933333333,0.014260004,2
1143.094873,65.16493036,744.8969779,781.1424344,33.53375061,11.18003681,43.76078784,0.13390059,0,0.006660528,2
1461.160196,44.31279338,647.4808987,788.9165718,53.25840325,13.51224343,61.81595491,-0.092852397,0,0.009890218,2
2531.152872,23.15019198,585.9667492,886.7362071,76.6789721,12.09120337,65.55269235,-0.232441734,0,0.004497508,2
2515.274338,66.12159278,1663.139455,825.9236514,32.45127938,18.42745874,62.84216406,-0.302407345,0.333333333,0.011243491,3
1786.52093,59.02196365,1054.439734,820.7086172,40.22475824,13.60969879,55.06395178,-0.465652006,0,0.007273871,1
1326.909166,36.81942124,488.5602754,747.1986496,59.93989662,11.34296518,56.91322923,0.444223868,0.266666667,0.009140219,2
1620.814211,46.51330435,753.894247,842.0726352,51.84996375,13.5858662,55.97313758,2.340757814,0.266666667,0.008587538,2
3105.830059,17.23773332,535.3747029,724.3321701,81.20529823,13.45121363,221.0176945,0.507148875,0.933333333,0.017973607,2
8897.07188,10.71585902,953.3976792,915.9531669,88.64307314,18.09743318,315.789163,-1.067612182,2.666666667,0.012723055,2
4659.911527,37.36398134,1741.128473,1020.700824,62.53754091,21.40826472,127.0967027,-0.505244764,2.4,0.008808263,1
763.9032537,38.33312838,292.8280149,759.5637298,57.13958422,9.739463749,38.75607147,0.186209644,0,0.008225125,1
1664.953635,15.83055035,263.5713235,658.579561,83.06857971,6.862777653,201.1317906,2.592807086,0.266666667,0.006564552,2
2496.222943,27.65187387,690.2524197,856.789637,70.53697008,14.84054238,64.77348351,4.248595262,0.666666667,0.010404464,2
2227.88943,35.53795775,791.7464043,865.2635008,63.77347427,12.88417799,76.75133234,2.477136527,0.266666667,0.007272848,3
3834.440235,34.53137299,1324.08486,881.9850666,64.83149772,17.01410219,110.3864247,0.170364745,2.066666667,0.009651044,3
3645.837739,47.86668849,1745.141793,970.2312269,51.55161376,21.4656811,106.2735785,-0.393148293,1.666666667,0.011456513,1
1435.878043,28.97964018,416.1122902,719.9038613,68.85466386,9.683375804,51.54318265,-0.213593685,0,0.007442628,2
2618.873273,12.01927026,314.7694564,685.8664096,87.17159817,8.460062439,230.4837355,0.569662616,0.266666667,0.006991367,2
3633.841725,46.39997805,1686.101763,997.6259546,53.36316748,21.78334522,79.81098467,-0.072974101,1.8,0.011009606,1
2411.768107,22.17393205,534.7838212,924.7450462,77.66543391,11.8171011,83.66001015,-0.654423677,0.133333333,0.004807162,3
2259.581363,21.08423099,476.415354,776.5670799,77.5697673,11.44927102,65.46631095,0.618106451,0.2,0.007965862,2
2817.104616,55.14892229,1553.602835,829.1891664,42.96388463,21.1579441,67.05319027,0.448071784,1.466666667,0.01452032,1
4502.554964,27.13281461,1221.669891,888.0056813,72.17324459,17.81027612,111.3168004,1.022066525,2.066666667,0.010478824,3
4502.962782,32.68113434,1471.619316,1004.920676,67.21232364,19.47730203,126.9030949,-0.630488529,1.6,0.008221779,1
412.2932325,46.8972728,193.354282,783.0929463,48.84851569,7.380592235,45.48116835,1.262800248,0,0.006048123,2
2053.032093,22.48895009,461.7053626,733.5397605,76.20527287,10.21885883,62.93144906,-0.272891437,0,0.007371154,2
5289.849196,13.4246082,710.1415289,628.3681236,82.42304129,16.86405389,193.7113043,0.52266929,1.4,0.023691134,1
2101.384653,48.36544594,1016.344058,841.8052469,51.13723482,13.72562355,62.91294154,-0.538537889,0.133333333,0.006831615,1
6849.917413,16.25782128,1113.647331,940.1654848,83.57069592,17.121314,214.5888266,2.038812669,1.333333333,0.010307746,3
3612.516272,39.1581495,1414.594522,1013.049682,60.66691595,18.32006046,156.9288356,-1.178991131,1.266666667,0.007607658,2
2340.664035,26.7134032,625.2710211,887.4705115,73.02433354,11.80325333,67.02943686,-0.493365898,0,0.004873682,2
2456.867129,25.05820733,615.6468589,896.5271136,74.43324931,13.13124457,85.47129989,-0.223578054,0,0.007128039,3
2952.895807,37.16200947,1097.355419,795.0596057,61.37046231,15.60512235,77.46248482,0.672690688,0.866666667,0.010573412,2
2512.973911,67.47289685,1695.576295,828.3280611,31.00205304,18.60566108,61.94974729,-0.200239367,0.266666667,0.01130859,3
3529.378083,22.2735207,786.1167577,949.567529,76.9823851,14.46630547,340.796061,-1.243478525,1.066666667,0.011659203,2
2881.463816,46.25531969,1332.8303,812.0994096,52.82750912,16.22965742,80.12314227,0.479141122,0.466666667,0.009662818,2
6804.140288,11.2260648,763.837198,748.549853,87.52720862,15.5646493,194.9643915,0.907120246,1.2,0.015261851,1
9726.440852,7.754045904,754.1926884,845.4468806,91.48996881,17.52273213,244.3291457,0.234823408,1.866666667,0.014025802,1
3034.531569,22.45088349,681.2791471,932.3388826,77.38868984,13.53389073,90.41071383,-0.205598262,0.4,0.005433329,3
2860.179404,29.27005542,837.1760966,1074.107578,70.53051584,15.9611521,248.5255009,1.334593411,0.733333333,0.008019309,1
1450.90266,57.98030848,841.2378383,790.1127128,40.79372733,12.09827951,52.63162144,-0.259910635,0.133333333,0.006743318,2
2940.055371,31.61286135,929.4356278,879.1651425,68.20906031,13.86100065,85.2804404,-0.486383219,0.2,0.005688437,2
2433.130036,32.81766305,798.4964166,757.1468676,65.94235356,13.1846034,87.3639023,0.289142308,0.6,0.00912115,1
1959.393106,36.74358433,719.9512582,794.2043177,62.1757336,13.52627943,65.82381203,0.101185153,0.133333333,0.009072815,2
1071.488443,33.7883784,362.0385695,903.904988,65.51751501,9.337272122,79.29857948,0.442021534,0,0.005438838,3
924.8279984,47.34700871,437.8783929,880.5013173,51.29136026,10.04745487,65.52004508,1.04350223,0,0.006276168,3
2876.127436,18.61894098,535.5044698,826.4492352,80.74566501,11.76886774,118.7231762,-0.716684314,0.533333333,0.007050417,2
2602.502271,35.72521443,929.7495168,919.5962569,63.97144678,14.31388722,158.5573904,-0.496432892,0.466666667,0.006861823,2
7538.108232,15.7919834,1190.416801,949.5307612,84.03041724,17.14607005,215.6067775,1.902982932,1.266666667,0.010135108,3
1806.104021,23.4360058,423.278643,735.6499699,75.1658789,9.869249267,79.60175642,1.526677227,0.133333333,0.007536181,1
5423.958073,10.12296638,549.0654524,819.1059866,88.28006651,16.36005072,293.2701987,1.785297183,1.6,0.018199676,2
4022.104908,29.02677057,1167.487164,936.6201507,70.84327329,16.55458252,130.5277325,-0.642001661,1.066666667,0.006810838,2
2056.056848,24.21184877,497.8093746,848.4471889,75.30057654,10.69628887,67.90224231,1.112137576,0,0.005782268,2
4587.109249,5.210707314,239.0208371,1200.244328,94.7721707,12.39377454,284.4226155,-0.649143436,0.733333333,0.003230214,1
2088.408962,30.48854429,636.7254915,957.9257279,69.33164511,12.59684672,79.5624819,-0.158452568,0,0.005734759,2
9315.699313,9.80691578,913.582786,1069.676891,89.9763187,19.58054511,318.5787726,-0.857287904,2.8,0.009613535,3
3292.430171,57.28315287,1886.007808,828.628278,41.06206272,22.15521683,73.93147213,-0.014204218,1.733333333,0.014840905,1
1152.012407,33.99156859,391.5870874,742.4956181,62.10983709,11.09712393,49.93311043,0.222478457,0.2,0.009175869,2
1073.260031,65.16977353,699.4411317,775.2970624,33.24202515,10.91500552,41.23489599,-0.164333534,0,0.00657162,2
2167.717353,58.36436987,1265.174574,810.1521627,41.01160388,14.26029469,65.10635566,-0.279507,0,0.007336785,1
10335.69327,7.577191926,783.155316,821.3385544,91.62024734,17.74285213,267.6726208,-0.220141488,1.933333333,0.014649249,1
4678.188254,22.91981021,1072.231869,1027.808219,76.93571102,17.4389135,132.3605843,-0.098301683,0.8,0.007857219,1
13254.7496,5.800188442,768.8004542,940.8293059,93.78793501,18.92613791,341.7189913,-0.259275696,1.8,0.011802082,1
4073.131634,31.54859342,1285.015738,615.9086213,63.71538613,17.21208395,111.3758672,-0.499629485,2.6,0.021786457,2
878.1411043,30.42335709,267.1600039,879.0584982,68.27834248,9.058521732,45.1480078,-0.149774295,0,0.005894782,1
5289.202797,26.42129191,1397.475711,761.075914,70.29240987,20.43180164,265.4164621,2.443204451,3.333333333,0.018673199,2
797.1359236,37.65795645,300.1850989,728.0106007,57.92582544,9.371944158,43.74944874,0.029004895,0,0.008103375,2
3316.12236,33.56469261,1113.046277,945.2334544,66.19264423,15.98144337,123.7397104,-0.449862615,0.4,0.00758056,2
2905.281638,30.67653701,891.2397969,667.780442,62.07456365,16.74878192,129.4762109,-0.156887332,1.533333333,0.021326142,2
1429.145511,60.85765979,869.7445132,792.2300488,37.93544602,12.12723576,48.43139814,0.086971837,0.266666667,0.007030986,2
2347.700686,14.11840791,331.4579594,734.5609616,84.41613062,9.719368101,71.76422951,5.521464479,0,0.007668261,2
1898.103707,33.3806593,633.5995315,811.4922257,65.69471153,11.41210931,79.14465616,-0.3899743,0.4,0.00711456,1
989.4588299,30.77014343,304.4579012,894.1054529,68.18770827,9.658354156,46.41633337,0.060013014,0.066666667,0.006080455,1
2269.876104,58.6616312,1331.546349,796.1108362,38.58273035,18.8039808,68.78217062,-0.099728856,0.533333333,0.013321205,2
1191.193343,19.54941344,232.8713115,851.5262539,79.37333724,8.473262483,56.3730424,0.338056333,0,0.00541185,2
1584.780066,57.94080738,918.2343654,781.5228572,40.9994197,11.9778405,52.37208869,-0.070130398,0,0.006357052,2
2138.278896,33.53688552,717.1121454,966.5106895,66.24055194,13.94633053,76.99789189,0.319822841,0.866666667,0.006868025,1
2923.011461,64.35212716,1881.020052,697.4384205,31.22761398,20.19667461,66.57423508,-0.265279581,1.066666667,0.016555162,2
928.1533477,37.0210111,343.6117539,767.4457643,60.75486008,8.826926831,43.53638265,0.81692888,0.066666667,0.006235001,1
1998.377017,25.39307478,507.4493702,759.1580929,73.45740946,10.51375204,79.92310393,0.005897756,0,0.007381291,2
3313.4469,32.43294553,1074.648428,911.8154311,67.08200229,16.1322999,100.8190313,0.576847532,1.266666667,0.008721068,3
9108.724312,3.347302815,304.8965853,1063.173691,96.616515,14.65422914,259.1513387,-0.948646283,0.866666667,0.004614781,3
3663.033658,36.65832929,1342.80694,938.1990424,62.87755869,17.42940865,174.32769,-1.356710836,0.6,0.008876578,3
2625.4582,37.48368773,984.1185535,870.1823774,61.26834879,15.67893473,74.64081264,1.626571281,0.4,0.009769793,2
3603.867329,28.34971618,1021.686159,671.8138997,67.21251475,17.2208257,150.7272544,0.321214588,2.266666667,0.015801958,3
1211.079308,29.02081378,351.4650705,763.8764906,69.32599048,8.816530127,48.61955992,0.950791276,0.066666667,0.006196106,1
1447.123853,40.9073875,591.9805623,871.2939195,57.30047169,14.0072849,55.50885104,-0.39448826,0.066666667,0.009813257,3
3553.720292,20.45820877,727.0275165,933.3234443,79.45185173,13.66419341,92.5835476,-0.293840975,0,0.004852061,1
1749.907078,20.66742615,361.6607529,615.9133709,77.41832974,8.888419506,72.15777362,5.870248372,0.2,0.007508695,2
5996.181365,19.81984326,1188.433748,893.5699783,78.73430311,18.87591953,234.1384161,-0.510231633,3,0.013719827,3
2861.132078,16.49201959,471.8584628,728.3620161,81.68170332,12.06530676,113.5440717,8.784513175,0.133333333,0.009716208,2
2855.505158,24.59108163,702.1996043,877.0545742,75.08801934,13.10598359,82.91785447,0.377219372,0.266666667,0.006019279,2
2869.679269,64.52209508,1851.577186,676.0767367,31.44709685,19.1530312,75.99454508,0.649643377,1.066666667,0.016982514,2
4194.621494,26.41387357,1107.962018,1157.923852,73.55261313,18.9499603,154.6211488,-0.533126724,1.666666667,0.00679001,1
3220.752172,18.83402091,606.5971376,700.9365772,79.59842748,11.59557962,112.0944297,0.604665054,0.266666667,0.009450217,2
7311.475874,10.66416473,779.7078314,922.3097087,89.10167287,15.49907275,216.8695809,2.496320659,1.466666667,0.007387729,2
4414.386461,45.05361163,1988.840532,985.7850562,54.73040023,22.52342944,114.231746,-0.361007464,2.266666667,0.011380361,1
4639.69597,21.88090745,1015.207581,890.1256286,77.76361047,15.87071438,107.5779955,-0.519083776,0.866666667,0.008103149,2
2019.303903,44.54323813,899.4633461,811.8108218,53.38430372,14.71592364,76.79052205,1.322511178,0.866666667,0.010195477,1
2248.566052,26.6334118,598.8698564,799.1387907,72.67728518,11.76899673,98.18756597,0.401324382,0,0.00705543,1
1590.925585,27.74119877,441.3418287,764.6978456,70.93621727,9.585146997,58.49648536,0.104422978,0,0.006657146,1
3466.70391,33.11947481,1148.154128,707.7783103,63.40592813,16.94480554,83.13543477,6.436146217,2.066666667,0.015166823,2
1527.765399,63.59032898,971.511043,798.6570238,34.68867994,13.67198586,47.72224611,0.025595026,0.466666667,0.00874034,2
1091.973983,49.30123713,538.3566827,740.0799784,43.88990535,12.36791217,72.78674441,-0.322361421,0.066666667,0.011647987,2
3039.121644,48.12271501,1462.507848,813.2054943,51.01552847,15.23248307,81.49413916,3.341358416,0.2,0.008539131,2
5961.792216,8.368595682,498.918286,1044.514359,90.83660268,15.32552587,387.0244686,-0.847011224,1.2,0.011175411,1
2178.879753,34.35327827,748.5166247,897.4975834,65.11896661,13.29814834,80.62221419,0.144648338,0.666666667,0.007453997,2
1269.951093,68.47735735,869.6289482,788.8816661,28.91985117,12.71131389,44.39751934,0.293291722,0.4,0.00837165,2
1084.887019,56.71925261,615.339809,751.2248835,35.20008182,14.61866131,43.35852851,-0.266229369,0,0.013273992,1
1377.497461,58.18172527,801.4517884,781.5157975,40.78717934,11.4239171,49.8061558,-0.340430592,0.133333333,0.00647509,2
1174.07113,52.83547228,620.3260263,759.8234938,38.88357044,14.4887418,44.58611175,0.041334635,0,0.013000945,1
3235.169786,60.73941246,1965.02312,705.2261227,35.89488267,20.42279884,69.88443112,0.736217334,0.8,0.016158919,2
760.4553322,42.00890133,319.4589301,768.9526075,54.60140366,8.87602561,56.76664943,-0.713777754,0,0.007348286,2
4289.469,49.53592126,2124.827986,986.5038103,50.28475497,22.77177533,115.2956342,-0.396394143,2.266666667,0.011265066,1
4882.415789,22.87180711,1116.696722,842.1115923,74.74458295,20.80840447,229.8451379,0.115053912,4.333333333,0.017424721,3
3335.441312,48.27517723,1610.190205,762.1430102,50.18222255,17.72712199,108.3740348,2.311869199,1.333333333,0.013426106,2
1537.365402,45.28022116,696.122454,846.6700448,52.94921496,14.21614298,56.35666044,1.752309173,0.266666667,0.00934083,2
4396.083206,44.23128173,1944.443948,1088.025658,55.73588098,22.17503623,95.02202961,-0.224803176,1.666666667,0.008477133,2
801.9004373,30.27261646,242.7562438,780.5240052,66.28367979,9.073445652,44.91175624,0.232707648,0,0.007402501,1
4466.846953,26.04538046,1163.407283,889.2339435,73.24491378,17.83333536,110.0030107,1.176095371,2.066666667,0.010540695,3
1963.901609,51.72772685,1015.88166,831.4975464,47.66861566,13.38186059,62.54736457,-0.158099707,0.133333333,0.006975202,1
3399.65685,58.73517408,1996.794369,712.0612341,38.15086391,20.2555606,78.41421451,0.979813093,1.133333333,0.015883878,2
1913.289637,15.53432002,297.2165352,817.5742934,83.86644768,8.570786025,99.50584264,2.42979479,0,0.00510494,2
2605.106419,19.78512965,515.4236825,930.1664934,79.99223365,12.42373419,69.9005151,-0.240359404,0.133333333,0.00596169,2
2638.025088,20.0709111,529.4756703,937.537287,79.79237053,11.96172268,73.81446714,-0.399917182,0.2,0.005083316,3
2258.490971,23.85394208,538.739128,931.4017587,75.87124759,12.27033759,67.48889069,-0.258374638,0.133333333,0.006029976,2
1808.758674,36.41503226,658.6600547,633.1090732,60.12559174,10.90548302,80.71510125,9.950167677,0.6,0.010223662,2
4367.397247,23.81629545,1040.152232,1088.195902,76.14512818,17.38649436,142.5263028,-0.172725111,0.533333333,0.006094792,3
3921.674768,47.12469293,1848.077192,1006.283034,52.63660638,22.91517334,90.18396111,0.416457014,2.133333333,0.01177225,1
8238.030024,16.39543611,1350.660949,923.4446025,83.34301191,18.93636133,259.6450549,0.331668452,3.066666667,0.009526842,1
1997.383405,47.20210359,942.8069837,867.0208456,50.53170035,16.6836791,68.17251811,1.431980732,0.533333333,0.011088777,2
1306.554949,29.24449878,382.0954461,740.1973765,69.13874087,9.195820659,50.60121069,-0.483398043,0,0.006523542,1
1736.851005,43.17034891,749.8046389,790.9793034,54.78933248,13.9686486,64.4771522,-0.086602,0.133333333,0.010060008,2
5803.16357,16.12673402,935.860754,711.194954,82.55916945,15.79589829,132.6363365,0.350370589,0.666666667,0.013297852,2
1604.299721,35.32511407,566.7207065,711.3136335,60.93531323,11.88076367,69.97349068,1.449962185,0,0.011162175,2
688.0207099,40.57159703,279.1409899,768.4833097,54.56782044,9.396210137,40.19027415,-0.148572125,0,0.007843743,1
3104.63476,73.58633327,2284.586881,714.3666129,21.78974976,22.67525399,71.89402474,-0.473152039,1.666666667,0.017750278,1
1863.955175,26.8995689,501.3959065,845.09871,71.47496986,13.88694142,65.57834656,1.990608737,0.133333333,0.01011642,3
2534.494072,28.64850081,726.0945548,775.0909644,69.76987767,12.60798543,97.01865747,2.462954662,0.266666667,0.009195652,2
1757.256019,35.14933885,617.6638725,784.411166,63.4894232,11.60659394,65.05078958,-0.154974312,0,0.007539049,1
2191.77683,34.12923446,748.0366534,685.6920332,57.28478087,16.97645136,90.25601057,3.080773759,1.666666667,0.020867811,2
2039.917684,24.890554,507.7468128,1107.499592,75.10561568,12.1787012,73.07576569,0.651117433,0,0.004110859,3
4639.903187,25.7522427,1194.87913,913.3655409,73.89271814,17.31697814,106.1993591,-0.356235097,1.4,0.009150779,2
2414.099699,26.96838253,651.0436416,897.1168909,72.7576723,12.46473226,92.5379552,0.91400868,0.8,0.00631081,2
4925.06457,5.652872867,278.4076387,1258.023407,94.28444105,15.00503184,297.8477467,-0.658265705,1.266666667,0.005602095,2
3935.979148,70.29505486,2766.798701,758.5896841,26.12707387,23.99372453,82.67492135,-0.703647663,2.333333333,0.017275975,1
2552.751794,56.6670668,1446.569564,809.193049,41.30842225,19.17313437,67.97838047,-0.010440077,0.4,0.013187796,2
3611.508651,72.02620267,2601.23254,734.6780094,24.7935446,22.74670367,77.31924453,-0.539730851,1.666666667,0.016147925,1
1156.781218,33.68929814,389.7114734,905.5891594,65.27614826,10.40187765,54.54849273,-0.198438973,0,0.006444796,1
4460.555872,35.23851676,1571.833728,1050.925717,64.63438775,20.23566744,118.1195739,0.492912458,1.133333333,0.008471316,3
6998.22005,7.986211846,558.8926786,1004.960407,91.18626479,16.8636256,382.217366,-0.633606305,1.866666667,0.012517276,1
3906.999234,55.30691285,2160.840661,885.6258011,43.73350934,22.00555572,98.22449916,0.06613629,1.2,0.012651934,1
843.4549493,38.50140453,324.7420021,779.1879737,60.0137026,8.209297818,59.06793408,-0.655816117,0,0.005423583,2
1086.615158,39.94114684,434.0065559,783.5296676,56.42865458,11.57324712,52.17612899,-0.142031524,0,0.009455567,1
1917.902339,22.65763042,434.5512239,708.9431433,75.93078657,9.176983929,82.2485534,1.737641564,0,0.007114119,2
976.3083185,51.97084846,507.3957167,564.6163673,44.35028336,8.277694767,45.10290055,2.850224758,0,0.009156656,3
3161.510304,47.76835672,1510.20152,807.4322729,50.52149268,19.39312181,68.07290223,-0.380707767,0.4,0.012677944,2
681.3213234,49.48249085,337.1347615,724.9555781,44.89969633,9.79503181,34.46319997,0.866298462,0,0.008650201,2
2571.650045,27.06409555,695.9938254,753.6522568,68.22702734,15.21169378,124.0627922,-0.182981175,1.2,0.015400393,3
3491.617073,33.10947632,1156.056128,936.6011162,66.63934745,15.94481826,128.2098856,-0.672753074,0.4,0.007495913,2
2111.721299,36.30224258,766.6021884,784.7798562,62.61903386,12.26328932,69.65310244,-0.196966168,0,0.00761241,1
2306.762846,30.63841212,706.7555073,979.5793087,69.23200147,13.49140789,77.87365493,0.183510482,0.066666667,0.006047876,2
758.0664855,36.97349695,280.2836889,724.8268114,58.39087963,9.199331081,41.25311157,0.305428224,0,0.007890103,2
4664.441735,23.44968237,1093.796771,706.8439345,74.01371421,17.16742618,170.1933588,-0.351799827,2.866666667,0.016356065,2
3194.912373,34.33991861,1097.130309,910.2832756,65.18918097,16.80678687,91.72132065,-0.055833927,0.733333333,0.009536544,2
4974.692469,14.16177639,704.5048237,731.9053787,84.817197,14.07773155,278.7187554,2.233944424,0.866666667,0.019923954,2
3485.509529,67.21344015,2342.730861,727.1547044,29.93669604,20.88461512,79.009573,-0.573141086,0.933333333,0.015032279,1
2558.792413,68.69657335,1757.802707,828.5233047,29.80744751,18.58253923,61.87238522,-0.19002026,0.266666667,0.011307956,3
2080.637796,34.71696058,722.3342034,864.6995171,64.18499457,14.09251087,61.59515857,0.262193098,0.533333333,0.008907571,2
2637.043605,27.06373097,713.6823868,856.0460024,71.22501423,14.98944623,67.11688372,3.554419961,0.666666667,0.010453952,2
1174.614774,32.71365345,384.2594066,766.1083183,65.30611203,9.458803418,48.50281573,0.980845415,0.066666667,0.006720753,1
1979.281523,39.5325218,782.4598996,662.5049233,55.33037763,13.83080794,101.3408745,1.465454169,1.133333333,0.018740086,2
3242.507169,31.63974684,1025.92106,856.5385723,66.71091522,16.40707997,141.1257706,-0.579389729,1.133333333,0.012473754,2
7502.60119,5.139494497,385.5957753,1209.817828,94.84774701,15.19616959,279.7063461,-0.937275273,2.266666667,0.004446626,3
8334.475543,5.62380782,468.7148873,1196.203697,94.36407429,16.71454045,233.1974507,-1.17573512,2.266666667,0.004706184,3
5627.651653,26.42266605,1486.975603,693.4778244,70.94422827,17.78875081,235.7237079,7.036120334,2.733333333,0.017141522,2
4514.96202,25.85020238,1167.12682,844.4855128,69.92913131,20.61284555,219.1025771,0.563318793,4,0.01774476,3
2964.046865,21.84541198,647.508249,890.1656709,78.01865783,12.69948333,70.25195894,-0.447707409,0,0.004572566,2
2595.811373,14.3280105,371.9281261,726.2494886,84.52881853,9.826074492,72.15879511,6.142388637,0,0.007558792,2
1071.299583,36.85219744,394.7974376,952.6236183,62.81164152,9.630691731,63.173087,0.096045085,0,0.004881138,3
2952.81044,24.99344989,738.0091978,936.4157655,74.93695917,12.96122342,81.22467806,-0.430252247,0,0.004776794,1
1710.434393,42.02719055,718.8475217,825.0323272,52.75876123,15.40812528,94.40790611,1.470057275,0.733333333,0.013250912,2
2951.3889,29.30957635,865.0395831,893.8665509,69.93346996,14.3378718,106.2337021,-0.294608528,0.733333333,0.008324396,3
2638.940478,45.80683946,1208.815228,797.1192776,52.63411193,16.48436575,74.06008006,0.220730694,1.6,0.010858598,2
1702.960967,35.8823371,611.0621948,932.4318218,63.67197716,12.23964234,71.26844946,0.095019412,0,0.006320854,2
6211.681475,18.29512522,1136.434904,762.379181,79.16859133,18.7330989,285.8868422,0.661849729,3,0.019426602,2
1660.415151,62.57098291,1038.93808,816.2827116,36.65886457,12.95561795,54.33505213,-0.288827534,0,0.006868868,1
8810.405781,7.938523772,699.4161573,968.7540224,91.40076622,17.81681946,354.616657,0.075045972,2,0.01186695,1
3039.114485,27.50703914,835.970411,887.7914995,72.38141085,13.17696152,77.39332043,-0.381735651,0.133333333,0.005039955,2
1961.90264,22.00395761,431.6962252,733.1042418,76.63703826,10.20861153,62.57371105,-0.251413888,0,0.007417818,2
6119.828439,28.42567338,1739.602443,972.8914611,71.19418154,21.9793332,266.2819597,5.957036356,3.733333333,0.011336037,3
2495.63947,28.54427747,712.362255,860.1232567,69.82272661,15.10841016,65.07233262,3.971635045,0.666666667,0.010551181,2
1628.286212,28.07865249,457.2008271,748.8502806,70.04050246,10.21020949,77.82416491,2.429282521,0.133333333,0.007921646,1
3088.273484,27.34881891,844.6063225,750.9688478,71.72127538,12.69219902,89.90749463,0.197622732,0.2,0.008180603,2
3124.564167,16.41782613,512.9855123,813.1893981,82.7298895,11.6087293,86.99205159,0.880718727,0,0.007202608,2
3692.226655,67.51172537,2492.685919,728.9288289,28.44489813,23.71143358,78.6846554,-0.488274193,2,0.01817663,1
5962.992613,15.65390127,933.4409763,815.4292571,83.84344883,14.56192644,139.4343108,0.625463954,1.466666667,0.008592664,2
1963.939742,36.16732658,710.3045004,794.7345846,62.78330865,13.26703762,66.25764228,0.035124331,0.133333333,0.008843149,2
4855.841037,22.8143493,1107.828536,1065.009101,77.153256,17.74067201,99.5833371,-0.270426331,0.733333333,0.007004953,1
8319.314619,10.38134818,863.657017,1061.898125,89.5359117,18.09057684,322.1172321,-0.880144018,1.933333333,0.008581285,3
4254.452846,46.89875267,1995.285317,979.9609324,52.92750392,21.97100495,118.1718615,-0.275815815,2,0.010793011,1
3323.528246,42.24698276,1404.090405,909.5985128,56.63068673,18.89616882,99.57976006,-0.460342851,1.533333333,0.011371339,2
2943.085143,61.40179744,1807.107178,704.752758,33.86445973,20.36830101,73.38381125,1.115566443,1.266666667,0.017139413,2
1124.802563,45.61805275,513.1130264,778.8368592,49.53491338,12.57619802,51.08942482,-0.053533986,0,0.010162352,2
760.2916355,46.03241007,349.9805634,725.1347507,48.60481779,9.883928852,37.59878584,0.817752551,0,0.008660104,2
6807.880942,12.65346544,861.4328619,955.8210533,86.23760503,18.18152761,262.4857132,-0.432410612,2.8,0.014164463,2
1890.838168,23.57599625,445.7839356,707.432654,74.97531092,9.204271696,81.29874553,1.825570875,0,0.007145389,2
3437.413629,22.90657309,787.3936655,796.0253002,76.02270102,13.58136583,178.6676539,1.557588543,0.133333333,0.008827852,3
4736.428902,36.50870311,1729.208766,1026.054618,63.3835404,21.14646504,123.1732225,-0.396177199,2.333333333,0.008826084,1
1270.367387,53.144597,675.1316282,577.6371753,43.6910648,9.25512238,51.10439606,1.721900559,0.133333333,0.009061166,3
2784.831287,26.96224961,750.8531627,858.675245,71.76213384,15.49750131,68.21786931,2.831570488,0.8,0.010433183,2
2455.887699,60.01597724,1473.925003,777.2714505,38.9746426,15.10765069,69.1439085,2.375517734,1.333333333,0.008971971,2
3418.978096,22.69340489,775.8825425,886.2322553,76.84642241,14.19894092,102.2567865,-0.086506734,0,0.007807135,2
3364.517805,61.00078774,2052.382365,719.0340003,35.94979642,20.18235995,84.06666724,-0.71250022,1.6,0.014500873,1
5806.797935,12.36042836,717.7450989,972.1576902,87.52900229,15.7344807,184.4376741,-0.890677527,0.8,0.005956616,3
886.7227446,43.8369118,388.7118674,747.4697564,52.98068504,9.479651609,62.39800965,-0.641533034,0,0.007470438,2
3062.58121,54.42562642,1666.829008,834.3642502,44.35566739,19.64907129,77.21391218,0.564140171,1.266666667,0.012597772,1
3571.754744,39.1807785,1399.441315,990.9715944,60.49048197,18.74894315,158.4913999,-0.780703226,0.8,0.00873524,3
2624.403468,13.07487334,343.1374292,734.9028577,85.67874704,9.909888478,73.65735998,4.890290605,0,0.007841245,2
1703.654412,22.74149252,387.4364406,733.2551534,75.25173888,9.786658366,62.88209428,-0.067521018,0.133333333,0.007822223,2
2277.524092,69.77511529,1589.145061,829.4825751,28.76211383,19.10661565,58.83294956,-0.010198946,0.4,0.012000203,3
6400.748917,9.599362452,614.4310882,1014.616608,89.87654481,15.62112295,363.8453214,-0.360929108,1.333333333,0.010182319,1
1717.532531,23.98748491,411.9928567,759.7315128,74.38252953,9.98405928,59.54267042,0.57156581,0,0.007162539,1
2245.468048,36.53649742,820.4153753,807.567683,61.62521579,14.02148462,81.48563215,0.655503624,0.866666667,0.009729228,1
4590.425356,21.50454825,987.1502356,929.3238825,77.86863432,16.40160633,143.874984,0.808959746,1.266666667,0.009436582,2
3272.854168,34.89587019,1142.090942,814.4313103,63.95867015,16.93844321,89.68659797,-0.047750619,1.333333333,0.010711068,2
2813.52422,15.34475028,431.7282657,928.7074045,84.51712064,11.2506185,72.63505858,-0.051509507,0,0.004917339,2
2613.13835,23.2395099,607.2805455,871.0771153,76.41878879,12.42790469,89.86358889,0.444635058,0,0.005829833,2
1498.476819,39.09308302,585.8007868,871.1875906,59.1787678,13.66678072,54.17207995,-0.258568529,0.133333333,0.009517781,3
1855.548196,22.42284652,416.0667242,728.895353,75.79892176,9.989313608,65.89020865,-0.260090086,0.133333333,0.007921729,2
4283.669271,15.28779,654.8783626,834.2181717,83.91734728,14.84035363,116.2946444,5.631352853,1.133333333,0.010591139,3
3234.032378,40.61030962,1313.350562,657.928001,53.70800004,16.51818108,104.9392655,0.326706607,2.333333333,0.017640771,2
1703.909639,21.95181509,374.0390933,611.4922717,76.22216616,8.773625558,71.78242284,6.595756215,0.2,0.007681705,2
4251.847391,20.56509568,874.396484,852.3797429,78.48742903,16.16237611,115.6232896,7.462371474,1,0.010769092,3
1422.779006,58.66436625,834.6642871,793.8261965,40.47391676,12.172159,48.91537204,-0.241080196,0.133333333,0.006649834,2
3601.156544,40.78031144,1468.562854,813.8384598,58.26683662,16.56182088,110.111641,-0.475143036,2.266666667,0.010323918,2
1560.022002,37.17662148,579.9634747,712.6038508,58.63555201,11.99054162,70.48594705,1.405647086,0,0.011184264,2
1238.504913,71.26058588,882.5658572,794.8876938,26.59457355,12.89576272,42.9097575,0.360008109,0.4,0.008416246,2
914.9723877,39.64712115,362.7602111,790.7570777,57.48282254,10.77005479,57.01617479,0.812960802,0,0.008420379,1
9737.775688,5.773323968,562.1933378,1127.992913,94.11844101,18.42740544,294.3196384,-0.800433413,2.4,0.007555315,2
788.65834,36.53923711,288.1697408,758.4863575,59.02212326,9.547907602,39.52688266,0.350623693,0,0.008073518,1
980.524079,33.65036075,329.9498898,831.9982318,64.54170939,9.638316296,48.6311873,-0.27363408,0,0.006675252,3
3034.046088,33.80554001,1025.675664,833.2158962,65.72968493,14.49102531,114.8771603,-0.801247249,0.133333333,0.007974533,1
886.7539507,45.51763371,403.6294152,738.3657838,49.9968914,10.75823396,44.83873235,0.249559786,0,0.009334582,2
2320.007964,59.1427913,1372.117468,795.6725381,38.19723187,18.75459382,68.92950564,-0.121361135,0.533333333,0.013304111,2
6748.654948,13.46824319,908.9252605,1141.848885,86.47161804,19.86237156,274.9522117,0.424327343,3.2,0.007974932,3
3985.221978,18.7266765,746.2996277,890.519878,80.9337353,13.76232391,95.99616892,-0.171106417,0.133333333,0.006863542,3
3036.058851,63.39786706,1924.796554,701.920487,32.1990253,20.43190113,67.21248226,-0.186920747,1.2,0.016584448,2
6228.721383,12.59856062,784.7292391,1134.702902,87.39424295,18.30114663,142.2687735,0.369364795,0.933333333,0.005627254,3
4649.220768,24.24613584,1127.256383,756.1467581,74.49358513,15.87987807,263.9037387,0.349505967,1.466666667,0.021991436,2
1209.94564,18.85306289,228.1118125,837.0297034,79.56523283,8.49447605,51.80861928,1.141048003,0,0.005840217,2
3277.988853,38.76560173,1270.732103,962.6451482,60.90957223,18.37394522,97.92832744,0.402089229,1.4,0.009406539,3
3045.479609,58.9430787,1795.099443,705.2722707,36.44047181,20.36040067,73.53462793,1.066865787,1.266666667,0.017105696,2
1886.648291,36.47443779,688.1443573,863.7621299,62.99057096,11.90815544,125.2224733,2.582267922,0.2,0.006193513,2
6936.703621,17.18984576,1192.408653,941.7594547,82.62456834,17.14230138,214.3000492,2.05346668,1.266666667,0.010293009,3
1218.139825,47.96009503,584.2210177,809.0784276,50.11137229,11.34966514,53.28365653,0.922651397,0.2,0.007599042,3
4265.137793,44.91496211,1915.685024,987.099857,54.88303099,22.68345594,114.1914633,-0.340053475,2.333333333,0.011366453,1
2493.931088,59.65309893,1487.707179,809.330804,38.25896367,19.441831,63.39553948,0.105692478,0.4,0.013457029,2
9357.900037,8.145342294,762.2329895,843.6119125,91.00285949,17.4999316,246.0074715,0.202647606,1.866666667,0.014021915,1
1545.287973,31.34495014,484.3697446,764.4340493,67.05168775,10.23772414,56.27332848,1.662757402,0.066666667,0.007212354,1
3608.921644,20.27276374,731.6281585,933.3900388,79.64123959,13.64603697,92.61470993,-0.29638178,0,0.004850912,1
2876.258659,21.59848016,621.2281558,788.954647,77.26223273,12.229185,71.47561578,-0.216934898,0.133333333,0.007965805,2
2482.623988,37.38559178,928.1436694,856.4700809,60.91157745,16.28210155,74.75428251,1.652654596,0.866666667,0.010455462,2
2350.272159,13.78259401,323.9284698,731.1057725,85.09321476,9.37621829,73.66839821,5.084795269,0,0.007177154,2
3341.885866,52.27550646,1746.987762,822.6351147,46.42485936,19.41341851,86.48797049,0.311757666,1.466666667,0.012269723,1
1117.370684,51.26294495,572.7971184,699.7905617,44.96771852,10.32868735,42.77356058,0.682496069,0.133333333,0.008525912,2
3415.594556,66.80935212,2281.936594,723.4021831,29.6097113,22.08818575,74.22878637,-0.535045482,2,0.016549421,2
2238.848943,56.24057648,1259.141552,806.9487494,43.17200349,14.17483442,68.99816471,-0.197547081,0,0.007259529,1
3034.722479,30.63405788,929.6586405,881.2839203,69.21389046,13.81192508,84.69854866,-0.450198763,0.2,0.005701383,2
777.9870907,35.75904277,278.2007365,759.3545621,60.0105172,9.455051763,39.74444413,0.332481865,0,0.008002688,1
2973.78204,27.85856674,828.4530544,893.5454609,71.54525603,14.2543229,106.1503743,-0.470478809,0.2,0.007740931,3
2487.891414,23.95933735,596.0822968,783.4253766,75.42107556,11.20669177,73.07492525,-0.24879015,0,0.006551079,2
5125.168833,19.32580061,990.4799098,884.933703,80.11484312,16.39328017,132.7963043,-0.076143213,1.6,0.009455445,2
9177.559133,12.46447826,1143.934863,897.4061365,87.24228232,17.55023741,221.4579797,2.729396278,2.333333333,0.009023651,2
9377.461074,11.90672533,1116.548533,890.2848529,87.81798637,17.45411926,224.763582,2.605002579,2.333333333,0.009319317,2
2965.66978,33.3394216,988.737151,823.827961,66.12368823,14.23189427,109.9490767,-0.625200135,0.133333333,0.008171341,1
1407.168098,49.91330832,702.3641513,612.1658564,45.69283272,10.65457071,47.01103677,7.253465096,0.6,0.010268147,2
3172.02978,44.35952841,1407.097451,894.0680567,55.18631008,17.43371999,88.40877243,1.837752706,1,0.0089162,1
1046.933716,31.59834219,330.8136983,785.3012928,66.02536652,8.979819986,83.40578911,3.178297769,0,0.007024785,2
2365.077209,34.4731166,815.3158239,908.1263772,64.48009672,14.34576757,108.2982652,-0.66003182,0.733333333,0.008349449,3
4648.035073,13.24589427,615.6738113,1153.458245,86.75179631,16.15282712,100.0562187,-0.543689659,0,0.004340739,3
4507.500087,70.45729009,3175.862412,785.8462743,26.82752533,26.37625749,80.9421434,-0.589971774,4,0.018310899,1
3483.635518,51.85006176,1806.267168,959.5486406,47.58864979,22.29290969,80.89936817,-0.188241561,1.933333333,0.01255895,1
2486.984128,23.91541186,594.7724971,893.7339242,75.57189288,12.9705204,85.63460493,-0.26774246,0,0.007105968,3
1848.209085,33.04016682,610.6513649,808.9705275,63.4009487,14.98237707,60.14332527,-0.21925027,0.066666667,0.011998992,1
1325.910623,50.51702539,669.8106062,618.940356,44.88648854,10.6423434,45.97698286,6.930492019,0.6,0.010164438,2
4753.056092,19.07835467,906.8048991,1006.182255,80.78246634,16.16392144,154.0120734,-0.906112947,1.066666667,0.006004363,3
6906.821351,16.94946897,1170.669542,1012.858307,82.83997566,18.29496973,311.3119122,-0.243654639,2.866666667,0.00860081,1
1807.323105,36.53794902,660.3587948,796.9947805,60.66222061,14.70977775,73.57638139,2.303057503,0.6,0.011342947,2
2569.705389,30.61723289,786.7726835,812.543566,68.42421407,14.05060857,104.2055903,0.525713139,0.6,0.00916111,1
6479.849374,15.75337834,1020.795188,839.0194948,82.93793277,17.69213258,194.1640509,-0.980862821,1.8,0.012843369,1
3567.85422,37.09585274,1323.525947,975.8080854,62.54231248,17.76642006,162.8584366,-1.023203043,0.6,0.008485856,3
4826.338826,37.05475354,1788.387957,1020.994262,62.8330983,21.29140263,101.5041541,-0.365266759,2.2,0.009244269,2
4474.602557,23.45968386,1049.727614,878.6153315,75.86595035,16.79103315,121.0397398,0.064819183,1.933333333,0.010232532,2
1228.488898,37.89350717,465.5175287,838.3199684,60.26810678,12.45307418,68.96049564,0.212710519,0,0.008656321,2
3526.705362,35.10813725,1238.160559,918.7690376,63.98372396,17.85930442,115.6769612,0.677844353,1.533333333,0.01065103,2
3049.488635,28.41283766,866.4462553,896.3507654,71.27202042,14.4831398,105.756234,0.00449146,0.6,0.006576672,2
2572.863791,29.70185313,764.1882244,892.4801127,69.334855,14.21928784,105.1581592,-0.308607873,0.733333333,0.008288063,3
2378.91546,30.14806552,717.1969915,859.0393516,69.50804739,12.33107661,64.86143302,-0.725141491,0.133333333,0.005500962,2
2481.313615,49.57703878,1230.161813,742.2092198,47.60238738,15.97982957,91.61270378,4.833288404,1.2,0.013606976,2
2906.852635,46.59595073,1354.475622,987.9483289,53.10381672,19.43677426,80.08582932,1.039225458,1.533333333,0.009796385,3
2737.360292,15.6331213,427.934855,797.0638332,83.40662665,11.04429945,74.16644094,0.287614181,0,0.007228031,2
5938.481838,18.59900057,1104.498271,947.0722276,81.27113534,17.58164334,130.7867689,0.488419536,0.666666667,0.007804923,3
2683.776714,57.29654142,1537.711237,854.289852,42.33602095,16.03490102,72.33367776,-0.080159153,0,0.007592176,1
4375.318759,13.39245729,585.9626963,885.1629606,86.24889287,14.07255091,94.86058048,0.289902615,0.333333333,0.007341054,3
2420.462254,32.92776706,797.0041727,807.0138075,66.01694103,13.89625887,106.2106973,0.341173408,0.6,0.009145579,1
6459.514174,23.73172046,1532.953847,996.9715747,76.21588386,20.7273139,141.0607357,0.926416395,2.8,0.008459027,1
4170.786451,36.88666264,1538.463928,629.6693725,60.20135109,16.77206796,100.2068754,0.035855906,2.466666667,0.016906393,2
2709.229937,35.85005462,971.2604122,754.2880356,63.3639026,13.31657676,82.05565154,-0.29697341,0.4,0.007934782,2
1393.505999,28.36960424,395.3321368,766.9270836,69.64446001,9.641890261,56.70648151,0.34449805,0,0.007006075,1
2697.162878,30.56651535,824.4287049,668.6661117,56.98615201,19.53227717,96.61499403,1.413871107,2.933333333,0.024502982,2
2465.805151,26.17837753,645.5077815,939.8762222,73.74439946,12.36913472,76.86729869,-0.270641092,0,0.004644158,1
4463.922311,40.57385209,1811.185236,1016.884756,59.32941636,21.30639547,87.49803707,-0.297815335,2.333333333,0.009058083,2
2581.969638,36.88910673,952.4655357,852.8510196,61.54410589,15.28573163,72.76780332,1.137608578,0.533333333,0.009626882,2
1335.139825,42.42857401,566.4807887,767.2051796,53.61810166,12.84645862,54.95076706,0.042032087,0.466666667,0.010356959,2
2132.196317,25.15572704,536.3694853,836.8288604,73.81568415,11.84031412,76.71490802,-0.042322133,0,0.007613233,2
5030.064976,12.45744253,626.6174535,918.5154478,87.29899358,13.82393039,193.6346016,5.38407513,0.933333333,0.006605429,2
651.3490561,47.37511456,308.5773615,721.0837156,46.24261197,9.803813891,36.91811456,0.837559441,0,0.008910839,2
1726.305538,40.94350813,706.8100482,687.5070435,55.78346181,12.22666072,69.85116547,4.287237479,0.666666667,0.012538335,2
3160.738152,43.87725105,1386.845014,985.1765702,55.72507222,18.93125143,86.35176393,0.821739813,1.466666667,0.009498475,3
4002.293208,28.40829869,1136.983409,913.3987986,71.26197528,17.309979,106.0116606,-0.256507098,1.066666667,0.009204707,2
3686.855221,69.28855484,2554.568702,735.801586,27.01045279,23.26858781,78.89650298,-0.683538306,2.066666667,0.017399161,1
3821.819766,28.68671768,1096.354646,827.0922023,70.79035873,14.75957663,87.86880269,-0.252686175,1.066666667,0.007971553,1
2937.534722,30.66816024,900.8878557,810.0897774,64.83372936,17.6570781,116.3328056,-0.334900059,2.066666667,0.0156586,2
5311.671606,16.31993963,866.8615993,620.4094526,79.39127829,16.76498092,132.8532443,5.499463794,2.333333333,0.021751673,2
2815.289926,41.72119714,1174.57266,783.197771,57.43264199,13.80253321,71.25812434,0.531787098,0.2,0.007692611,2
4911.540462,14.2105879,697.9587745,939.0069768,85.01252782,16.08471774,319.7752553,0.729961674,0.733333333,0.010208887,2
1762.241514,58.50432107,1030.987433,806.1937606,40.60379846,13.09932243,55.97174235,-0.2668402,0,0.007114734,1
1976.453133,38.92433061,769.3211519,779.0276601,59.91586522,12.14443736,68.98964573,-0.333084498,0,0.007627903,1
3459.014338,28.83586263,997.4366227,836.5455018,70.35276171,14.8706456,132.8159131,1.095200624,1.8,0.010189586,2
4773.705948,13.52507895,645.6474985,929.8462311,85.8793984,14.16298126,369.8579507,-0.866979501,1.266666667,0.008910684,2
4042.499667,18.36915361,742.5729737,855.8863075,80.58988152,15.29198689,115.2034339,7.371699852,0.466666667,0.010316273,3
1329.319023,56.99900312,757.6985916,781.1744257,41.98599277,11.57002578,50.13830649,-0.285060169,0.133333333,0.006509597,2
3650.025268,30.05885861,1097.155934,883.9700779,69.58180368,16.07723596,94.15536434,-0.576714739,0.2,0.008654471,2
1330.461469,56.46335475,751.2231792,778.1018519,42.49713188,11.02481439,48.98076528,-0.242929431,0,0.006199776,2
3613.02937,47.41370323,1713.071023,1001.15984,52.18170738,21.35808262,94.31794254,-0.888847108,1.533333333,0.011045982,1
1441.262727,31.50969636,454.137509,705.7035692,66.78513249,9.127170136,117.4068444,8.310480828,0.133333333,0.006746047,2
6444.388602,17.00983364,1096.17978,791.2620491,81.03640917,18.35645855,267.1140066,-0.240226827,2.533333333,0.017661836,2
5681.355716,19.25623874,1094.01542,871.3196086,79.89665105,16.27156356,244.7855227,-0.554202364,1.6,0.010308013,3
6527.823845,16.28488823,1063.048817,832.7012126,83.27202829,15.29914884,157.0203583,0.306696401,1.733333333,0.008741312,2
2455.885933,31.15415541,765.1105204,805.7281414,68.23847151,12.96837799,86.43118164,0.002806134,0,0.007438226,1
1074.041133,36.72874763,394.4818571,782.0088083,60.32784764,11.19534433,56.13126318,0.551762269,0.266666667,0.008897549,1
3372.474734,48.78261509,1645.181368,910.2466524,50.82691977,18.06353574,80.05867171,2.877839074,1.2,0.009026335,1
6058.248754,12.10563665,733.3895817,925.9605432,87.73006613,14.45094934,196.6506246,4.691249942,1.2,0.006801008,2
1502.759232,62.08767467,933.028263,791.3434728,36.84529345,12.06202987,50.50344675,-0.248989,0,0.006520475,2
2938.562889,31.61110551,928.9122153,654.2920296,61.41699781,16.93421938,129.9640078,-0.134753848,1.666666667,0.022078095,2
4330.966243,66.41362149,2876.351527,769.0145061,29.33651794,26.07516507,84.08289004,-0.432730687,4.666666667,0.019287434,1
1135.596723,32.16857754,365.3053125,812.5449634,65.92598454,9.639096581,53.06716896,-0.496427503,0,0.0069161,3
3134.963975,51.75452258,1622.485638,812.530394,46.54773298,20.01405794,67.89481327,-0.415695794,0.466666667,0.013057065,2
1557.105725,28.16597216,438.5739651,745.4394651,70.49223509,9.574662233,58.59343441,-0.419258746,0,0.006424899,1
1153.833422,25.54143513,294.7056151,718.7089553,72.08391113,8.518514315,51.5937021,-0.267071279,0,0.007071274,2
723.1355403,48.2971676,349.2539839,765.9802321,47.3728137,9.214247486,56.83458457,-0.757675333,0,0.007598145,2
4612.486778,26.56238933,1225.186696,644.0734259,70.50502058,16.63435841,125.0870821,2.209177172,2.133333333,0.019983681,2
1708.754153,23.10342735,394.7807742,739.8275343,75.37461657,9.633321709,63.0772213,-0.246911636,0,0.006786768,2
1590.300999,21.43513917,340.8832324,894.8086154,77.98651182,9.926131106,60.30660126,0.079948021,0,0.005348903,2
3330.7701,20.82303806,693.5675256,782.0630112,78.53776291,12.76753963,99.9024849,-0.12410306,0.266666667,0.009358268,2
3372.481058,41.04733812,1384.313703,911.7819194,57.88213377,18.97682367,98.37898822,-0.377779109,1.533333333,0.011394086,2
945.6166493,37.36424146,353.3224881,829.1103545,59.89419687,9.70194383,49.78269505,-0.404888695,0,0.006914466,3
3849.952623,30.0369575,1156.408633,1070.773605,69.93940623,17.79350037,92.37693064,-0.412038019,0.666666667,0.007074563,1
1839.947986,45.15751586,830.8748037,849.8709794,53.40184878,14.61892491,85.67217685,1.188781199,0.4,0.009276853,2
3427.159979,48.2764993,1654.512863,982.040148,51.38296321,21.3951674,107.7226762,0.447570365,1.333333333,0.01118172,1
2664.173823,24.68547751,657.66403,929.1012974,75.22323776,12.69883731,83.13390373,-0.437283678,0,0.004823077,1
1449.848567,28.37337562,411.37098,721.5782158,69.63587551,9.505924198,51.38246806,-0.262214085,0,0.007151314,2
3403.473737,50.24173154,1709.964138,994.1512408,49.43563972,21.27613381,95.13433467,1.114758288,1.133333333,0.011149324,1
9960.961435,7.781070489,775.0694307,811.140208,91.39571196,17.71272797,264.1099822,0.029326961,1.933333333,0.014672265,1
5278.561959,7.500702645,395.9292364,1196.210087,92.45488056,14.9405583,288.736754,-0.647183193,1.533333333,0.005503594,1
1137.698118,48.52154324,552.0286844,739.2571614,46.34828592,11.87976417,71.23357211,-0.232772498,0.066666667,0.010661382,2
1980.179946,31.44400885,622.6479573,951.1238042,68.37312643,12.41229289,75.82450901,0.079363668,0,0.005763347,2
2062.530392,40.52744221,835.8908128,958.0337028,59.09430277,14.56471256,98.34811052,1.079700424,0.6,0.007646055,3
2685.362709,22.80551597,612.4108215,785.5985668,76.56890483,11.50749603,76.95053876,-0.170918983,0,0.006798388,2
1700.402771,43.3274407,736.7410022,863.1138571,55.84463647,12.6853913,73.00059447,2.656837963,0.266666667,0.007206896,3
4522.283748,33.50385891,1515.139567,1017.221855,66.42069817,19.59404882,117.2339003,0.890685602,0.733333333,0.008312505,3
3373.852145,34.33575527,1158.437615,822.7689176,64.08337034,17.25268526,115.0635021,-0.585646305,1.733333333,0.012718582,2
2533.693772,24.53964483,621.7594528,871.444871,75.09581085,12.30348369,90.11352045,0.408921532,0,0.005694362,2
2756.009638,15.36417129,423.4380416,929.9284423,84.4785142,11.21755843,71.98327092,0.011667849,0,0.004897879,2
846.1888105,28.03026665,237.18898,780.7719557,68.95685275,8.871846335,44.99859752,0.261604367,0,0.007118993,1
6375.806558,25.70146126,1638.675453,783.2444566,73.05732736,19.66347923,225.1660168,1.557270034,3.133333333,0.013910637,2
1399.398306,25.24789189,353.3185713,718.370153,72.54607762,9.400597336,50.54893141,0.252707384,0,0.007544698,2
654.6403741,43.93166851,287.594439,716.0417276,49.65472516,9.309144559,33.69839944,0.851140726,0,0.008553451,2
1637.08341,60.74645304,994.470105,815.8061689,38.54194335,12.85472362,54.81633077,-0.270072388,0,0.006786496,1
1984.519198,27.9992779,555.6510451,803.0000979,68.71751512,14.16443497,109.5275782,0.608644812,0.733333333,0.011588396,3
2981.400008,37.19061026,1108.800857,959.0353695,62.62677302,15.80108185,112.5973997,0.393234684,0.4,0.007375593,2
2914.594705,49.36895689,1438.905003,805.6670564,49.64714418,15.10666203,80.31046866,3.266922675,0.133333333,0.008696349,2
3276.234859,26.24849061,859.9621993,996.9950234,73.49494627,14.87805868,98.25910657,1.37875285,0.4,0.00709176,3
3039.618892,29.69843086,902.719115,901.0395335,69.45474646,14.97663156,115.5977529,-0.73559264,0.733333333,0.00854512,3
3331.463537,48.76454513,1624.57304,755.9737675,49.47028839,17.28285616,104.5877204,2.710458064,1.333333333,0.013303298,2
4300.767686,26.48638432,1139.117858,1171.29345,73.48703121,19.48891012,145.9656491,-0.3644922,1.6,0.006886941,1
5147.544557,49.31906785,2538.720993,1017.377691,50.60621784,23.92583625,101.7131092,-0.089237764,3.2,0.009891047,2
1238.945993,57.35452012,710.5915291,775.0443089,41.24129963,10.97034828,50.37375305,-0.488740942,0,0.006553764,3
1333.112824,29.26564428,390.144057,767.0736056,68.5679969,10.09433743,51.20487865,1.894193128,0.066666667,0.007561234,1
3354.807651,68.6810601,2304.117459,724.0053678,28.03233082,21.83761329,71.78940727,-0.42617423,2.133333333,0.016425158,2
1147.238748,37.72082634,432.7479358,805.6403647,60.28500478,10.06632602,49.63922155,-0.186513811,0,0.007041528,3
4096.293367,20.00379754,819.414232,852.8756587,78.91056596,15.5152987,115.4644637,7.48307063,0.6,0.010241005,3
3443.540578,19.33151001,665.6883917,855.197259,79.35984506,15.14712518,114.6354193,7.602839369,0.466666667,0.01031342,3
5455.325955,20.60580528,1124.113844,889.0213576,77.86811428,19.06640525,240.4984712,-0.638063161,3,0.013826727,3
3023.068209,47.88846802,1447.701052,819.4376662,51.44933185,15.57634129,79.43544041,2.527928867,0.133333333,0.008368987,2
4922.72007,54.95581524,2705.320946,1027.848029,44.96741662,24.04222901,94.33809719,-0.263863677,3.666666667,0.009810419,2
4517.639607,40.0398488,1808.856068,926.0389748,59.71964456,19.24020583,118.4400619,1.025487509,2.6,0.009131921,3
2969.052893,22.76198611,675.8154072,886.6038865,76.96616966,12.87184841,81.46760522,0.693628602,0.266666667,0.005769114,2
3111.304653,47.33793338,1472.827324,804.6201987,50.94567209,18.98985301,67.38540652,-0.41282476,0.333333333,0.012463476,2
10253.04511,11.06786223,1134.792907,833.3989406,87.9212738,20.85679764,242.6637389,0.269105029,3.333333333,0.016281537,1
2194.889437,17.35329124,380.8855564,905.3634535,82.34092328,10.72081239,61.11237838,-0.106127699,0,0.005241279,2
1280.746154,26.60957883,340.8011574,646.1468215,69.75067447,9.129368554,79.31097773,7.050061115,0,0.009551465,2
5997.540859,11.35038793,680.7441538,970.0516352,88.54856184,15.53453275,183.8543054,-0.893805492,1,0.005753599,3
2719.120975,16.39306721,445.747329,803.3070265,82.39681641,11.44108849,74.19788953,0.153460756,0,0.007541577,2
4721.84816,40.24546704,1900.329845,1145.380375,59.72241867,22.77186993,154.1725789,0.989802967,3.133333333,0.008392391,1
3596.473218,50.81492002,1827.54499,966.3698192,48.61301939,21.60463118,105.3800431,-0.387448934,1.666666667,0.011591817,1
4010.337303,36.27019699,1454.55724,614.1444042,58.07249103,17.15298343,110.3171038,-0.461915548,2.6,0.02177644,2
2286.642512,27.04652836,618.4574153,892.606111,72.73013401,11.75384919,65.88690149,-0.496632773,0,0.004681034,2
1118.394989,61.55461485,688.4237278,782.5934541,37.01475179,11.07216146,44.76887013,-0.027659236,0,0.006662133,2
6032.630568,14.28446646,861.7290902,1037.317812,85.38172343,17.72341527,226.8399815,-0.044672398,2.8,0.009703283,2
2708.806352,60.05923486,1626.888369,806.1124304,37.62888407,20.41787676,74.14058704,-0.143212179,1.066666667,0.014134494,2
1920.624132,48.48153244,931.1480115,765.4513029,46.62828307,16.59972234,63.42827647,-0.522267001,0.066666667,0.013941682,1
2952.145798,57.0789355,1685.053396,831.4768132,41.55583,19.72209985,78.97411748,0.33257543,1.266666667,0.012698674,1
2441.974884,33.36547976,814.7766356,811.9107061,65.06545197,14.29118644,83.32279648,0.570235013,0.866666667,0.009829887,1
1259.30932,61.28423358,771.7580652,793.9786644,37.4145364,11.7542428,48.43743134,0.026058222,0.133333333,0.006707796,2
1252.947427,36.27395017,454.4935252,784.5237741,60.17210064,11.90385597,54.50134922,-0.099513581,0,0.009699379,1
5937.908413,22.39801971,1329.973897,979.5749144,77.51530008,18.66490237,138.0545598,0.140536264,0.866666667,0.007846637,3
3683.412424,49.60518076,1827.163391,959.5225087,49.80572142,21.73211066,104.1404882,-0.344368581,1.666666667,0.011767841,1
1900.686262,52.01450449,988.632541,815.0016125,45.90328498,17.19339153,52.81974766,-0.086779946,0.066666667,0.012099083,2
2031.14077,43.06210577,874.6519864,815.4048759,54.60824151,14.68977269,78.81261977,1.260561066,0.866666667,0.010036844,1
4453.234607,45.4379616,2023.459031,957.7156262,54.21714357,21.28307083,132.1998967,-0.650187019,1.8,0.009599654,2
2512.633012,59.31187608,1490.289779,677.4064352,36.13250518,17.2493246,78.48971055,0.264866931,0.6,0.015516687,2
3719.627934,22.89035547,851.4360561,911.8351129,76.41807694,15.09475256,341.5246756,-1.013788877,1.266666667,0.014546348,2
6606.987055,7.177996954,474.2493295,1048.656978,92.23833193,15.3725962,384.3214648,-0.821997471,1.2,0.011088992,1
4994.685849,5.274713267,263.4553571,1174.298104,94.70589269,12.60209104,303.5635517,-0.917985746,0.733333333,0.003526401,1
1938.530108,28.45111852,551.5334984,799.3915973,70.52933326,11.46123078,70.78716973,0.626521433,0,0.007176756,1
2080.756279,34.15725719,710.7292737,859.3020209,64.41054126,14.13831967,63.24502361,0.019376844,0.466666667,0.009226474,2
3227.009987,31.49705342,1016.413059,842.2305404,68.13992932,14.81688849,111.2478314,-0.74895361,0.133333333,0.007907603,1
4528.319553,31.59890305,1430.899306,987.5919505,68.292887,19.00168562,131.6196718,-0.3297547,1.6,0.008002827,1
5315.749255,16.52357266,878.3516908,729.6984555,82.16863597,15.84594377,117.0270825,1.441720645,0.6,0.012097402,2
3409.993301,20.38451263,695.1105152,816.9184026,78.753133,13.19254447,100.8453329,0.54257012,0.333333333,0.008002832,2
652.4058077,39.49748095,257.6838596,769.3146218,55.19364403,9.375536093,40.26864663,-0.162451157,0,0.007835128,1
2895.507203,29.38333452,850.7965674,721.4286453,68.48212855,14.28289577,79.85982331,6.045092504,0.933333333,0.010962319,2
1849.967157,38.58425198,713.7959892,818.7262381,60.51285929,12.70594154,72.37937642,-0.299621829,0,0.007523506,1
2736.95741,49.03265285,1342.002826,833.3956173,49.40588781,20.05407085,69.56369942,0.341343479,1,0.01362356,1
7519.959026,15.33959855,1153.531526,942.2087985,84.15229494,19.00261782,171.0912543,1.512769682,2.466666667,0.010416024,3
3401.841848,23.38584827,795.5495731,932.0760453,76.54307858,13.617901,77.50478217,-0.53297794,0,0.004658421,1
4334.935667,42.91282284,1860.243263,1001.311691,56.95224564,21.47077261,89.5961179,-0.340481761,2.333333333,0.009465178,2
2725.378798,49.57287987,1351.048758,833.355168,48.70764916,20.0178168,69.44895363,0.355808697,1,0.01364137,1
4491.774729,50.47734505,2267.328629,1028.396844,49.44198958,22.92872282,94.75991693,-0.422606203,1.733333333,0.009335638,2
2938.542399,22.64856908,665.5378054,902.4174438,77.27198183,12.34290189,69.42338932,-0.344830796,0,0.0042617,2
4735.383112,21.99771878,1041.67626,833.5676471,75.81639236,19.85956973,254.8118269,1.488379074,3.533333333,0.017264917,2
1925.540414,21.32058375,410.5364566,715.8899338,77.2845692,9.463434171,131.4824888,5.225207196,0.2,0.006852307,2
1034.567576,35.25556391,364.7426329,740.3977374,59.844529,10.99277645,47.06468937,0.005112262,0,0.009513623,2
873.6628596,47.01392797,410.7432275,751.3012882,48.17612025,10.00093724,55.87940318,-0.821104205,0,0.008586927,2
2813.603634,15.64096359,440.0747199,929.9503732,84.22173495,11.21416473,72.37195433,-0.034153515,0,0.004857677,2
3156.875999,74.28805558,2345.181797,716.4207348,21.06232024,22.83910727,71.82980192,-0.507166877,1.533333333,0.017778393,1
6690.090934,17.06435668,1141.620979,940.5321753,82.75247358,17.10511447,214.6315733,2.032184329,1.333333333,0.010290957,3
3960.468171,41.96039623,1661.828137,1025.99472,57.94966476,21.25348546,84.91263529,-0.215732061,1.6,0.009494453,1
1697.833612,34.37382477,583.6103509,933.8786533,65.28354234,12.21726791,67.98692636,0.784570753,0.4,0.00644122,2
2046.160006,39.22643674,802.6356604,701.122807,51.40023391,17.74084942,71.83485288,1.750993451,2,0.01853524,2
1927.531111,29.80285322,574.4592679,837.9203751,68.54600892,13.60624276,64.17663618,1.689395392,0.266666667,0.009550121,3
8716.251784,7.520240323,655.4830813,860.6385878,91.90242866,16.1855795,230.9324329,0.441578994,1.466666667,0.011445697,1
2826.17268,27.55157067,778.6549633,723.0560823,68.81116671,14.6706831,64.14621518,12.66990957,0.933333333,0.012702397,2
11040.23901,11.30047172,1247.599087,1028.322956,88.63215466,21.35101714,211.4616535,0.039835919,4.266666667,0.007953766,1
4243.948908,20.81558019,883.402588,945.9668478,79.07524369,15.25206827,115.9845702,0.072369289,0.4,0.006340155,2
2895.857896,32.58826671,943.7098946,909.2059655,66.80291991,17.29983004,118.4648485,8.722425349,0.666666667,0.010405042,2
4916.588642,19.73232779,970.157387,926.1174089,80.07042595,15.3376676,147.099432,0.712032189,0.733333333,0.007583025,2
6321.806893,16.18086676,1022.92315,873.7573154,82.8924555,17.37431709,196.2035713,-1.099956921,1.6,0.011695936,1
3305.885327,27.91562966,922.8587049,890.5857056,71.54398052,15.49969305,98.9848924,-0.353836366,0.133333333,0.008232043,2
3765.464145,73.61508096,2771.949479,757.4005108,23.25734418,23.20944972,82.85986771,-0.681381117,1.866666667,0.016251537,1
1874.399445,25.13075338,471.050702,749.96916,73.7978678,10.3301984,82.62132301,-0.414054442,0,0.00736481,2
2858.032848,37.3664266,1067.944746,771.179518,61.51500079,14.37981697,72.29578717,3.390386879,0.666666667,0.009002145,2
2472.026176,58.32299242,1441.759639,807.6380935,39.64753831,18.94606394,64.41641399,-0.08489297,0.133333333,0.012936322,2
6683.883347,16.2630918,1087.006085,832.5088329,83.29704176,15.30340902,156.8693929,0.318525716,1.733333333,0.00874468,2
1278.719825,43.42484558,555.2821096,790.7329049,49.76988367,14.56696931,64.2002849,-0.336341659,0.066666667,0.012756866,1
1570.980552,35.81408875,562.6323691,838.8168542,63.45054832,11.04476792,81.34889316,2.964971149,0.133333333,0.006145791,2
2799.797532,23.33371165,653.2966831,814.8659277,76.03431551,11.67436592,112.177815,2.593762565,0.4,0.007012024,1
6326.193412,10.8381443,685.6419707,1150.545765,89.1130444,17.53294462,270.921096,0.44047993,2.066666667,0.006808163,3
2726.294407,24.9250709,679.5308139,696.1043516,70.94073901,14.09263561,207.3165273,1.271061119,1.266666667,0.020302464,2
1450.32138,27.43225582,397.8558712,746.4403203,70.78356378,9.701057786,58.76876701,0.471813899,0,0.007189725,1
1203.419355,72.25970629,869.5872914,796.4430547,25.81354525,12.94799535,42.41710292,0.291540056,0.4,0.008497068,2
773.7198945,31.80551491,246.0855964,772.8520051,64.07784207,9.35733188,45.25833334,-0.084812496,0,0.007710519,1
2520.76779,20.14280379,507.7533098,921.8916948,79.6140443,11.96044812,77.96166772,0.241567215,0.133333333,0.005826231,2
6390.107858,24.3350088,1555.03331,997.9230533,75.61103672,21.08208195,141.466761,0.906099696,2.8,0.008521261,1
2095.260335,27.92451767,585.0913424,892.7821717,71.91545301,11.53409547,102.9557247,-0.945071984,0,0.004647844,2
3303.755888,30.68643912,1013.805039,969.1981532,68.88314465,18.01363368,148.5747343,0.847708396,1.4,0.009783953,2
3824.399303,36.15216796,1382.603259,637.47813,59.53382727,16.5523705,116.4061293,-0.402629584,2.333333333,0.018355074,2
1831.693821,34.36109713,629.3900928,808.539926,61.70098488,14.83971794,60.27956206,-0.191717818,0.066666667,0.011893437,1
2025.238203,36.03992273,729.8942836,901.7270111,63.38725122,13.13706228,78.04115085,0.406152205,0.666666667,0.007384768,2
8585.197218,10.59719785,909.7903351,908.7698368,89.23584652,16.41778547,227.6320881,2.058323531,1.733333333,0.007924905,2
1148.313013,51.36401867,589.8197104,752.0995562,39.19686741,14.53159212,46.03906228,-0.399010915,0.133333333,0.01368668,1
5990.150072,20.2208062,1211.256637,734.7287218,77.13606381,18.337316,235.9019535,0.943607979,2.666666667,0.019428679,2
1912.341336,40.32963038,771.2401922,800.2198276,56.68860854,15.13799268,68.93480265,-0.195374905,0.4,0.01121701,2
3577.622141,17.981327,643.3039359,945.9333442,81.95211315,13.35277478,91.46665291,-0.135300043,0,0.004572662,1
4519.577463,24.92557337,1126.530596,937.600719,74.95192322,16.17551675,121.3935898,-0.466767499,0.733333333,0.006540638,2
1163.169416,48.72559101,566.7611725,811.9142385,46.49507828,14.36947624,56.27627019,-0.192666675,0.066666667,0.011666044,1
1080.836271,55.37313424,598.4929194,752.8065878,35.59025715,14.71911498,43.18131646,-0.085198013,0,0.013429294,1
1513.009484,35.11859543,531.3476795,928.3731829,64.38772306,12.09642064,68.9644001,0.200523999,0,0.006397135,2
3437.520575,48.38018072,1663.078666,756.8861871,49.77468287,17.27230146,105.1204808,2.649469936,1.333333333,0.01328777,2
1673.744031,32.64409097,546.3785241,931.1657089,66.81811304,12.42993972,65.51713353,-0.11712099,0,0.006607468,2
4575.03479,41.39939418,1894.036686,1148.127075,58.57477129,23.06696227,151.4569272,1.173325743,3.466666667,0.008395246,1
1675.911905,65.59005118,1099.231476,816.0858705,32.09679422,18.07456487,51.84978591,0.077861635,0,0.012728459,2
2681.109128,15.79772512,423.5542501,729.496661,83.20586435,10.05984625,74.4539119,5.020390604,0,0.007467945,2
3928.773228,19.41996775,762.9664939,782.4326145,79.28123108,14.39193992,155.036668,0.205478822,0.666666667,0.010662906,2
3866.037334,20.60945111,796.7690743,1024.186961,79.31940054,15.4921205,135.1791895,-0.877341226,1,0.00564845,3
566.2230894,50.10425127,283.7018395,707.669085,42.40188057,9.165458477,32.1008716,0.667176847,0,0.008867954,2
2005.255782,41.66326761,835.4550827,810.9256235,55.90952871,14.03163229,78.07134899,1.191388955,0.866666667,0.009711741,1
3107.613197,45.39298466,1410.638382,905.6174632,54.20620086,17.04744286,80.12256318,0.120371791,0.533333333,0.008639969,1
3581.260366,27.99835506,1002.693993,841.9191265,71.15503561,14.85403751,129.9207701,1.562862531,1.8,0.010075588,2
3557.575475,23.09272852,821.5412462,788.3091913,75.81639767,13.91993136,174.8847251,2.106218768,0.133333333,0.009060863,3
1235.921576,28.37965458,350.7502742,768.2521939,69.79889282,8.909069861,49.8649666,0.734706649,0.066666667,0.006372661,1
3469.870364,47.03281965,1631.97787,796.8914812,51.04588657,18.96256933,107.9688672,0.146255991,2.933333333,0.013315123,2
1774.873604,22.14940039,393.1238608,613.4572702,76.09924086,8.716071657,71.31750696,6.566845402,0.2,0.007568715,2
1656.257767,58.74570312,972.9802707,813.0191714,40.4196728,12.58383707,54.22719516,-0.185649396,0,0.006763169,1
4446.077473,25.81063813,1147.560967,906.1021446,73.7975193,17.11766535,110.3251974,-0.630963219,1.4,0.009064468,2
1701.033508,33.26503103,565.8493242,956.0183713,66.57928989,12.03922514,52.19687637,0.389958413,0.2,0.005685786,2
805.5949662,39.78066858,320.4710636,780.1648826,58.02033077,9.834268703,47.47057945,-0.440638161,0,0.007129783,1
663.3239934,44.27616459,293.6944231,716.998114,49.44548041,9.385687346,34.62440302,0.684508071,0,0.008480891,2
6628.52924,10.5634395,700.200676,1171.233145,89.31427653,17.36207278,270.7344309,-0.930205434,2.133333333,0.006820161,3
3317.112431,31.86151138,1056.882154,893.2541569,67.72919983,16.03333873,93.91006097,-0.420509528,0.266666667,0.008740141,2
3157.049969,45.10733716,1424.061174,928.1188538,54.0047134,19.38195564,92.12424431,0.199645593,1.533333333,0.011478773,2
7029.554285,6.271429139,440.8535158,991.0725995,92.99366297,16.60179008,394.9454188,-0.70020647,1.866666667,0.013127893,1
2659.488073,24.01671406,638.721646,960.9708612,75.9078597,12.73803179,74.28519201,0.469997826,0.2,0.00530018,2
3385.880798,42.32516476,1433.079626,756.2735319,55.63734519,17.3442947,101.8809996,0.06119054,2.466666667,0.012326861,2
1927.135608,45.70550301,880.8070232,607.9482074,49.50016369,13.945626,91.1643468,0.405638035,1.066666667,0.013083292,3
2324.275309,29.03131837,674.7677648,647.9394201,68.41899738,11.17328857,103.2802259,4.814101633,0.6,0.010194132,2
2406.88332,27.01272687,650.1648173,905.5878098,72.52506201,13.76696812,90.37287501,-0.345776597,0.333333333,0.00758627,3
799.1572332,35.47510632,283.5018781,758.6732361,60.02305243,9.554969249,39.4266087,0.378048208,0,0.008087796,1
3141.750399,51.07758834,1604.730335,915.5292245,47.90348792,21.16584266,86.7415175,0.133285793,1.533333333,0.012691245,1
2922.399649,46.03533993,1345.336613,796.5781806,52.30041849,16.66622167,77.99598238,0.611862788,1.466666667,0.011459582,2
3145.96688,23.83548156,749.8563557,867.4000833,75.47535037,14.02694444,77.71084222,0.266953963,0.333333333,0.007996802,1
6312.764677,9.995517734,630.9935128,971.6973583,89.90877669,15.7004378,184.4279494,-0.888903903,0.8,0.005927917,3
718.6663976,38.06152354,273.5353801,763.476752,56.84609465,9.728017461,39.26674212,-0.04202647,0,0.008076093,1
1453.490998,24.37907548,354.3476675,757.7196803,73.92258123,9.283860496,54.0469886,0.776115526,0,0.006798229,1
3600.974314,22.82392341,821.8836195,902.4092958,77.00205419,14.63300912,116.7208058,0.327467589,0.8,0.005926916,2
8709.229688,11.24095336,979.0004473,1046.595066,88.673118,18.97651878,194.5565867,0.235891951,2.733333333,0.007501683,1
3058.926607,41.00868835,1254.425679,981.7587501,58.79961257,18.1761711,94.77647091,0.697563288,1.133333333,0.009101518,3
5137.071244,31.69719159,1628.307314,1069.375599,68.28450623,20.49699042,105.4666763,-0.095555693,2.133333333,0.007774167,1
7045.161408,15.20109637,1070.941775,717.1133767,82.91566652,16.95926623,175.5170519,-0.547723565,2.4,0.015666995,2
4296.691087,47.40591975,2036.885929,957.4774588,52.21985575,21.1917052,132.6297164,-0.647029486,1.666666667,0.009485063,2
1668.745828,25.85906197,431.5220179,711.5270208,72.49141503,9.726380918,64.63028936,-0.221443899,0,0.007633692,2
6720.23947,17.30912013,1163.214323,827.42806,80.91088313,18.80952334,280.9258797,-0.764118906,2.866666667,0.017651645,2
4105.307284,66.68951579,2737.809549,761.4860068,31.04098123,23.65614451,85.50211036,-0.641901295,2.266666667,0.016261114,1
1026.995504,40.31840585,414.0682154,740.2429819,55.40342831,10.89652758,44.83208902,0.269260237,0,0.009546913,2
3011.706718,19.51523914,587.741768,821.551086,79.94607223,11.81879333,116.6265254,-0.771719932,0.333333333,0.006838762,2
3473.470979,48.77361522,1694.13737,759.812069,49.63175962,17.73664931,107.526555,2.358124938,1.333333333,0.013460597,2
12598.74626,5.725976834,721.4012923,940.8031435,93.80411929,18.59042757,335.1403291,-0.078873053,1.733333333,0.011647027,1
2140.924051,60.55335805,1296.401406,802.0051755,37.18297216,18.41482064,66.78389848,0.28058699,0.6,0.012707677,2
2355.193035,27.53424619,648.4846485,759.3972529,67.45564986,15.33368808,124.3019393,-0.146465398,1.2,0.015367956,3
2852.65291,24.66213721,703.5251747,889.5476759,75.09759646,12.79997018,91.47922913,0.268567826,1,0.006387668,2
1876.086049,24.52802978,460.1669447,854.5751248,74.85072071,10.37206753,63.94860771,1.3387221,0,0.005584405,2
8234.053195,10.78087146,887.7026912,924.7724098,88.51671276,17.21005172,334.5690787,-0.153119788,1.6,0.012214064,1
1420.58078,57.88767071,822.3411241,786.4980298,41.13614733,11.84126525,49.17589674,-0.13400319,0.133333333,0.006674844,2
2892.792424,22.10058494,639.3240468,868.1049973,77.62642397,12.35405489,98.64989893,0.882025086,0.133333333,0.005741841,2
2368.88133,47.05828914,1114.755026,828.6124991,52.53797712,14.23401117,67.21368925,0.082607997,0.2,0.007281837,1
1800.40501,37.14207534,668.7077851,976.3795211,62.71153018,12.9907156,62.23516701,0.439563429,0.2,0.006132235,2
1197.42632,32.83167253,393.1350883,694.0588325,65.09955373,8.956132075,90.72611783,12.43645879,0.133333333,0.007052479,2
3037.431563,24.72378164,750.9679469,932.5370094,75.07583134,13.52439691,90.61099228,-0.219259247,0.4,0.005432992,3
5819.004678,23.42276686,1362.9719,990.0104151,76.49779418,19.14531092,139.1222312,0.165918921,0.866666667,0.008061377,3
3575.775444,27.19181458,972.3182284,729.3653736,69.52494761,16.40650047,207.7845205,2.770537084,2.533333333,0.016288546,2
2552.49244,40.37075057,1030.460356,970.4473706,59.41411231,15.69823896,96.10802047,0.573959305,0.4,0.007388539,2
1306.26143,58.01789235,757.8653504,780.8870719,40.95774752,11.50741585,49.67595516,-0.350723011,0.133333333,0.006521695,2
2824.031864,27.49632323,776.5049295,861.580286,70.91369661,15.56580781,70.53214049,2.309594965,0.8,0.010376445,2
7874.291876,10.51965087,828.3480136,916.4244619,89.2801748,15.53111032,214.8486864,2.825335365,1.466666667,0.00740946,2
3288.127513,29.16741501,959.0617977,895.2384787,70.73022421,14.23978351,84.57220512,-0.446704505,0.333333333,0.005401306,2
3018.467743,43.59562524,1315.919885,981.309443,56.03031079,19.12218436,87.73383265,0.574061461,1.466666667,0.009575692,3
3280.808506,27.99318965,918.4029471,890.6161882,71.4721121,15.49150823,99.02859103,-0.354547996,0.133333333,0.008227171,2
784.6726579,35.87251505,281.4818173,729.7367355,59.24771672,9.522765832,42.56293789,-0.062091017,0,0.008542504,2
3473.878282,18.93228925,657.6846845,847.1598218,80.40096072,12.56949399,103.5812178,1.664503365,0.933333333,0.007756304,2
3403.000499,70.21503651,2389.418043,725.1632507,25.63509055,22.21617076,69.65457528,-0.026309339,2.266666667,0.017270604,2
1396.890985,33.19564891,463.7070268,740.1167713,65.17100503,9.501088367,51.20855794,-0.53232486,0,0.006724512,1
7244.304043,15.17000618,1098.961371,974.3843308,84.70773197,17.93620472,179.5167521,0.573104258,2.733333333,0.007635919,3
3299.191348,28.28049489,933.0276405,914.9429683,71.44544094,14.87464466,121.329442,-0.144247111,0.6,0.006655179,2
2590.110544,25.02865881,648.2699307,959.552428,74.89308445,12.904238,76.30677174,0.346991922,0.2,0.005403731,2
1979.316473,61.02994844,1207.975823,805.3420813,38.28027154,13.99547952,64.86994668,-0.249917015,0,0.007305327,1
3512.743319,17.75865195,623.81586,840.1009502,81.58833696,12.67572281,103.0516699,1.632396729,0.933333333,0.007828754,2
2739.302865,48.43621023,1326.814494,898.7310611,51.03450096,16.6363327,85.0300196,0.31336883,0.2,0.008846373,1
2996.840563,46.1760054,1383.82126,905.8344956,53.36242913,17.05223328,80.22389567,0.113014029,0.533333333,0.008669828,1
2701.745644,25.31944324,684.0669547,855.8044759,73.61075726,13.60310138,82.02355151,-0.319815716,0.266666667,0.008635765,1
1966.08897,32.75670743,644.0260117,801.0289921,66.34899618,11.70138906,80.27487018,-0.457099457,0.4,0.007265995,1
2350.811272,35.66429325,838.4002258,915.1448304,63.98163688,13.66850816,156.4469869,-0.324203264,0.4,0.006578012,2
2950.794938,48.42456925,1428.909738,801.5142015,49.74343987,18.42472526,66.68941144,-0.479607829,0.2,0.012317682,2
2378.284221,67.9205913,1615.344706,825.2012656,30.67212735,18.78660453,60.2478212,-0.174393226,0.4,0.01170377,3
5477.632364,12.4038707,679.4384356,972.5527233,87.47843201,15.58891588,184.6378429,-0.899996207,0.8,0.005925119,3
2870.958417,24.50027374,703.392671,716.3158949,72.67478337,14.24510059,66.56226855,11.75837979,0.666666667,0.012373444,2
5182.232503,35.58424881,1844.058508,1047.270519,64.34958305,21.86590641,110.7310845,-0.210797426,2.533333333,0.008669857,1
2408.998863,67.79525327,1633.18688,824.3437297,30.96063787,20.79497703,58.83928687,-0.186182985,0.466666667,0.013655406,2
3582.57279,21.80186846,781.0678071,930.4295933,78.1386914,14.06208569,80.2326813,-0.459154838,0,0.004672455,1
9412.856857,6.271831043,590.3584784,1087.719466,93.60617779,17.66843521,295.3574182,-0.945499365,2.2,0.007657358,2
6595.30909,16.42984657,1083.599164,811.3428604,81.90782929,18.70051198,276.3670347,-0.604415698,2.866666667,0.017665401,2
2994.307652,33.78797376,1011.715884,634.1928207,58.73885471,17.8401268,126.2984102,0.317941705,2.066666667,0.023273699,2
2075.27644,43.13526036,895.1758958,701.8116058,45.62166426,17.96468138,71.98825139,1.755582026,2.2,0.018815915,2
2530.923672,23.56013331,596.2889911,953.5281744,76.36871027,11.95540942,66.29400132,0.235461261,0.2,0.004345244,3
3380.524601,41.50128286,1402.961077,811.6178023,57.49121051,16.65790273,108.7684734,-0.413398319,2.266666667,0.010399054,2
8739.393211,11.43283938,999.1607889,889.4362683,87.63525025,17.92760661,304.2470179,0.00498872,1.733333333,0.013422124,1
5081.008034,11.15602546,566.83855,691.3669758,88.53055402,10.56903291,212.1109302,0.356653274,0.666666667,0.006401055,2
12392.87919,6.282754988,778.6142355,922.8430433,92.97390731,19.58325167,331.1041011,0.249130051,2.533333333,0.013826881,1
3953.42143,72.19192256,2854.050937,782.1344055,24.67079304,25.5167254,79.34295932,-0.646156701,3.533333333,0.017895953,1
935.78552,53.95164489,504.8716806,693.7379223,42.99883748,9.034962324,38.50023169,0.803832108,0,0.006991838,2
806.3722872,30.05787789,242.3783974,879.6752656,68.72041118,8.499941116,45.8316862,-0.318996405,0,0.005409024,1
2108.430492,36.37067192,766.8503368,818.2716711,62.86499585,13.39344155,80.84374059,-0.348046583,0,0.00773726,1
986.4916314,30.71128913,302.9642971,894.0596417,68.24170288,9.657036537,46.44119216,0.054909323,0.066666667,0.006079468,1
1891.242982,42.90858172,811.5055402,831.4766348,55.56436934,14.25794289,78.54497023,1.338612077,0.4,0.009290485,2
1928.795791,37.26188524,718.7056742,793.9774632,61.62603967,13.35983893,65.60907265,0.130870716,0.133333333,0.008944307,2
2193.001427,40.5118741,888.4259772,752.15226,57.45158433,13.34792834,103.9371835,2.620602284,0.133333333,0.009581214,3
4051.421109,22.29716146,903.3519061,878.9063382,77.34306932,15.05810873,103.7523301,0.333227617,0.666666667,0.008046494,3
2689.963272,33.48997236,900.8679561,748.8044077,65.49794608,13.13386733,81.57796167,0.657518043,0.4,0.008119733,2
4549.441986,43.15720186,1963.411861,1018.26372,56.75765057,22.17231399,93.43558091,-0.448164359,2.4,0.009201328,2
1636.536544,25.39761155,415.6411942,739.1927065,72.98728079,9.515561655,60.79507832,-0.052317602,0,0.006883902,2
2603.595881,25.19192621,655.8959533,839.9530091,73.8739798,13.13342131,71.71470321,-0.106979732,0.066666667,0.008024766,3
4754.270759,34.48242995,1639.388084,904.6525916,65.13823883,18.50582496,119.9933108,0.240487742,2.666666667,0.009207936,3
4366.478564,24.30490706,1061.268557,1068.022555,75.61570285,17.57934838,162.4712705,-0.859693085,0.533333333,0.006510724,3
1524.099745,59.9089362,913.071944,785.7426498,39.03682484,12.02800458,51.73239068,-0.189890292,0,0.006554683,2
1089.068516,37.86417281,412.3667847,909.0247489,61.30997748,10.17523128,51.84751687,-0.009891146,0,0.005999715,1
1369.273696,31.09899837,425.8304043,818.9091969,67.46209172,9.882472514,85.7652146,0.556860737,0.066666667,0.006900035,1
5784.921201,40.55184613,2345.892344,1038.591949,59.40366485,23.50585042,107.5131641,0.142107264,3.4,0.0091386,2
2125.557453,26.2098901,557.1062723,805.8922122,72.92687035,11.62152429,85.97446294,0.909042935,0,0.007033324,1
3579.845044,21.20113203,758.9676741,931.1495317,78.73950364,13.97566132,79.51801304,-0.42941504,0,0.004628502,1
1704.921665,22.47982175,383.2633513,718.7261294,75.54758471,9.379293477,57.66523801,-0.374164519,0.133333333,0.007626081,2
3117.898064,24.77006692,772.3054368,927.7123972,75.1474395,13.22644162,81.96544258,-0.391173218,0,0.004820115,1
3453.993179,17.15365266,592.4859928,845.7032413,82.19979652,12.49744503,103.2218755,1.69292704,0.933333333,0.007734674,2
4244.268926,68.30955532,2899.24123,751.6014991,28.91123729,24.83428627,80.28261452,-0.601632424,3.266666667,0.017519065,1
3254.890133,34.37809016,1118.969064,641.2064668,63.10866736,14.14938896,89.18697164,1.022326792,1.533333333,0.013990753,2
1794.868286,37.69336816,676.546311,919.3023988,62.1666177,11.46826124,108.8254213,-0.765237138,0,0.004549569,2
3558.125396,25.34477625,901.7989203,849.5223733,73.92225383,14.60909001,130.8651045,-0.01815094,0.466666667,0.00813292,2
1876.11023,29.14678693,546.8258512,756.2855582,69.42529447,10.56494327,66.90660279,0.118894206,0.2,0.007313511,1
3465.630719,20.75453943,719.275694,883.8638463,78.75683612,14.13479157,101.8740017,-0.087237754,0,0.007729707,2
4722.474377,20.62696496,974.1031353,655.0137997,77.94802299,15.02509856,130.1982269,-0.053486598,1.2,0.020398085,2
6813.711623,9.807407428,668.2484599,819.5153989,89.3935869,15.29587901,251.7812277,0.396488624,1.533333333,0.011176581,1
2872.719026,44.53793691,1279.449787,801.7286035,53.73938782,16.89645739,76.99338767,0.888217785,1.466666667,0.011354765,2
7499.004591,19.2538283,1443.845468,812.6603499,79.73846311,19.19875838,294.2304568,2.276454129,2.933333333,0.013758186,2
1865.778572,39.53262429,737.5912329,778.6544651,56.10390677,15.53660033,68.67833609,-0.415228423,0,0.012876108,1
2227.035549,24.57635657,547.3241976,836.6179845,74.304718,11.97939188,62.30822205,-0.014783482,0.2,0.007520417,3
1448.958964,40.42282924,585.7102076,871.7590262,57.74943626,14.01530797,55.45456206,-0.383286818,0.066666667,0.009813062,3
2463.633181,25.0120593,616.2053922,967.2542994,74.90819893,12.56117494,68.32147749,0.18032101,0.2,0.005261007,2
1422.260958,24.79734353,352.6829356,719.4372288,72.9614347,9.200770329,50.22392531,0.194537829,0,0.007299875,2
5676.111888,16.58281573,941.2591751,620.6157953,78.9822158,16.57797628,132.880763,5.48628751,2.266666667,0.021632338,2
1699.74498,26.21488904,445.5862605,791.4971544,71.24969088,12.51585679,100.3657268,0.443228541,0.266666667,0.011245305,2
830.0171075,31.39991739,260.6246861,823.0452954,66.20352138,8.504031372,49.80815435,-0.57928352,0,0.006286161,3
1398.155254,29.37213248,410.6680133,750.8497549,68.98516334,9.489720419,55.61924174,0.3488311,0,0.006630002,1
5366.968212,27.70531096,1486.935232,603.3824757,67.77207686,18.56612127,169.2382528,1.58176073,2.133333333,0.024540511,1
3371.896551,30.77455325,1037.6861,834.2797708,68.9119352,14.82243865,117.5833561,-0.887081834,0.133333333,0.007752764,1
839.5792293,33.77275345,283.5490231,768.1971462,62.48090148,9.343851679,43.84873081,-0.077820864,0,0.007732195,1
3358.886386,39.83363066,1337.966398,1014.564289,59.94904901,18.62491845,156.8544251,-1.173353703,1.466666667,0.007640331,2
2787.813594,16.68235795,465.0730427,726.9346507,82.51860322,10.21283521,125.7864637,7.073406302,0.333333333,0.006934616,2
1896.337718,24.43819462,463.4307022,723.4058313,74.42029652,9.31624615,66.81768531,-0.282449273,0,0.006620899,2
2241.750148,23.13438643,518.6151419,952.8777248,76.75600234,12.1183714,59.47991015,0.147046852,0.2,0.005477597,2
4731.06665,40.1130855,1897.776811,1016.304564,59.80414702,21.67994638,92.72724144,-0.392205105,2.333333333,0.009003547,2
3102.512128,33.7728698,1047.807381,960.8368419,65.80762381,18.20310614,144.1657957,1.457143546,1.4,0.009924719,2
1712.510397,49.53856915,848.3531471,946.3479928,50.04499969,14.24844021,94.92574408,0.941904201,0.2,0.007053399,2
864.0322583,31.13198227,268.9903694,819.6549563,66.29871195,8.64441566,51.32802688,-0.579783434,0,0.006444101,3
2417.754653,25.0483466,605.6075656,896.9568283,74.42787255,13.12720058,85.762831,-0.251502076,0,0.00713013,3
3259.614083,20.48343148,667.6808171,788.5193093,79.06679049,12.24932308,92.2782756,-0.01048688,0.2,0.007258693,2
2829.992959,42.02645734,1189.345784,783.2277529,57.13322332,13.80596541,71.24860356,0.534448201,0.2,0.007692431,2
3644.826822,68.76673947,2506.428565,729.2329259,27.12961053,23.80175562,78.24023349,-0.464119437,2.266666667,0.018319338,1
4377.245983,27.06477915,1184.691958,706.7775677,70.18486016,17.00369377,169.6231656,-0.398295424,2.933333333,0.01637732,2
5551.979516,14.03191386,779.048983,742.7186632,83.78476567,16.2729438,192.9911978,1.151453024,1.533333333,0.016692578,1
2385.604942,15.94213251,380.3163011,725.48415,82.6362809,9.765557571,72.01182839,6.284229321,0,0.007559903,2
1477.97804,32.90016764,486.2572529,735.4340144,64.54165441,10.62370461,72.0220347,2.285113892,0,0.009069106,2
1924.312123,39.22383229,754.7889599,797.8149164,59.52145152,12.50743252,69.99159558,0.222962543,0,0.007949135,1
1897.68937,36.36440625,690.0834718,794.1864205,62.52711962,13.31332722,65.8056334,0.099441639,0.133333333,0.008906843,2
2139.850596,13.01575585,278.5177291,838.8256937,86.30072925,9.34383298,95.55549896,1.394959458,0,0.006050396,2
1200.648164,47.48894514,570.1751479,730.8478669,46.42951892,12.76467963,61.10722777,-0.373078874,0.066666667,0.011895171,2
2161.232869,27.19053238,587.6507229,815.9144434,69.8489063,14.49792648,106.8476788,1.180416355,0.733333333,0.011848701,3
1943.339636,16.01021991,311.1329493,797.1805241,83.236259,8.835804608,106.8802821,2.205494739,0,0.005438724,2
1299.841933,65.09326824,846.1095959,786.4311215,32.99424778,12.63218909,46.28034497,0.349949988,0.4,0.008333441,2
3007.317933,26.43710278,795.0477329,1068.839879,73.35368701,15.99793496,241.9761877,1.51898337,0.733333333,0.008033775,1
1027.409232,48.79344032,501.3083103,563.6525239,47.84790631,8.315605237,45.42584609,2.830890236,0,0.009153977,3
758.1193605,38.08267618,288.7121411,744.6796764,58.49835218,8.499913351,63.02936993,-0.785088392,0,0.007165959,2
4324.27673,46.22013691,1998.686625,1085.132398,53.74293925,21.6324601,97.22104187,-0.342533809,1.533333333,0.008223996,2
1336.000572,42.48320092,567.5758074,782.7004449,52.73774696,13.49986037,53.17171026,0.887748735,0.4,0.011082592,2
1466.253778,28.67754059,420.4855225,749.417824,69.69480694,9.529801533,55.56413116,0.372933639,0,0.006703783,1
1388.591224,60.15049439,835.2444864,789.524668,38.58880068,11.93326892,51.73014777,-0.226219205,0.133333333,0.006689046,2
1633.759384,43.62078497,712.6586679,691.9242263,52.43857418,11.99582729,63.43563124,5.483523074,0.533333333,0.01210875,2
1972.080364,15.24084767,300.5617641,804.0650868,84.21296207,8.598847116,104.3169401,2.284293638,0,0.005264567,2
3316.083372,35.8531865,1188.921556,966.4017843,63.74430414,18.0808034,100.3318559,0.274883237,1.2,0.009079792,3
4546.509827,45.16419306,2053.394476,1011.730658,54.70356937,22.19841999,95.56314282,-0.444220918,2.4,0.009963519,2
3504.493332,71.67485363,2511.840466,727.8589101,24.44116374,23.05991642,72.84207618,-0.397834921,1.6,0.017241411,1
1818.956401,57.44539078,1044.906613,812.6788981,40.33802582,17.32934994,53.48040389,0.055361154,0.066666667,0.012206414,2
2199.134849,59.71031589,1313.110365,809.7893837,37.88316929,19.35524305,62.6466129,-0.198452986,0,0.013728716,2
1222.500392,46.83128605,572.5126555,780.7545946,50.88752547,10.87951131,66.14599078,-0.419622769,0.266666667,0.007644195,2
4053.256237,49.59030882,2010.022285,1009.234113,50.1896809,23.59143901,91.62881876,0.360163128,2.6,0.011970774,1
4724.476125,12.4550033,588.4336572,1227.642497,87.53034061,15.56684389,285.3423685,-0.619290513,0.933333333,0.005416528,1
3509.850938,34.40165997,1207.446985,997.4476626,65.47713944,17.93950217,146.0177081,-0.599957503,1.4,0.008574977,1
2274.137984,17.28951657,393.1874636,907.8783009,82.41373633,10.68513114,62.42810591,-0.185612833,0,0.005212812,2
3631.512054,65.95646753,2395.217069,728.149182,29.83318918,23.39030065,80.77829768,-0.556405267,2,0.018071209,1
2272.988117,38.71738182,880.0414881,970.7020782,60.99542857,14.80061875,103.8260988,0.886783516,0.6,0.007604722,3
2804.637741,40.99540411,1149.772576,784.2594151,58.00899571,13.97936967,71.69040229,0.54800458,0.2,0.007872375,2
6370.242705,11.00625478,701.1251419,991.3301373,88.76167178,16.63137072,234.2122389,-0.717325344,1.866666667,0.008517077,3
775.2709069,37.47352742,290.5213559,726.3684507,58.14441658,9.243770449,42.66225381,0.181618334,0,0.007883708,2
1660.366672,25.52084243,423.739562,888.9180183,73.86638667,10.54429267,66.23262745,0.350196417,0,0.005631995,2
3832.294535,28.80440485,1103.869633,896.1970013,70.84702915,15.57112755,137.1044574,-0.883810476,0.4,0.00764175,2
7584.958895,20.41520391,1548.484825,804.52911,78.54283988,19.39678301,277.3489817,2.515158746,3.133333333,0.013859749,2
1348.201533,62.12478917,837.5673598,794.282336,36.65264963,11.83084746,48.89579369,0.060105366,0.133333333,0.006720778,2
4326.775693,26.25526319,1136.006346,912.3291258,73.3241967,17.26128983,106.3434896,-0.387993779,1.4,0.009130001,2
5723.952358,10.18108131,582.7602436,815.0986129,88.16136819,16.57337637,293.7059148,1.835689442,1.733333333,0.018241399,2
1503.453697,32.10758367,482.7226537,753.7204024,66.73826455,9.895384997,69.13218521,0.041167119,0,0.006822893,2
5321.530329,11.1006667,590.7253449,852.1712921,88.48292993,13.27528715,366.6780936,-0.159458979,0.6,0.015178608,2
8662.725661,3.426154877,296.7983977,1059.958031,96.53819832,14.48751441,257.1715358,-0.898097982,0.666666667,0.004495427,3
8774.54612,14.08040147,1235.491321,803.4867847,85.29185617,17.03511749,244.9446182,0.532517622,2,0.01259073,1
728.4793086,41.59188773,302.9882961,729.1702217,52.91074294,10.08485148,37.21490176,0.403334706,0,0.009078155,2
3641.87289,21.99090593,800.8808412,929.50267,77.915858,14.18399388,93.53684915,-0.316938669,0,0.00491535,1
1925.14479,21.8453637,420.5548811,613.5096492,76.25987572,8.718110841,71.3006578,6.569234542,0.2,0.007595438,2
1093.556298,50.64671004,553.8502872,717.7804345,41.30054998,12.5897323,69.37367341,-0.283710971,0.066666667,0.01254139,2
809.6783953,34.60647351,280.2011393,728.4746369,60.10590531,9.679138554,43.63395734,-0.089818246,0,0.008836853,2
1944.273789,40.28810381,783.3110428,800.2842305,56.76678614,15.1078441,69.15794188,-0.224250177,0.4,0.011165896,2
2177.455019,37.82434621,823.6081251,769.3549539,60.94453831,13.33025419,86.52829041,0.491436855,0.6,0.009130311,1
2825.659499,31.08234551,878.2812484,761.4837407,65.88307678,16.17411569,102.9041315,3.679947572,0.066666667,0.013797306,1
2128.121568,32.88276382,699.785189,762.818312,66.16207466,11.70916914,77.19665116,0.367249963,0,0.007268588,1
2684.210231,49.3309173,1324.145529,805.4109049,48.8323126,18.87608645,63.20546294,-0.588703828,0.266666667,0.012995169,2
2751.406693,26.25567442,722.4003833,905.7949771,73.50374353,12.9821218,88.03218676,0.327085321,1,0.006342571,2
5048.383078,28.648518,1446.286935,617.1507976,67.18421514,18.5789147,172.7996006,0.797123451,2.133333333,0.023882695,1
4901.614255,61.64143155,3021.425196,773.453409,35.56598531,26.31071086,93.48603345,-0.707923491,4.066666667,0.018559366,1
712.2265489,61.70313743,439.4661263,679.6266375,34.06471016,8.887597682,42.09681349,1.663228192,0.133333333,0.007241047,2
3401.053347,69.8005524,2373.954024,726.7823291,25.83502344,22.69102425,69.27124735,-0.089193533,2.533333333,0.01743335,2
2683.060995,24.17904358,648.7384874,722.6348586,72.22442296,14.62073501,64.11396852,12.76414235,0.933333333,0.012646348,2
2211.882219,61.87312546,1368.56066,803.0971543,35.42683023,18.65974004,69.10040609,0.023526704,0.533333333,0.013011806,2
1797.632519,33.8086661,607.7555762,807.217505,62.30376447,14.38546856,59.66200245,-0.160510914,0.066666667,0.011460963,1
1388.254575,25.08147908,348.1947809,727.0403963,72.80504533,9.189382722,61.41694038,-0.041299675,0,0.007331913,2
1863.992991,66.5980136,1241.382306,808.4777237,30.76772946,18.07899111,55.59305351,-0.315424206,0.133333333,0.012438743,2
3713.634745,17.92093201,665.5179579,889.7109252,81.78843396,13.59005302,95.66301121,-0.161676028,0.133333333,0.006829199,3
5251.98345,7.288004536,382.764792,1255.181757,92.56674766,14.47399001,300.5397053,-0.711477163,1,0.005371378,2
4439.05287,41.45475414,1840.198454,1038.984017,58.4427351,21.65414286,101.0359269,-0.394746509,2.333333333,0.008751665,2
6265.02386,23.87002861,1495.462988,847.5449276,75.09355013,18.59267941,280.5431251,0.961685703,2.133333333,0.012787417,3
703.4878885,40.9518537,288.0913309,729.8675491,53.04337802,10.0806299,36.89313519,0.42760876,0,0.009105363,2
2515.425804,14.09133146,354.4569878,732.8256841,84.60170673,9.835192758,73.6748784,5.029233138,0,0.007743967,2
755.2080899,39.387154,297.4549734,744.1791021,57.21483836,8.545786565,62.99393571,-0.790404695,0,0.00716893,2
1023.036714,52.96083846,541.8088215,893.3814596,46.17881198,10.99855645,99.24333534,-1.317310311,0.2,0.006402485,3
1665.756185,26.17245173,435.9692336,770.0887344,72.91067292,9.609998078,57.01166446,-0.443727736,0,0.005883292,1
4618.33778,38.33485438,1770.433063,1012.959992,61.57417108,21.21467997,91.12698324,-0.379038281,2.4,0.008983717,2
1033.649607,44.05556484,455.3801726,900.3972974,54.99128466,10.18629003,79.8265007,0.290411657,0,0.005961292,3
2480.356153,20.21926567,501.5098002,959.3974641,79.66987881,11.77040423,65.28896415,-0.197409441,0.2,0.004747947,3
1810.735456,30.76903626,557.1458489,785.4333966,65.79312314,12.46123473,107.622262,0.774558916,0.733333333,0.01255129,1
2821.983358,31.45056238,887.5296365,879.4829302,68.35964629,13.6770708,84.0204322,-0.391960841,0.2,0.005666156,2
2954.235432,24.07202723,711.1443577,939.4911816,75.85888105,12.92320975,81.32336495,-0.408133459,0,0.004751361,1
6948.17742,16.47211318,1144.511648,1142.254477,83.46699573,20.56052135,275.2008866,0.419379473,3.533333333,0.0084225,3
799.7470867,37.22422086,297.6996219,733.0269366,57.62789846,9.856722765,39.96231917,0.223529949,0,0.008887208,2
2386.706392,22.35423368,533.5299242,842.0660719,76.62481954,12.31695104,64.34985242,-0.136848234,0.066666667,0.007686131,3
2787.23651,64.68236924,1802.850611,702.6474446,30.29347543,20.43603327,72.23151702,1.348965711,1.2,0.017020888,2
6278.038599,16.44098564,1032.171425,790.8967161,81.77745451,18.22913618,266.798698,-0.227275572,2.466666667,0.017647915,2
2174.468529,59.28737993,1289.185418,764.3105857,39.35706533,14.20091428,62.90638302,3.092749296,1.066666667,0.009017895,2
2677.80909,20.37555982,545.618593,864.450453,79.27390645,11.48871454,114.8124506,2.348881572,0.533333333,0.005857963,2
4507.470658,22.52800766,1015.443335,1106.963611,77.43071423,18.11130138,173.7879235,-0.824221911,1.266666667,0.006804729,1
2584.708541,16.62812433,429.7885497,813.0076652,82.4219418,10.70433436,81.84707651,1.195542657,0,0.00678695,2
3825.527549,65.26500278,2496.730661,728.2111037,32.37247944,21.12389419,82.93124777,-0.60673514,1,0.01490772,1
3992.533461,25.01062025,998.5573821,921.761926,74.57125025,16.24530358,99.85898238,0.184163432,1.2,0.008643148,3
2220.444269,26.69232392,592.6881767,774.1472936,71.76676797,11.82871944,59.46034821,0.248794437,0.2,0.008261288,2
4041.009113,16.47285683,665.6696458,771.6295159,82.42256964,13.79633659,161.5306962,0.095634891,0.6,0.010390109,2
1506.807171,30.30987916,456.7114328,752.1928414,68.23260394,9.543021481,55.11701132,0.358656998,0,0.006531347,1
1147.470133,50.72393236,582.041974,751.5510804,39.26034044,15.08008539,45.74905977,-0.376299616,0.2,0.014248648,1
2173.505745,49.38880265,1073.468463,733.1026122,47.19087273,15.39088297,84.35982066,6.377543522,1.2,0.013632208,2
1265.163229,59.92582108,758.1594533,776.1742725,38.64107378,10.9655121,50.1024033,-0.466348246,0,0.006544899,3
4736.593375,52.48909767,2486.195123,1026.192655,47.44044711,23.63583883,93.10107696,-0.193598914,3.666666667,0.009672954,2
4312.497933,18.94253474,816.8964189,969.3054606,80.48100337,14.56931579,336.1213361,-1.255988139,1.066666667,0.011564128,2
1454.858716,28.3205551,412.0240644,765.2432771,70.19913683,9.47248065,56.31043206,0.309494148,0,0.006719503,1
2373.814942,31.41856481,745.8185861,1012.815644,68.49396802,14.56700481,75.82514713,-0.037559695,0.066666667,0.006613611,3
2119.352904,35.87481249,760.3138803,782.8219838,63.14003307,12.18848249,70.53653093,-0.29723632,0,0.007481074,1
3424.556324,32.79508799,1123.08626,708.5351256,63.5943483,17.19420237,82.8290543,6.547129594,2.066666667,0.015385952,2
3552.708409,35.1195821,1247.696347,929.6248596,64.54507871,18.12331059,113.2670113,-0.218279827,1.066666667,0.009714032,1
3828.102383,31.26028561,1196.675738,1068.208872,68.71816412,17.64582524,90.06589757,-0.253244402,0.733333333,0.006483383,1
1169.535578,48.36305643,565.6231517,828.9577016,49.94338973,11.17530673,79.36730834,0.246855425,0.2,0.007197001,3
3146.268276,33.4116799,1051.221085,754.6366265,65.5339379,14.25850438,85.62901074,1.114452767,0.6,0.009052972,2
3183.718676,19.38611323,617.1993076,762.29056,80.09871082,11.12440772,115.3726757,6.939694113,0.333333333,0.006559665,2
828.4844548,37.2976497,309.0052297,733.1512709,57.44640355,9.912752514,40.32051158,0.19652471,0,0.008921397,2
2831.983876,32.82463691,929.5884246,773.9971607,66.50916206,12.76493716,82.00155836,-0.518714567,0.2,0.007425083,1
9377.803376,12.76374516,1196.958925,1069.218711,87.17856785,20.65858845,189.4646769,0.526039312,3.333333333,0.007602202,1
1937.01821,52.50846101,1017.098451,791.0765663,46.49976107,13.17869354,63.01307701,0.106069391,0.4,0.007553063,2
4897.72782,11.30923913,553.8957512,1224.439078,88.67811718,15.63011435,288.9997054,-0.633204224,0.933333333,0.005416293,1
9180.450901,16.20633552,1487.814675,877.8341526,82.78918953,21.39724561,320.2564721,-0.913049076,4,0.015677736,2
2949.615674,30.68999545,905.2369164,876.3672295,69.11082178,13.79625627,85.22241222,-0.47136737,0.2,0.005659948,2
6117.090637,20.93377921,1280.538248,733.1636249,76.12293522,18.407989,232.1961896,0.842862536,2.666666667,0.019430324,2
1487.58254,28.33516235,421.5089279,736.2116088,70.37045797,9.344779464,52.88047048,-0.633226895,0,0.006323726,1
9365.792499,8.867349047,830.4975119,918.7687808,90.41448869,18.21623724,314.058646,-1.068197485,2.733333333,0.013492589,2
1963.1199,15.93458846,312.8150771,797.0660881,83.31888145,8.803875659,106.809336,2.22435045,0,0.005436994,2
2489.489561,59.30950273,1476.503879,809.3792282,38.41103533,19.47712045,63.71651054,0.088316991,0.4,0.013431059,2
3535.358531,44.91912906,1588.052261,989.3852006,54.8876504,20.18924107,104.1878173,0.164501865,0.533333333,0.009837222,1
2140.273388,26.04272326,557.3854754,805.8383468,73.10101859,11.69324548,85.90299989,0.915945791,0,0.007056208,1
2250.455522,17.53128077,394.5336761,911.2949629,82.18964419,10.75035376,63.68461542,-0.303771482,0,0.005173631,2
5081.109566,20.30837432,1031.89075,1102.213505,79.68396063,18.94106261,120.9128775,-0.129653835,1,0.005926315,3
2322.551926,30.40071831,706.0724687,804.3794631,68.10113306,13.17239473,66.18600941,-0.231636577,0.266666667,0.0083733,2
1121.974083,26.94511218,302.3171754,845.5872819,72.18371597,8.527762571,62.80373025,1.278135185,0,0.005380057,1
4331.483001,35.1606107,1522.975876,1008.447881,64.74045014,19.49439065,125.9316387,-0.621465579,1.6,0.008119607,1
4048.70333,42.27432078,1711.561833,996.3557771,57.49582666,21.95420401,89.52607134,0.076112409,1.333333333,0.011075235,1
1974.052213,17.25178741,340.5592913,649.3594698,80.41411228,9.070433328,103.6134584,4.525226798,0,0.009282068,2
4227.947354,25.40092428,1073.937706,1169.625227,74.5724715,19.08269604,144.9141915,-0.343548324,1.666666667,0.006736787,1
1403.193792,29.57418937,414.9831891,722.0548025,68.39359273,9.522665456,50.56062639,-0.222614757,0,0.007208292,2
4161.790725,50.24071672,2090.913489,1021.769822,49.61476574,22.11898745,94.73015775,-0.296103491,2.733333333,0.009821653,2
2574.966356,34.04242757,876.5810567,804.2168911,65.08876216,13.31849764,89.93432807,0.506707437,0,0.008029639,1
1915.684792,39.4381513,755.5106668,792.163124,59.44351655,12.34634037,64.14059298,0.059882205,0,0.007761904,1
5350.637231,19.5519196,1046.15229,1109.205791,80.44085915,19.43265597,117.440404,-0.036101852,1,0.006170299,3
4524.321191,42.17586319,1908.171516,1041.114862,57.73353144,21.80892066,100.9711735,-0.403354329,2.4,0.008824169,2
3827.26927,37.2124785,1424.221754,864.2466363,61.6455181,19.64945007,89.58308493,1.006209288,2.933333333,0.013084285,1
3275.602802,33.93034199,1111.423233,895.7275612,65.6040558,16.73893249,94.62380179,-0.43666985,0.733333333,0.009501217,2
3348.018284,30.9702421,1036.889368,789.621044,68.34745364,13.68597913,72.25357182,1.086000525,0.066666667,0.007969244,2
3540.405855,36.32985649,1286.224366,937.1239335,63.20774391,17.4273361,174.9995945,-1.372181451,0.6,0.008888443,3
2366.064886,47.45145549,1122.732226,735.6621828,49.25707688,15.42316776,85.61731059,6.165565674,1.2,0.01363937,2
1062.969053,31.77774043,337.7875466,777.5102999,65.52841301,9.862995394,47.80469022,1.558487994,0,0.00752497,1
2642.30834,32.39414939,855.9533109,816.0114454,63.43718183,17.41145751,109.6170149,0.181992145,1.933333333,0.014794949,2
2749.674196,23.64240436,650.089092,907.3324389,76.29625085,12.21241522,67.34943307,-0.206530831,0.133333333,0.004301595,2
2849.181796,25.08964098,714.8494832,880.3927581,74.69153021,12.95597727,75.40512138,-0.100112897,0.266666667,0.005527315,2
6558.659212,9.460463042,620.4795308,1074.305855,90.41951984,15.9518207,235.1449648,-0.860822952,1.866666667,0.006676329,3
2308.323554,29.80013109,687.8834451,861.4043837,69.87494508,12.11548639,65.2527329,-0.720638132,0.133333333,0.005399971,2
3851.254095,16.76008436,645.4734354,738.9293966,81.19134841,13.9255878,119.2666792,6.114243581,0.6,0.012945726,2
1269.506365,57.27424552,727.1001925,774.3237387,41.44974248,11.01322556,43.82394432,0.109894313,0,0.006287297,2
3388.848792,41.46865803,1405.310117,937.7586746,58.00949567,19.88428024,71.9757896,0.313080181,1,0.011350873,1
3203.948125,38.82420846,1243.907499,641.9484453,58.46633835,14.25008931,89.49275077,1.007123169,1.533333333,0.014049308,2
2408.79828,55.60635982,1339.445039,681.2778705,39.60146814,15.17125906,80.89441867,2.836273194,1.6,0.01375728,2
2209.822262,23.79424832,525.8105964,930.3749173,75.87834544,12.29313923,66.20601193,-0.18580152,0.133333333,0.006244471,2
4214.766267,12.81357535,540.0622516,732.3019356,86.74198241,10.77113915,242.8926078,-0.7841812,0.866666667,0.007166575,2
5147.590481,35.49182673,1826.973894,1048.193238,64.44963917,22.23499399,110.4270503,-0.190696132,2.666666667,0.00889283,1
2063.913471,43.53720129,898.5701621,810.113647,53.87577868,14.69487182,77.1194118,1.203119227,0.866666667,0.010253408,1
1169.843383,56.34446842,659.1420356,702.0447267,40.94995533,10.66567101,43.29977138,0.4826094,0.133333333,0.008616956,2
3696.261356,30.95374497,1144.131313,704.5978577,64.62111827,19.33831626,149.2511737,-0.20001414,3.466666667,0.017596463,3
2653.781008,38.89996543,1032.319895,784.3567447,60.02718964,13.86324437,70.84558428,0.637159153,0.2,0.007953952,2
1746.878711,28.29295934,494.2436835,840.6683966,69.93494196,13.5467864,62.1859737,2.228605572,0.133333333,0.009633836,3
4239.785851,47.36568671,2008.203683,949.7904559,52.2490411,20.71502695,125.9776557,-0.521257017,1.466666667,0.009511659,2
1503.160705,28.67566337,431.0413036,767.6537086,69.90248728,9.577615031,56.54480459,0.402679607,0,0.00683306,1
2717.593245,25.78501253,700.7317587,736.632391,73.04457077,11.91875178,86.59120859,0.240920923,0.2,0.008430618,2
5534.911899,2.264794862,125.3544003,1319.016002,97.66845265,12.71469935,534.2101784,-1.61493681,1,0.004697629,2
9384.7929,12.14522054,1139.803795,906.8091581,86.92567566,19.63121932,320.0465521,-1.07957789,3.2,0.014781503,2
1946.789841,52.04881777,1013.281097,969.1605118,47.63899679,14.9184405,85.81524631,-0.256290607,0.2,0.007155475,2
3445.337897,31.41883353,1082.484978,911.375708,68.21138994,16.59461783,95.71737828,-0.178517243,0.733333333,0.009264513,2
1413.316859,57.93724263,818.8368177,775.8644322,41.03792785,11.3599563,46.99724258,0.060414666,0,0.006218856,2
3226.238212,67.18591487,2167.577658,724.0288032,29.07966426,21.83726311,73.6868429,-0.612624918,1.666666667,0.016340542,2
1312.893106,54.93288661,721.2100814,778.8621148,44.03561783,10.9305308,48.63619732,-0.256934669,0,0.006098761,2
4681.457731,22.5267309,1054.579385,1042.512894,77.33478301,17.22605781,122.0188685,0.16763017,0.8,0.007466815,1
3332.615069,41.81195236,1393.431425,997.1687499,57.94941255,18.13478987,161.0970132,-1.198790216,1.266666667,0.007781667,2
8921.901964,11.34229226,1011.948196,902.5042998,88.41911124,17.08792637,268.1615123,0.354623269,2.066666667,0.009900526,1
1671.115032,24.13659532,403.3502726,772.3152281,74.39304728,9.625071766,55.60115077,-0.069182724,0,0.006971484,1
4391.753648,20.54592591,902.3264507,1040.5427,79.39733672,16.17912726,136.6698197,-0.89807068,1.133333333,0.005700728,3
1979.37232,44.12480293,873.3941355,842.7144269,54.53083469,14.65467849,85.25038596,0.974004916,0.4,0.009374984,2
9042.997723,8.445452558,763.7220825,842.0495073,90.64319158,17.45069866,247.388291,0.176733506,1.866666667,0.01400419,1
1695.094666,23.31040683,395.1334628,766.635847,75.1842263,9.535815785,61.00696692,0.287707721,0,0.006844892,1
6766.129132,8.9201614,603.5496391,1202.592189,91.07191292,17.60344848,197.3604561,-0.917776804,1.6,0.005101781,3
2771.753289,37.26947553,1033.017914,795.4946457,61.79707636,13.68574199,70.83853591,2.410794914,0.133333333,0.007899079,2
6113.417642,10.098614,617.3704499,1164.765579,89.87581623,16.07345117,273.3359873,0.14094668,1.466666667,0.00537474,3
2468.901769,36.89465329,910.8927478,854.9531443,61.59273008,15.69321515,74.23324354,1.043402942,0.6,0.010020349,2
1785.31604,24.56047665,438.4821293,760.6265538,74.08320806,10.04068528,60.67016452,0.436056238,0,0.006985494,1
5585.788526,13.4083933,748.9644944,714.7132106,84.15696172,14.86452565,158.9067715,2.844956963,1.933333333,0.013844136,2
5204.673595,9.435114602,491.0669184,1159.294039,90.41881744,16.96453436,334.927126,-1.048805793,1.8,0.007468967,2
3145.430985,66.67007568,2097.061218,718.4757473,28.76927296,21.6318635,69.83990325,-0.42780517,1.2,0.017452023,2
2744.761815,11.44041291,314.0120851,687.2647571,87.79809868,8.515859152,229.6986607,0.577257354,0.266666667,0.007044203,2
1064.513808,47.28569386,503.3627404,832.4975769,50.92508586,10.88538272,81.77661606,-0.059535898,0.2,0.007106735,3
1128.548129,36.21660964,408.7218704,779.5821262,61.0251754,11.35862148,56.75926669,0.382365408,0.266666667,0.008971305,1
3486.297389,42.24053799,1472.630773,756.4012745,55.94261635,16.88177884,101.418296,0.096007181,2.2,0.012042729,2
2706.263168,21.81584678,590.3942263,951.7961037,78.13406758,11.91626447,68.45787711,-0.020869602,0.2,0.004232499,3
7442.180146,15.00973569,1117.05157,967.925095,84.82386436,16.58418566,219.004777,1.573820833,1.133333333,0.009782389,3
9582.650814,5.64492246,540.9332081,1093.249568,94.25548811,17.67852132,295.8877968,-0.950283696,2.2,0.007655699,2
1240.195047,49.65429624,615.8101225,692.4610596,48.0403308,11.56337391,56.57826549,6.935438134,0.466666667,0.009479299,2
6153.661449,11.89414436,731.9253762,1025.510041,87.08595691,17.16792465,400.7337283,-1.415621261,2.066666667,0.012036338,2
423.9011979,45.61387724,193.357772,781.5564182,49.75203994,7.312997812,45.00173788,1.180883836,0,0.006120581,2
1581.196116,28.97689905,458.1816024,746.2619555,69.64774269,9.976709299,75.68040632,-0.351714915,0,0.00725183,2
5878.126824,12.11430881,712.0944358,856.805223,86.66214406,16.06766843,299.8647588,-1.308535918,2,0.014821654,1
5385.699494,20.04175817,1079.388868,1109.548387,79.95069946,19.41054945,116.9773759,-0.022322395,1,0.00615615,3
2027.855658,62.19278911,1261.179993,809.1045216,35.76655883,18.31712019,58.07904912,-0.278003263,0.266666667,0.012479613,2
2088.04215,40.74264269,850.7235525,949.2227075,58.84682247,14.65711426,95.36741541,1.187266223,0.6,0.007755831,3
2406.122249,65.85306782,1584.505316,842.5426529,33.06495779,19.5435742,60.30128388,-0.479817973,0.2,0.012053169,3
2127.145792,28.9584187,615.9877848,803.9025814,70.27884881,11.83003449,98.74714167,0.322868627,0,0.007103728,1
1648.331156,27.37700236,451.2636595,858.1883416,71.87093441,10.49869178,67.19069534,1.193337014,0,0.005808881,2
2455.263219,31.64346234,776.930292,866.3343563,68.10265846,12.31017227,99.8394351,-0.911112782,0.2,0.005365485,2
3895.542253,30.61847211,1192.755518,954.6684,68.28589614,18.13906636,182.2033522,-1.123861021,1.533333333,0.011339433,1
2672.533746,47.77771669,1276.875602,896.4612108,51.69861231,16.20498317,83.96653457,0.364311695,0.2,0.008638547,1
3672.088045,20.74400577,761.7381559,927.7652759,79.16294288,14.12124897,92.70292309,-0.313314615,0,0.004894353,1
909.1040591,46.97478133,427.0496438,881.4562372,51.70686844,10.05884737,66.46280397,0.945131308,0,0.006272796,3
9545.390288,7.725104758,737.3913993,808.7846585,91.49266705,17.5144981,262.1649745,0.136210441,1.933333333,0.014695368,1
2311.495558,33.20159721,767.4534448,687.4880782,58.21518622,16.59121427,92.94454364,2.688793309,1.4,0.020482693,2
1966.73627,37.01192349,727.9269236,793.6356891,61.8490142,13.60592231,66.35753796,0.043949349,0.133333333,0.009179335,2
1537.200089,62.35252215,958.4830258,797.3456218,35.81505393,13.51889831,48.22875898,0.003494161,0.466666667,0.008702174,2
5932.687768,6.243586525,370.412494,1241.257014,93.68341471,16.43647172,297.8009034,-0.795787496,1.6,0.006232233,3
3035.848726,32.43961994,984.8177886,833.7426061,67.10552344,14.5463876,114.1952598,-0.792438921,0.133333333,0.008268989,1
5504.430034,12.99786739,715.4585164,627.0309818,83.18939408,16.77617319,194.6069535,0.50073408,1.4,0.023722194,1
2632.45094,30.57318106,804.823992,668.8167914,57.47156974,19.7093794,96.40672993,1.459122103,2.933333333,0.024742858,2
1916.227321,38.88953488,745.2118924,902.1905174,60.51584769,13.13683703,77.93187632,0.421312306,0.666666667,0.007378136,2
3383.359233,17.2023548,582.0174595,888.765223,82.39696747,13.95852471,85.70345268,0.903610975,0.2,0.007293523,3
4169.901207,41.83354836,1744.417638,1004.373121,58.01554759,21.28943015,94.71452417,-0.265514776,2,0.00954145,2
2698.938178,29.91157917,807.29503,893.458366,69.17773864,14.30086522,103.4254209,-0.349746356,0.733333333,0.008281024,3
3910.04457,29.28708706,1145.138157,943.9309748,70.51183411,16.91308416,141.909669,-0.635641369,1.266666667,0.006910717,2
4204.023585,31.61300283,1329.018095,608.1967537,62.8591785,18.86748178,172.9900684,1.217862338,2.133333333,0.024539056,1
4672.156022,39.46424954,1843.831311,1011.015359,60.40522415,21.81545759,98.28452712,-0.422711527,2.466666667,0.009701103,2
476.8157308,46.84081066,223.3443537,780.4412085,49.64974176,7.417949671,47.61650548,0.622387402,0,0.005719478,2
1165.135323,39.60285106,461.4268066,897.3073186,59.54095587,10.36731629,81.3113775,0.090206516,0,0.006085662,3
5475.875638,36.54541434,2001.181441,1052.532933,63.39705208,22.68140748,136.0353855,0.598672376,2.666666667,0.009066521,1
2272.291333,17.90494643,406.8525459,825.6831868,81.26329443,10.15735701,76.15712284,1.882044061,0,0.006243876,2
2839.977531,21.02784738,597.1861408,891.1345946,78.4874576,13.69257871,80.59530241,0.856953789,0,0.007414926,3
3563.609334,71.47142148,2546.962247,730.0209149,24.81286846,22.90412872,74.56672871,-0.442910487,1.533333333,0.016815948,1
2045.352521,58.66843498,1199.976314,806.3361033,40.66976957,14.17578189,65.45720393,-0.283248699,0,0.007311859,1
4024.660024,29.61017686,1191.708951,1069.431493,70.36823441,17.69359008,90.44237707,-0.259572803,0.733333333,0.006521806,1
2853.56427,23.10015734,659.1778362,871.0544977,76.26031737,13.84035426,91.95426634,-0.415414328,0.533333333,0.00833473,2
2342.210415,23.43745818,548.9545863,830.5728656,75.50141007,12.08484774,74.35656042,0.054220612,0,0.007810891,2
4339.482343,46.90116518,2035.267782,987.185007,52.88057808,23.60256407,110.3604181,-0.128891795,2.666666667,0.011853021,1
3417.969454,48.44011231,1655.668242,905.1411217,51.16798264,18.08246048,79.48626743,2.735789075,1.2,0.0091019,1
4571.457798,45.97231193,2101.604839,1014.331916,53.88338157,22.33602167,95.65444699,-0.408112997,2.6,0.009988899,2
6186.889337,13.16731348,814.6471139,993.2703822,86.5333639,16.61291633,233.6039607,-0.724282409,1.866666667,0.008493306,3
2434.993376,28.90986396,703.9532725,856.8246768,68.67866937,14.88441344,64.82133962,4.226322746,0.666666667,0.010475474,2
3701.014456,19.40214569,718.0762167,952.1864481,80.44631563,14.50920382,124.0038885,-0.299355393,0.466666667,0.005871069,3
4483.898343,24.52369168,1099.617405,940.7044927,75.36002436,16.34316318,121.5462997,-0.547032767,0.733333333,0.006658121,2
1938.47423,58.61002235,1136.14018,836.3469469,40.74906227,14.55088802,61.76346425,-0.158775027,0.133333333,0.007774005,1
1947.493066,53.86562834,1049.029377,829.8448706,45.55213307,13.53430522,61.66690553,-0.1367399,0.133333333,0.0070968,1
1281.859398,50.9995722,653.7428091,611.0214895,44.03659009,10.66348434,46.80531979,7.627088536,0.6,0.010285486,2
3306.972182,47.64771234,1575.696592,931.7308823,51.68239967,21.00203572,78.8051958,0.018968565,1.666666667,0.012248936,1
5875.403539,15.68081736,921.3112984,990.8404625,84.16093653,16.62093178,208.4287322,1.832938301,1.4,0.010438108,3
3093.62022,17.77588264,549.9182995,820.9844071,81.72887109,11.80851981,116.1312157,-0.751399816,0.333333333,0.006836087,2
1765.578648,25.61169872,452.1946841,855.3639907,73.80072105,10.42402516,63.19380426,1.398973476,0,0.005709835,2
2176.725081,35.59598892,774.8268186,783.3611302,63.4469131,12.29023258,70.71598259,-0.311323339,0,0.007592811,1
3038.811844,29.80975827,905.8624652,899.9127854,69.9024307,14.08489031,104.818785,0.017784526,0.466666667,0.006409638,2
1985.795636,26.66094596,529.4319016,846.5464136,71.70164341,13.7059135,66.9972624,1.723208674,0.133333333,0.009766068,3
724.5480361,40.58686565,294.071338,727.6987956,53.75431206,9.888096898,36.87282486,0.449726397,0,0.008957604,2
2296.375442,27.31634202,627.2857699,867.9583866,72.15280923,12.27433192,82.76681164,0.882434274,0.133333333,0.006173389,2
5914.604833,19.35544163,1144.797886,1045.217507,80.20136802,19.82023704,214.2922658,0.18112386,2.866666667,0.010677283,2
4311.060814,70.24094385,3028.129805,755.5859712,26.02553356,25.64521067,84.33937671,-0.593531411,4.666666667,0.018405707,1
3768.061149,27.60439337,1040.150422,876.0801338,71.98732038,16.09117909,96.12571846,-0.732504785,0.2,0.008741581,2
1930.580199,55.4686049,1070.865903,808.1868705,43.62979184,13.61608862,62.49683959,-0.333098071,0,0.007519078,1
1817.188654,32.90632596,597.9700218,807.876691,63.40753249,14.38928907,59.93155459,-0.182899274,0.066666667,0.01143653,1
1236.484311,42.60826108,526.8444637,924.3633093,56.86921157,10.8744987,79.60620417,-0.416163404,0.2,0.005999775,3
3537.540269,31.734653,1122.626129,788.0871291,67.6143137,14.11491077,76.21099729,0.609109188,0.2,0.007920156,2
1626.378485,29.24896392,475.6988561,743.5359124,69.63862019,9.649608774,58.25031178,-0.348023838,0,0.006305392,1
2558.903819,28.32027352,724.6885606,982.7446405,71.56200069,14.10602122,81.54940179,0.027532291,0.133333333,0.00630873,2
6771.85155,7.619428187,515.9763658,1016.265899,91.8730005,15.91558525,366.4423979,-0.437347701,1.4,0.010225728,1
1498.517477,63.10980509,945.7114587,799.2457869,35.11208229,13.58748095,46.43564168,0.197645787,0.466666667,0.008779828,2
1469.535491,58.06383638,853.2686832,790.4553894,40.76067987,12.14379001,52.91823488,-0.265774295,0.133333333,0.006749891,2
4375.800479,30.33874861,1327.563107,785.0531558,65.29520358,20.71327423,180.8030413,0.558526884,4,0.017970421,3
744.8014862,32.17934617,239.6722485,871.1004267,66.47173252,8.393015453,45.9872381,-0.128637887,0,0.005592486,1
2979.210505,25.69151563,765.4043326,886.1264044,73.86037055,13.7620811,92.09164045,-0.254638167,0.066666667,0.007255687,3
6413.979028,14.94958883,958.8634922,1084.118058,84.89656453,17.92027606,312.5119935,-0.689016064,2.933333333,0.008159986,1
2143.512387,61.28382567,1313.626394,803.8132532,36.08150272,18.57037935,68.86855103,0.069450703,0.533333333,0.01294119,2
1747.875081,19.32908521,337.8482639,651.3209356,78.16666463,9.136562511,103.61528,4.36457097,0,0.009396218,2
2470.98554,24.93275284,616.0847175,896.5186937,74.56367379,13.13296056,85.46301348,-0.222878251,0,0.007129223,3
1089.59285,50.57711736,551.0846545,750.855467,40.3753376,14.42313018,46.22518791,-0.429308963,0.133333333,0.013537146,1
2120.541816,28.64063945,607.3367357,729.3995791,70.55484986,10.35795452,77.43285709,-0.650137868,0,0.006403268,2
2483.675705,26.44751987,656.8706256,940.2763142,73.46952684,12.36413636,77.30263003,-0.279678981,0,0.004655714,1
2595.359906,52.51762032,1363.021261,805.8999028,45.55040501,18.97171346,63.08582251,-0.588641025,0.2,0.013047087,2
3540.388598,43.53887647,1541.445418,1059.497503,56.42302346,20.44908073,82.84052656,-0.321244616,1.4,0.0082833,1
5720.696753,9.88419519,565.4448333,800.5231275,88.46339841,16.258709,295.061554,2.046376561,1.733333333,0.018294679,2
1736.284824,25.7899206,447.7864775,794.4569146,71.69100661,12.38901032,98.96429516,0.494284217,0.266666667,0.011043413,2
3513.873074,24.816281,872.0126161,683.8980963,73.78141858,12.4985389,101.9213954,1.900429837,0.533333333,0.009618698,2
5744.041617,12.07154976,693.3948418,1046.247173,87.32403761,17.94069715,302.4439856,-0.391048963,2.4,0.013972975,2
5384.989546,16.59225634,893.4912692,934.7835929,81.81592562,17.16817931,418.3656991,-1.20989717,2.2,0.015200936,2
2741.987852,29.63544579,812.6003235,991.0773402,70.26173843,14.92418365,81.5243472,0.28604612,0.466666667,0.006510995,2
1316.847436,44.67112203,588.2505252,782.4368379,50.36506816,13.49124988,53.70619953,0.783128765,0.4,0.011148415,2
4711.578003,36.49156864,1719.328721,1038.561297,63.4186506,20.99786052,114.9236742,-0.22933783,2.333333333,0.008482607,1
1181.300095,52.2051022,616.6989221,751.3090961,37.86824658,15.09620682,45.56608091,-0.368036246,0.2,0.014286958,1
1785.5187,21.46842257,383.3226995,904.1826721,78.15498264,10.18023355,57.13026441,-0.314148992,0,0.005082479,2
3388.604221,37.90171847,1284.339232,757.5696928,60.28302792,16.040825,103.1613375,-0.043029349,1.8,0.011181966,2
1597.113506,25.61090849,409.0352785,766.1276627,73.47321732,9.356762898,61.8502351,0.00298977,0,0.005847113,1
7699.124436,15.83110494,1218.856469,981.4293565,83.58088253,19.73713541,345.4823722,-1.108607172,2.666666667,0.012569633,2
4193.823006,25.82732253,1083.152194,1132.233087,74.12659204,18.23767468,170.0026506,-0.476891312,1.2,0.00679843,1
4358.316579,41.08149109,1790.461437,928.7303856,58.65204149,19.29028456,118.6174789,1.100092158,2.6,0.009134488,3
5350.763075,21.62361011,1157.028145,1110.10504,78.36873624,19.52688277,118.9396905,-0.148951731,0.666666667,0.005976427,3
1808.56487,22.49120771,406.7680814,767.3330839,75.99523004,9.539801193,60.85250084,0.325609686,0,0.006851353,1
4949.193797,38.84059083,1922.296112,1034.693926,61.09807203,21.96916924,102.9961639,-0.008013539,2.333333333,0.008691164,2
3734.054845,47.96648551,1791.094876,971.7202065,51.54237079,22.55128255,90.38694297,0.000967088,2.066666667,0.012413824,1
2042.353598,24.79104331,506.320765,835.9478515,74.0386029,11.85108032,60.94480217,0.065097421,0.2,0.007523625,3
4903.603154,10.12255714,496.3700314,1210.735883,89.33410246,15.97066971,338.6576195,-1.072783433,1.666666667,0.008852539,2
4488.891746,69.10985482,3102.266568,785.1679262,28.07282557,26.33109284,81.55311025,-0.607490856,4,0.018211148,1
2067.003634,30.66979129,633.9457007,882.5625015,68.66650989,13.45848838,76.03786986,0.369458699,0.133333333,0.007968362,2
3152.400467,30.74652893,969.2537214,765.4768873,68.46509734,13.30835479,93.62998801,0.6575158,0.666666667,0.008415579,2
1793.633016,44.59815708,799.9272698,707.9195161,45.84933774,17.36482993,67.27316974,2.28792252,1.533333333,0.017765033,2
3288.866384,23.66441325,778.2909324,887.9417012,76.10252069,13.73788323,95.54118925,0.115716884,0.4,0.005989478,2
1598.610083,38.09456383,608.9835385,851.3251605,59.61326189,13.3174196,52.97452739,0.765224531,0.133333333,0.009124943,2
2545.086465,36.11213704,919.0851122,798.3727443,62.32331079,14.28633022,63.76453496,0.024526035,0.6,0.009254258,2
2117.960332,41.60428509,881.1622547,695.9398753,47.1386847,18.63112224,72.52705458,1.382053395,2.466666667,0.019803992,2
1747.376758,19.34932387,338.105588,652.6352357,78.11318855,9.207576059,103.5624795,4.273826997,0,0.00946596,2
3325.617356,19.52423642,649.301395,880.7204106,80.07187749,13.25999321,99.25266366,0.087199903,0,0.007223178,2
4279.03093,17.71325798,757.9557878,817.924073,81.25291886,16.14443778,300.9994873,1.301958086,2.4,0.015160123,2
3925.884099,30.11249516,1182.181659,1067.45021,69.86210455,17.76056219,89.89573358,-0.267301829,0.733333333,0.006551943,1
2795.572259,20.58145654,575.3694895,828.2860547,78.84618398,11.41099132,121.6420835,-0.826002386,0.133333333,0.006817465,2
2538.193559,32.82197563,833.0852713,805.3156416,66.34532939,13.35365852,90.88341908,0.411527984,0,0.008020572,1
1069.897115,26.60921178,284.6911892,849.3782723,72.76869755,8.700185334,57.48671282,1.161373733,0,0.005355167,1
4681.584487,27.35676559,1280.730094,961.5212992,72.5318111,17.34059151,124.7610293,-0.842308391,1.066666667,0.006920609,2
539.8749046,38.65198457,208.6723648,779.5187807,57.58925626,7.523497919,47.19361032,3.506667501,0,0.006192789,2
2597.077167,50.69739074,1316.650359,808.0709607,48.30222184,14.43956601,77.99178202,3.966145012,0.133333333,0.008234898,2
1902.111085,60.09998141,1143.168408,819.8412829,38.09498267,17.92498555,53.03573326,-0.187584163,0.066666667,0.012304715,2
4770.318546,14.44078437,688.8714151,940.2478136,84.74007523,16.05790917,320.2181895,0.688592673,0.733333333,0.010184618,2
3012.54905,32.07764064,966.3546586,880.9138617,67.75099412,13.81748369,84.85854481,-0.465901301,0.2,0.005654132,2
4106.694041,44.35802682,1821.648444,984.2646842,55.46187456,21.1183355,115.1625892,-0.105122247,1.466666667,0.01022794,1
1031.214611,37.42912359,385.9745911,827.4354953,60.56744736,10.07468592,51.79632951,-0.411753538,0,0.006863728,3
2256.034609,48.83196379,1101.666003,862.8935422,49.83828772,16.80364661,70.14549485,1.555211023,0.8,0.010373639,2
4924.100012,28.19777055,1388.486423,638.4491481,67.92364481,18.46336121,171.4089823,0.30939425,2.133333333,0.02306657,1
4075.395409,10.00615076,407.7902087,662.7790372,89.18401524,10.56284059,205.969885,13.96296862,0.6,0.007914922,2
1894.022569,65.56925106,1241.896414,807.1280681,31.91007561,18.45107186,55.37318828,-0.29305265,0.2,0.012748973,2
1878.53217,21.04872026,395.4069815,905.3249378,78.59591149,10.84336393,75.09971189,2.199801356,0.066666667,0.005264697,2
2450.124046,47.64120797,1167.268692,838.9273083,50.72527348,18.81547182,71.04120508,0.709585542,0.866666667,0.012549345,1
916.0249037,31.58869397,289.3603035,880.2303233,67.38364988,8.860616149,46.27140066,-0.288526143,0,0.005639302,1
1180.730614,44.36854737,523.8730218,805.4288205,53.62044051,11.07637526,48.12897535,-0.170706403,0.2,0.007507963,3
3804.259696,20.19996758,768.4592251,1023.561819,79.7276685,15.39680872,135.6435112,-0.89149344,1,0.005585892,3
3471.945162,59.37066119,2061.316799,724.7108264,38.37897254,19.62497037,83.42191951,-0.691715262,0.733333333,0.013740301,1
1432.337603,60.51361221,866.7592225,792.9093646,38.35720136,11.7882683,49.71192794,-0.065505524,0.133333333,0.006683527,2
